5 1
100 100
1 1 1 1 1 1 1 1 1 1 1 1 1 1 1 1 1 1 1 1 1 1 1 1 1 1 1 1 1 1 1 1 1 1 1 1 1 1 1 1 1 1 1 1 1 1 1 1 1 1 1 1 1 1 1 1 1 1 1 1 1 1 1 1 1 1 1 1 1 1 1 1 1 1 1 1 1 1 1 1 1 1 1 1 1 1 1 1 1 1 1 1 1 1 1 1 1 1 1 1
1 2 3 4 5 6 7 8 9 10 11 12 13 14 15 16 17 18 19 20 21 22 23 24 25 26 27 28 29 30 31 32 33 34 35 36 37 38 39 40 41 42 43 44 45 46 47 48 49 50 51 52 53 54 55 56 57 58 59 60 61 62 63 64 65 66 67 68 69 70 71 72 73 74 75 76 77 78 79 80 81 82 83 84 85 86 87 88 89 90 91 92 93 94 95 96 97 98 99 100
1 2 3 4 5 6 7 8 9 10 11 12 13 14 15 16 17 18 19 20 21 22 23 24 25 26 27 28 29 30 31 32 33 34 35 36 37 38 39 40 41 42 43 44 45 46 47 48 49 50 51 52 53 54 55 56 57 58 59 60 61 62 63 64 65 66 67 68 69 70 71 72 73 74 75 76 77 78 79 80 81 82 83 84 85 86 87 88 89 90 91 92 93 94 95 96 97 98 99 100
1 2 3 4 5 6 7 8 9 10 11 12 13 14 15 16 17 18 19 20 21 22 23 24 25 26 27 28 29 30 31 32 33 34 35 36 37 38 39 40 41 42 43 44 45 46 47 48 49 50 51 52 53 54 55 56 57 58 59 60 61 62 63 64 65 66 67 68 69 70 71 72 73 74 75 76 77 78 79 80 81 82 83 84 85 86 87 88 89 90 91 92 93 94 95 96 97 98 99 100
1 2 3 4 5 6 7 8 9 10 11 12 13 14 15 16 17 18 19 20 21 22 23 24 25 26 27 28 29 30 31 32 33 34 35 36 37 38 39 40 41 42 43 44 45 46 47 48 49 50 51 52 53 54 55 56 57 58 59 60 61 62 63 64 65 66 67 68 69 70 71 72 73 74 75 76 77 78 79 80 81 82 83 84 85 86 87 88 89 90 91 92 93 94 95 96 97 98 99 100
1 2 3 4 5 6 7 8 9 10 11 12 13 14 15 16 17 18 19 20 21 22 23 24 25 26 27 28 29 30 31 32 33 34 35 36 37 38 39 40 41 42 43 44 45 46 47 48 49 50 51 52 53 54 55 56 57 58 59 60 61 62 63 64 65 66 67 68 69 70 71 72 73 74 75 76 77 78 79 80 81 82 83 84 85 86 87 88 89 90 91 92 93 94 95 96 97 98 99 100
1 2 3 4 5 6 7 8 9 10 11 12 13 14 15 16 17 18 19 20 21 22 23 24 25 26 27 28 29 30 31 32 33 34 35 36 37 38 39 40 41 42 43 44 45 46 47 48 49 50 51 52 53 54 55 56 57 58 59 60 61 62 63 64 65 66 67 68 69 70 71 72 73 74 75 76 77 78 79 80 81 82 83 84 85 86 87 88 89 90 91 92 93 94 95 96 97 98 99 100
1 2 3 4 5 6 7 8 9 10 11 12 13 14 15 16 17 18 19 20 21 22 23 24 25 26 27 28 29 30 31 32 33 34 35 36 37 38 39 40 41 42 43 44 45 46 47 48 49 50 51 52 53 54 55 56 57 58 59 60 61 62 63 64 65 66 67 68 69 70 71 72 73 74 75 76 77 78 79 80 81 82 83 84 85 86 87 88 89 90 91 92 93 94 95 96 97 98 99 100
1 2 3 4 5 6 7 8 9 10 11 12 13 14 15 16 17 18 19 20 21 22 23 24 25 26 27 28 29 30 31 32 33 34 35 36 37 38 39 40 41 42 43 44 45 46 47 48 49 50 51 52 53 54 55 56 57 58 59 60 61 62 63 64 65 66 67 68 69 70 71 72 73 74 75 76 77 78 79 80 81 82 83 84 85 86 87 88 89 90 91 92 93 94 95 96 97 98 99 100
1 2 3 4 5 6 7 8 9 10 11 12 13 14 15 16 17 18 19 20 21 22 23 24 25 26 27 28 29 30 31 32 33 34 35 36 37 38 39 40 41 42 43 44 45 46 47 48 49 50 51 52 53 54 55 56 57 58 59 60 61 62 63 64 65 66 67 68 69 70 71 72 73 74 75 76 77 78 79 80 81 82 83 84 85 86 87 88 89 90 91 92 93 94 95 96 97 98 99 100
1 2 3 4 5 6 7 8 9 10 11 12 13 14 15 16 17 18 19 20 21 22 23 24 25 26 27 28 29 30 31 32 33 34 35 36 37 38 39 40 41 42 43 44 45 46 47 48 49 50 51 52 53 54 55 56 57 58 59 60 61 62 63 64 65 66 67 68 69 70 71 72 73 74 75 76 77 78 79 80 81 82 83 84 85 86 87 88 89 90 91 92 93 94 95 96 97 98 99 100
1 2 3 4 5 6 7 8 9 10 11 12 13 14 15 16 17 18 19 20 21 22 23 24 25 26 27 28 29 30 31 32 33 34 35 36 37 38 39 40 41 42 43 44 45 46 47 48 49 50 51 52 53 54 55 56 57 58 59 60 61 62 63 64 65 66 67 68 69 70 71 72 73 74 75 76 77 78 79 80 81 82 83 84 85 86 87 88 89 90 91 92 93 94 95 96 97 98 99 100
1 2 3 4 5 6 7 8 9 10 11 12 13 14 15 16 17 18 19 20 21 22 23 24 25 26 27 28 29 30 31 32 33 34 35 36 37 38 39 40 41 42 43 44 45 46 47 48 49 50 51 52 53 54 55 56 57 58 59 60 61 62 63 64 65 66 67 68 69 70 71 72 73 74 75 76 77 78 79 80 81 82 83 84 85 86 87 88 89 90 91 92 93 94 95 96 97 98 99 100
1 2 3 4 5 6 7 8 9 10 11 12 13 14 15 16 17 18 19 20 21 22 23 24 25 26 27 28 29 30 31 32 33 34 35 36 37 38 39 40 41 42 43 44 45 46 47 48 49 50 51 52 53 54 55 56 57 58 59 60 61 62 63 64 65 66 67 68 69 70 71 72 73 74 75 76 77 78 79 80 81 82 83 84 85 86 87 88 89 90 91 92 93 94 95 96 97 98 99 100
1 2 3 4 5 6 7 8 9 10 11 12 13 14 15 16 17 18 19 20 21 22 23 24 25 26 27 28 29 30 31 32 33 34 35 36 37 38 39 40 41 42 43 44 45 46 47 48 49 50 51 52 53 54 55 56 57 58 59 60 61 62 63 64 65 66 67 68 69 70 71 72 73 74 75 76 77 78 79 80 81 82 83 84 85 86 87 88 89 90 91 92 93 94 95 96 97 98 99 100
1 2 3 4 5 6 7 8 9 10 11 12 13 14 15 16 17 18 19 20 21 22 23 24 25 26 27 28 29 30 31 32 33 34 35 36 37 38 39 40 41 42 43 44 45 46 47 48 49 50 51 52 53 54 55 56 57 58 59 60 61 62 63 64 65 66 67 68 69 70 71 72 73 74 75 76 77 78 79 80 81 82 83 84 85 86 87 88 89 90 91 92 93 94 95 96 97 98 99 100
1 2 3 4 5 6 7 8 9 10 11 12 13 14 15 16 17 18 19 20 21 22 23 24 25 26 27 28 29 30 31 32 33 34 35 36 37 38 39 40 41 42 43 44 45 46 47 48 49 50 51 52 53 54 55 56 57 58 59 60 61 62 63 64 65 66 67 68 69 70 71 72 73 74 75 76 77 78 79 80 81 82 83 84 85 86 87 88 89 90 91 92 93 94 95 96 97 98 99 100
1 2 3 4 5 6 7 8 9 10 11 12 13 14 15 16 17 18 19 20 21 22 23 24 25 26 27 28 29 30 31 32 33 34 35 36 37 38 39 40 41 42 43 44 45 46 47 48 49 50 51 52 53 54 55 56 57 58 59 60 61 62 63 64 65 66 67 68 69 70 71 72 73 74 75 76 77 78 79 80 81 82 83 84 85 86 87 88 89 90 91 92 93 94 95 96 97 98 99 100
1 2 3 4 5 6 7 8 9 10 11 12 13 14 15 16 17 18 19 20 21 22 23 24 25 26 27 28 29 30 31 32 33 34 35 36 37 38 39 40 41 42 43 44 45 46 47 48 49 50 51 52 53 54 55 56 57 58 59 60 61 62 63 64 65 66 67 68 69 70 71 72 73 74 75 76 77 78 79 80 81 82 83 84 85 86 87 88 89 90 91 92 93 94 95 96 97 98 99 100
1 2 3 4 5 6 7 8 9 10 11 12 13 14 15 16 17 18 19 20 21 22 23 24 25 26 27 28 29 30 31 32 33 34 35 36 37 38 39 40 41 42 43 44 45 46 47 48 49 50 51 52 53 54 55 56 57 58 59 60 61 62 63 64 65 66 67 68 69 70 71 72 73 74 75 76 77 78 79 80 81 82 83 84 85 86 87 88 89 90 91 92 93 94 95 96 97 98 99 100
1 2 3 4 5 6 7 8 9 10 11 12 13 14 15 16 17 18 19 20 21 22 23 24 25 26 27 28 29 30 31 32 33 34 35 36 37 38 39 40 41 42 43 44 45 46 47 48 49 50 51 52 53 54 55 56 57 58 59 60 61 62 63 64 65 66 67 68 69 70 71 72 73 74 75 76 77 78 79 80 81 82 83 84 85 86 87 88 89 90 91 92 93 94 95 96 97 98 99 100
1 2 3 4 5 6 7 8 9 10 11 12 13 14 15 16 17 18 19 20 21 22 23 24 25 26 27 28 29 30 31 32 33 34 35 36 37 38 39 40 41 42 43 44 45 46 47 48 49 50 51 52 53 54 55 56 57 58 59 60 61 62 63 64 65 66 67 68 69 70 71 72 73 74 75 76 77 78 79 80 81 82 83 84 85 86 87 88 89 90 91 92 93 94 95 96 97 98 99 100
1 2 3 4 5 6 7 8 9 10 11 12 13 14 15 16 17 18 19 20 21 22 23 24 25 26 27 28 29 30 31 32 33 34 35 36 37 38 39 40 41 42 43 44 45 46 47 48 49 50 51 52 53 54 55 56 57 58 59 60 61 62 63 64 65 66 67 68 69 70 71 72 73 74 75 76 77 78 79 80 81 82 83 84 85 86 87 88 89 90 91 92 93 94 95 96 97 98 99 100
1 2 3 4 5 6 7 8 9 10 11 12 13 14 15 16 17 18 19 20 21 22 23 24 25 26 27 28 29 30 31 32 33 34 35 36 37 38 39 40 41 42 43 44 45 46 47 48 49 50 51 52 53 54 55 56 57 58 59 60 61 62 63 64 65 66 67 68 69 70 71 72 73 74 75 76 77 78 79 80 81 82 83 84 85 86 87 88 89 90 91 92 93 94 95 96 97 98 99 100
1 2 3 4 5 6 7 8 9 10 11 12 13 14 15 16 17 18 19 20 21 22 23 24 25 26 27 28 29 30 31 32 33 34 35 36 37 38 39 40 41 42 43 44 45 46 47 48 49 50 51 52 53 54 55 56 57 58 59 60 61 62 63 64 65 66 67 68 69 70 71 72 73 74 75 76 77 78 79 80 81 82 83 84 85 86 87 88 89 90 91 92 93 94 95 96 97 98 99 100
1 2 3 4 5 6 7 8 9 10 11 12 13 14 15 16 17 18 19 20 21 22 23 24 25 26 27 28 29 30 31 32 33 34 35 36 37 38 39 40 41 42 43 44 45 46 47 48 49 50 51 52 53 54 55 56 57 58 59 60 61 62 63 64 65 66 67 68 69 70 71 72 73 74 75 76 77 78 79 80 81 82 83 84 85 86 87 88 89 90 91 92 93 94 95 96 97 98 99 100
1 2 3 4 5 6 7 8 9 10 11 12 13 14 15 16 17 18 19 20 21 22 23 24 25 26 27 28 29 30 31 32 33 34 35 36 37 38 39 40 41 42 43 44 45 46 47 48 49 50 51 52 53 54 55 56 57 58 59 60 61 62 63 64 65 66 67 68 69 70 71 72 73 74 75 76 77 78 79 80 81 82 83 84 85 86 87 88 89 90 91 92 93 94 95 96 97 98 99 100
1 2 3 4 5 6 7 8 9 10 11 12 13 14 15 16 17 18 19 20 21 22 23 24 25 26 27 28 29 30 31 32 33 34 35 36 37 38 39 40 41 42 43 44 45 46 47 48 49 50 51 52 53 54 55 56 57 58 59 60 61 62 63 64 65 66 67 68 69 70 71 72 73 74 75 76 77 78 79 80 81 82 83 84 85 86 87 88 89 90 91 92 93 94 95 96 97 98 99 100
1 2 3 4 5 6 7 8 9 10 11 12 13 14 15 16 17 18 19 20 21 22 23 24 25 26 27 28 29 30 31 32 33 34 35 36 37 38 39 40 41 42 43 44 45 46 47 48 49 50 51 52 53 54 55 56 57 58 59 60 61 62 63 64 65 66 67 68 69 70 71 72 73 74 75 76 77 78 79 80 81 82 83 84 85 86 87 88 89 90 91 92 93 94 95 96 97 98 99 100
1 2 3 4 5 6 7 8 9 10 11 12 13 14 15 16 17 18 19 20 21 22 23 24 25 26 27 28 29 30 31 32 33 34 35 36 37 38 39 40 41 42 43 44 45 46 47 48 49 50 51 52 53 54 55 56 57 58 59 60 61 62 63 64 65 66 67 68 69 70 71 72 73 74 75 76 77 78 79 80 81 82 83 84 85 86 87 88 89 90 91 92 93 94 95 96 97 98 99 100
1 2 3 4 5 6 7 8 9 10 11 12 13 14 15 16 17 18 19 20 21 22 23 24 25 26 27 28 29 30 31 32 33 34 35 36 37 38 39 40 41 42 43 44 45 46 47 48 49 50 51 52 53 54 55 56 57 58 59 60 61 62 63 64 65 66 67 68 69 70 71 72 73 74 75 76 77 78 79 80 81 82 83 84 85 86 87 88 89 90 91 92 93 94 95 96 97 98 99 100
1 2 3 4 5 6 7 8 9 10 11 12 13 14 15 16 17 18 19 20 21 22 23 24 25 26 27 28 29 30 31 32 33 34 35 36 37 38 39 40 41 42 43 44 45 46 47 48 49 50 51 52 53 54 55 56 57 58 59 60 61 62 63 64 65 66 67 68 69 70 71 72 73 74 75 76 77 78 79 80 81 82 83 84 85 86 87 88 89 90 91 92 93 94 95 96 97 98 99 100
1 2 3 4 5 6 7 8 9 10 11 12 13 14 15 16 17 18 19 20 21 22 23 24 25 26 27 28 29 30 31 32 33 34 35 36 37 38 39 40 41 42 43 44 45 46 47 48 49 50 51 52 53 54 55 56 57 58 59 60 61 62 63 64 65 66 67 68 69 70 71 72 73 74 75 76 77 78 79 80 81 82 83 84 85 86 87 88 89 90 91 92 93 94 95 96 97 98 99 100
1 2 3 4 5 6 7 8 9 10 11 12 13 14 15 16 17 18 19 20 21 22 23 24 25 26 27 28 29 30 31 32 33 34 35 36 37 38 39 40 41 42 43 44 45 46 47 48 49 50 51 52 53 54 55 56 57 58 59 60 61 62 63 64 65 66 67 68 69 70 71 72 73 74 75 76 77 78 79 80 81 82 83 84 85 86 87 88 89 90 91 92 93 94 95 96 97 98 99 100
1 2 3 4 5 6 7 8 9 10 11 12 13 14 15 16 17 18 19 20 21 22 23 24 25 26 27 28 29 30 31 32 33 34 35 36 37 38 39 40 41 42 43 44 45 46 47 48 49 50 51 52 53 54 55 56 57 58 59 60 61 62 63 64 65 66 67 68 69 70 71 72 73 74 75 76 77 78 79 80 81 82 83 84 85 86 87 88 89 90 91 92 93 94 95 96 97 98 99 100
1 2 3 4 5 6 7 8 9 10 11 12 13 14 15 16 17 18 19 20 21 22 23 24 25 26 27 28 29 30 31 32 33 34 35 36 37 38 39 40 41 42 43 44 45 46 47 48 49 50 51 52 53 54 55 56 57 58 59 60 61 62 63 64 65 66 67 68 69 70 71 72 73 74 75 76 77 78 79 80 81 82 83 84 85 86 87 88 89 90 91 92 93 94 95 96 97 98 99 100
1 2 3 4 5 6 7 8 9 10 11 12 13 14 15 16 17 18 19 20 21 22 23 24 25 26 27 28 29 30 31 32 33 34 35 36 37 38 39 40 41 42 43 44 45 46 47 48 49 50 51 52 53 54 55 56 57 58 59 60 61 62 63 64 65 66 67 68 69 70 71 72 73 74 75 76 77 78 79 80 81 82 83 84 85 86 87 88 89 90 91 92 93 94 95 96 97 98 99 100
1 2 3 4 5 6 7 8 9 10 11 12 13 14 15 16 17 18 19 20 21 22 23 24 25 26 27 28 29 30 31 32 33 34 35 36 37 38 39 40 41 42 43 44 45 46 47 48 49 50 51 52 53 54 55 56 57 58 59 60 61 62 63 64 65 66 67 68 69 70 71 72 73 74 75 76 77 78 79 80 81 82 83 84 85 86 87 88 89 90 91 92 93 94 95 96 97 98 99 100
1 2 3 4 5 6 7 8 9 10 11 12 13 14 15 16 17 18 19 20 21 22 23 24 25 26 27 28 29 30 31 32 33 34 35 36 37 38 39 40 41 42 43 44 45 46 47 48 49 50 51 52 53 54 55 56 57 58 59 60 61 62 63 64 65 66 67 68 69 70 71 72 73 74 75 76 77 78 79 80 81 82 83 84 85 86 87 88 89 90 91 92 93 94 95 96 97 98 99 100
1 2 3 4 5 6 7 8 9 10 11 12 13 14 15 16 17 18 19 20 21 22 23 24 25 26 27 28 29 30 31 32 33 34 35 36 37 38 39 40 41 42 43 44 45 46 47 48 49 50 51 52 53 54 55 56 57 58 59 60 61 62 63 64 65 66 67 68 69 70 71 72 73 74 75 76 77 78 79 80 81 82 83 84 85 86 87 88 89 90 91 92 93 94 95 96 97 98 99 100
1 2 3 4 5 6 7 8 9 10 11 12 13 14 15 16 17 18 19 20 21 22 23 24 25 26 27 28 29 30 31 32 33 34 35 36 37 38 39 40 41 42 43 44 45 46 47 48 49 50 51 52 53 54 55 56 57 58 59 60 61 62 63 64 65 66 67 68 69 70 71 72 73 74 75 76 77 78 79 80 81 82 83 84 85 86 87 88 89 90 91 92 93 94 95 96 97 98 99 100
1 2 3 4 5 6 7 8 9 10 11 12 13 14 15 16 17 18 19 20 21 22 23 24 25 26 27 28 29 30 31 32 33 34 35 36 37 38 39 40 41 42 43 44 45 46 47 48 49 50 51 52 53 54 55 56 57 58 59 60 61 62 63 64 65 66 67 68 69 70 71 72 73 74 75 76 77 78 79 80 81 82 83 84 85 86 87 88 89 90 91 92 93 94 95 96 97 98 99 100
1 2 3 4 5 6 7 8 9 10 11 12 13 14 15 16 17 18 19 20 21 22 23 24 25 26 27 28 29 30 31 32 33 34 35 36 37 38 39 40 41 42 43 44 45 46 47 48 49 50 51 52 53 54 55 56 57 58 59 60 61 62 63 64 65 66 67 68 69 70 71 72 73 74 75 76 77 78 79 80 81 82 83 84 85 86 87 88 89 90 91 92 93 94 95 96 97 98 99 100
1 2 3 4 5 6 7 8 9 10 11 12 13 14 15 16 17 18 19 20 21 22 23 24 25 26 27 28 29 30 31 32 33 34 35 36 37 38 39 40 41 42 43 44 45 46 47 48 49 50 51 52 53 54 55 56 57 58 59 60 61 62 63 64 65 66 67 68 69 70 71 72 73 74 75 76 77 78 79 80 81 82 83 84 85 86 87 88 89 90 91 92 93 94 95 96 97 98 99 100
1 2 3 4 5 6 7 8 9 10 11 12 13 14 15 16 17 18 19 20 21 22 23 24 25 26 27 28 29 30 31 32 33 34 35 36 37 38 39 40 41 42 43 44 45 46 47 48 49 50 51 52 53 54 55 56 57 58 59 60 61 62 63 64 65 66 67 68 69 70 71 72 73 74 75 76 77 78 79 80 81 82 83 84 85 86 87 88 89 90 91 92 93 94 95 96 97 98 99 100
1 2 3 4 5 6 7 8 9 10 11 12 13 14 15 16 17 18 19 20 21 22 23 24 25 26 27 28 29 30 31 32 33 34 35 36 37 38 39 40 41 42 43 44 45 46 47 48 49 50 51 52 53 54 55 56 57 58 59 60 61 62 63 64 65 66 67 68 69 70 71 72 73 74 75 76 77 78 79 80 81 82 83 84 85 86 87 88 89 90 91 92 93 94 95 96 97 98 99 100
1 2 3 4 5 6 7 8 9 10 11 12 13 14 15 16 17 18 19 20 21 22 23 24 25 26 27 28 29 30 31 32 33 34 35 36 37 38 39 40 41 42 43 44 45 46 47 48 49 50 51 52 53 54 55 56 57 58 59 60 61 62 63 64 65 66 67 68 69 70 71 72 73 74 75 76 77 78 79 80 81 82 83 84 85 86 87 88 89 90 91 92 93 94 95 96 97 98 99 100
1 2 3 4 5 6 7 8 9 10 11 12 13 14 15 16 17 18 19 20 21 22 23 24 25 26 27 28 29 30 31 32 33 34 35 36 37 38 39 40 41 42 43 44 45 46 47 48 49 50 51 52 53 54 55 56 57 58 59 60 61 62 63 64 65 66 67 68 69 70 71 72 73 74 75 76 77 78 79 80 81 82 83 84 85 86 87 88 89 90 91 92 93 94 95 96 97 98 99 100
1 2 3 4 5 6 7 8 9 10 11 12 13 14 15 16 17 18 19 20 21 22 23 24 25 26 27 28 29 30 31 32 33 34 35 36 37 38 39 40 41 42 43 44 45 46 47 48 49 50 51 52 53 54 55 56 57 58 59 60 61 62 63 64 65 66 67 68 69 70 71 72 73 74 75 76 77 78 79 80 81 82 83 84 85 86 87 88 89 90 91 92 93 94 95 96 97 98 99 100
1 2 3 4 5 6 7 8 9 10 11 12 13 14 15 16 17 18 19 20 21 22 23 24 25 26 27 28 29 30 31 32 33 34 35 36 37 38 39 40 41 42 43 44 45 46 47 48 49 50 51 52 53 54 55 56 57 58 59 60 61 62 63 64 65 66 67 68 69 70 71 72 73 74 75 76 77 78 79 80 81 82 83 84 85 86 87 88 89 90 91 92 93 94 95 96 97 98 99 100
1 2 3 4 5 6 7 8 9 10 11 12 13 14 15 16 17 18 19 20 21 22 23 24 25 26 27 28 29 30 31 32 33 34 35 36 37 38 39 40 41 42 43 44 45 46 47 48 49 50 51 52 53 54 55 56 57 58 59 60 61 62 63 64 65 66 67 68 69 70 71 72 73 74 75 76 77 78 79 80 81 82 83 84 85 86 87 88 89 90 91 92 93 94 95 96 97 98 99 100
1 2 3 4 5 6 7 8 9 10 11 12 13 14 15 16 17 18 19 20 21 22 23 24 25 26 27 28 29 30 31 32 33 34 35 36 37 38 39 40 41 42 43 44 45 46 47 48 49 50 51 52 53 54 55 56 57 58 59 60 61 62 63 64 65 66 67 68 69 70 71 72 73 74 75 76 77 78 79 80 81 82 83 84 85 86 87 88 89 90 91 92 93 94 95 96 97 98 99 100
1 2 3 4 5 6 7 8 9 10 11 12 13 14 15 16 17 18 19 20 21 22 23 24 25 26 27 28 29 30 31 32 33 34 35 36 37 38 39 40 41 42 43 44 45 46 47 48 49 50 51 52 53 54 55 56 57 58 59 60 61 62 63 64 65 66 67 68 69 70 71 72 73 74 75 76 77 78 79 80 81 82 83 84 85 86 87 88 89 90 91 92 93 94 95 96 97 98 99 100
1 2 3 4 5 6 7 8 9 10 11 12 13 14 15 16 17 18 19 20 21 22 23 24 25 26 27 28 29 30 31 32 33 34 35 36 37 38 39 40 41 42 43 44 45 46 47 48 49 50 51 52 53 54 55 56 57 58 59 60 61 62 63 64 65 66 67 68 69 70 71 72 73 74 75 76 77 78 79 80 81 82 83 84 85 86 87 88 89 90 91 92 93 94 95 96 97 98 99 100
1 2 3 4 5 6 7 8 9 10 11 12 13 14 15 16 17 18 19 20 21 22 23 24 25 26 27 28 29 30 31 32 33 34 35 36 37 38 39 40 41 42 43 44 45 46 47 48 49 50 51 52 53 54 55 56 57 58 59 60 61 62 63 64 65 66 67 68 69 70 71 72 73 74 75 76 77 78 79 80 81 82 83 84 85 86 87 88 89 90 91 92 93 94 95 96 97 98 99 100
1 2 3 4 5 6 7 8 9 10 11 12 13 14 15 16 17 18 19 20 21 22 23 24 25 26 27 28 29 30 31 32 33 34 35 36 37 38 39 40 41 42 43 44 45 46 47 48 49 50 51 52 53 54 55 56 57 58 59 60 61 62 63 64 65 66 67 68 69 70 71 72 73 74 75 76 77 78 79 80 81 82 83 84 85 86 87 88 89 90 91 92 93 94 95 96 97 98 99 100
1 2 3 4 5 6 7 8 9 10 11 12 13 14 15 16 17 18 19 20 21 22 23 24 25 26 27 28 29 30 31 32 33 34 35 36 37 38 39 40 41 42 43 44 45 46 47 48 49 50 51 52 53 54 55 56 57 58 59 60 61 62 63 64 65 66 67 68 69 70 71 72 73 74 75 76 77 78 79 80 81 82 83 84 85 86 87 88 89 90 91 92 93 94 95 96 97 98 99 100
1 2 3 4 5 6 7 8 9 10 11 12 13 14 15 16 17 18 19 20 21 22 23 24 25 26 27 28 29 30 31 32 33 34 35 36 37 38 39 40 41 42 43 44 45 46 47 48 49 50 51 52 53 54 55 56 57 58 59 60 61 62 63 64 65 66 67 68 69 70 71 72 73 74 75 76 77 78 79 80 81 82 83 84 85 86 87 88 89 90 91 92 93 94 95 96 97 98 99 100
1 2 3 4 5 6 7 8 9 10 11 12 13 14 15 16 17 18 19 20 21 22 23 24 25 26 27 28 29 30 31 32 33 34 35 36 37 38 39 40 41 42 43 44 45 46 47 48 49 50 51 52 53 54 55 56 57 58 59 60 61 62 63 64 65 66 67 68 69 70 71 72 73 74 75 76 77 78 79 80 81 82 83 84 85 86 87 88 89 90 91 92 93 94 95 96 97 98 99 100
1 2 3 4 5 6 7 8 9 10 11 12 13 14 15 16 17 18 19 20 21 22 23 24 25 26 27 28 29 30 31 32 33 34 35 36 37 38 39 40 41 42 43 44 45 46 47 48 49 50 51 52 53 54 55 56 57 58 59 60 61 62 63 64 65 66 67 68 69 70 71 72 73 74 75 76 77 78 79 80 81 82 83 84 85 86 87 88 89 90 91 92 93 94 95 96 97 98 99 100
1 2 3 4 5 6 7 8 9 10 11 12 13 14 15 16 17 18 19 20 21 22 23 24 25 26 27 28 29 30 31 32 33 34 35 36 37 38 39 40 41 42 43 44 45 46 47 48 49 50 51 52 53 54 55 56 57 58 59 60 61 62 63 64 65 66 67 68 69 70 71 72 73 74 75 76 77 78 79 80 81 82 83 84 85 86 87 88 89 90 91 92 93 94 95 96 97 98 99 100
1 2 3 4 5 6 7 8 9 10 11 12 13 14 15 16 17 18 19 20 21 22 23 24 25 26 27 28 29 30 31 32 33 34 35 36 37 38 39 40 41 42 43 44 45 46 47 48 49 50 51 52 53 54 55 56 57 58 59 60 61 62 63 64 65 66 67 68 69 70 71 72 73 74 75 76 77 78 79 80 81 82 83 84 85 86 87 88 89 90 91 92 93 94 95 96 97 98 99 100
1 2 3 4 5 6 7 8 9 10 11 12 13 14 15 16 17 18 19 20 21 22 23 24 25 26 27 28 29 30 31 32 33 34 35 36 37 38 39 40 41 42 43 44 45 46 47 48 49 50 51 52 53 54 55 56 57 58 59 60 61 62 63 64 65 66 67 68 69 70 71 72 73 74 75 76 77 78 79 80 81 82 83 84 85 86 87 88 89 90 91 92 93 94 95 96 97 98 99 100
1 2 3 4 5 6 7 8 9 10 11 12 13 14 15 16 17 18 19 20 21 22 23 24 25 26 27 28 29 30 31 32 33 34 35 36 37 38 39 40 41 42 43 44 45 46 47 48 49 50 51 52 53 54 55 56 57 58 59 60 61 62 63 64 65 66 67 68 69 70 71 72 73 74 75 76 77 78 79 80 81 82 83 84 85 86 87 88 89 90 91 92 93 94 95 96 97 98 99 100
1 2 3 4 5 6 7 8 9 10 11 12 13 14 15 16 17 18 19 20 21 22 23 24 25 26 27 28 29 30 31 32 33 34 35 36 37 38 39 40 41 42 43 44 45 46 47 48 49 50 51 52 53 54 55 56 57 58 59 60 61 62 63 64 65 66 67 68 69 70 71 72 73 74 75 76 77 78 79 80 81 82 83 84 85 86 87 88 89 90 91 92 93 94 95 96 97 98 99 100
1 2 3 4 5 6 7 8 9 10 11 12 13 14 15 16 17 18 19 20 21 22 23 24 25 26 27 28 29 30 31 32 33 34 35 36 37 38 39 40 41 42 43 44 45 46 47 48 49 50 51 52 53 54 55 56 57 58 59 60 61 62 63 64 65 66 67 68 69 70 71 72 73 74 75 76 77 78 79 80 81 82 83 84 85 86 87 88 89 90 91 92 93 94 95 96 97 98 99 100
1 2 3 4 5 6 7 8 9 10 11 12 13 14 15 16 17 18 19 20 21 22 23 24 25 26 27 28 29 30 31 32 33 34 35 36 37 38 39 40 41 42 43 44 45 46 47 48 49 50 51 52 53 54 55 56 57 58 59 60 61 62 63 64 65 66 67 68 69 70 71 72 73 74 75 76 77 78 79 80 81 82 83 84 85 86 87 88 89 90 91 92 93 94 95 96 97 98 99 100
1 2 3 4 5 6 7 8 9 10 11 12 13 14 15 16 17 18 19 20 21 22 23 24 25 26 27 28 29 30 31 32 33 34 35 36 37 38 39 40 41 42 43 44 45 46 47 48 49 50 51 52 53 54 55 56 57 58 59 60 61 62 63 64 65 66 67 68 69 70 71 72 73 74 75 76 77 78 79 80 81 82 83 84 85 86 87 88 89 90 91 92 93 94 95 96 97 98 99 100
1 2 3 4 5 6 7 8 9 10 11 12 13 14 15 16 17 18 19 20 21 22 23 24 25 26 27 28 29 30 31 32 33 34 35 36 37 38 39 40 41 42 43 44 45 46 47 48 49 50 51 52 53 54 55 56 57 58 59 60 61 62 63 64 65 66 67 68 69 70 71 72 73 74 75 76 77 78 79 80 81 82 83 84 85 86 87 88 89 90 91 92 93 94 95 96 97 98 99 100
1 2 3 4 5 6 7 8 9 10 11 12 13 14 15 16 17 18 19 20 21 22 23 24 25 26 27 28 29 30 31 32 33 34 35 36 37 38 39 40 41 42 43 44 45 46 47 48 49 50 51 52 53 54 55 56 57 58 59 60 61 62 63 64 65 66 67 68 69 70 71 72 73 74 75 76 77 78 79 80 81 82 83 84 85 86 87 88 89 90 91 92 93 94 95 96 97 98 99 100
1 2 3 4 5 6 7 8 9 10 11 12 13 14 15 16 17 18 19 20 21 22 23 24 25 26 27 28 29 30 31 32 33 34 35 36 37 38 39 40 41 42 43 44 45 46 47 48 49 50 51 52 53 54 55 56 57 58 59 60 61 62 63 64 65 66 67 68 69 70 71 72 73 74 75 76 77 78 79 80 81 82 83 84 85 86 87 88 89 90 91 92 93 94 95 96 97 98 99 100
1 2 3 4 5 6 7 8 9 10 11 12 13 14 15 16 17 18 19 20 21 22 23 24 25 26 27 28 29 30 31 32 33 34 35 36 37 38 39 40 41 42 43 44 45 46 47 48 49 50 51 52 53 54 55 56 57 58 59 60 61 62 63 64 65 66 67 68 69 70 71 72 73 74 75 76 77 78 79 80 81 82 83 84 85 86 87 88 89 90 91 92 93 94 95 96 97 98 99 100
1 2 3 4 5 6 7 8 9 10 11 12 13 14 15 16 17 18 19 20 21 22 23 24 25 26 27 28 29 30 31 32 33 34 35 36 37 38 39 40 41 42 43 44 45 46 47 48 49 50 51 52 53 54 55 56 57 58 59 60 61 62 63 64 65 66 67 68 69 70 71 72 73 74 75 76 77 78 79 80 81 82 83 84 85 86 87 88 89 90 91 92 93 94 95 96 97 98 99 100
1 2 3 4 5 6 7 8 9 10 11 12 13 14 15 16 17 18 19 20 21 22 23 24 25 26 27 28 29 30 31 32 33 34 35 36 37 38 39 40 41 42 43 44 45 46 47 48 49 50 51 52 53 54 55 56 57 58 59 60 61 62 63 64 65 66 67 68 69 70 71 72 73 74 75 76 77 78 79 80 81 82 83 84 85 86 87 88 89 90 91 92 93 94 95 96 97 98 99 100
1 2 3 4 5 6 7 8 9 10 11 12 13 14 15 16 17 18 19 20 21 22 23 24 25 26 27 28 29 30 31 32 33 34 35 36 37 38 39 40 41 42 43 44 45 46 47 48 49 50 51 52 53 54 55 56 57 58 59 60 61 62 63 64 65 66 67 68 69 70 71 72 73 74 75 76 77 78 79 80 81 82 83 84 85 86 87 88 89 90 91 92 93 94 95 96 97 98 99 100
1 2 3 4 5 6 7 8 9 10 11 12 13 14 15 16 17 18 19 20 21 22 23 24 25 26 27 28 29 30 31 32 33 34 35 36 37 38 39 40 41 42 43 44 45 46 47 48 49 50 51 52 53 54 55 56 57 58 59 60 61 62 63 64 65 66 67 68 69 70 71 72 73 74 75 76 77 78 79 80 81 82 83 84 85 86 87 88 89 90 91 92 93 94 95 96 97 98 99 100
1 2 3 4 5 6 7 8 9 10 11 12 13 14 15 16 17 18 19 20 21 22 23 24 25 26 27 28 29 30 31 32 33 34 35 36 37 38 39 40 41 42 43 44 45 46 47 48 49 50 51 52 53 54 55 56 57 58 59 60 61 62 63 64 65 66 67 68 69 70 71 72 73 74 75 76 77 78 79 80 81 82 83 84 85 86 87 88 89 90 91 92 93 94 95 96 97 98 99 100
1 2 3 4 5 6 7 8 9 10 11 12 13 14 15 16 17 18 19 20 21 22 23 24 25 26 27 28 29 30 31 32 33 34 35 36 37 38 39 40 41 42 43 44 45 46 47 48 49 50 51 52 53 54 55 56 57 58 59 60 61 62 63 64 65 66 67 68 69 70 71 72 73 74 75 76 77 78 79 80 81 82 83 84 85 86 87 88 89 90 91 92 93 94 95 96 97 98 99 100
1 2 3 4 5 6 7 8 9 10 11 12 13 14 15 16 17 18 19 20 21 22 23 24 25 26 27 28 29 30 31 32 33 34 35 36 37 38 39 40 41 42 43 44 45 46 47 48 49 50 51 52 53 54 55 56 57 58 59 60 61 62 63 64 65 66 67 68 69 70 71 72 73 74 75 76 77 78 79 80 81 82 83 84 85 86 87 88 89 90 91 92 93 94 95 96 97 98 99 100
1 2 3 4 5 6 7 8 9 10 11 12 13 14 15 16 17 18 19 20 21 22 23 24 25 26 27 28 29 30 31 32 33 34 35 36 37 38 39 40 41 42 43 44 45 46 47 48 49 50 51 52 53 54 55 56 57 58 59 60 61 62 63 64 65 66 67 68 69 70 71 72 73 74 75 76 77 78 79 80 81 82 83 84 85 86 87 88 89 90 91 92 93 94 95 96 97 98 99 100
1 2 3 4 5 6 7 8 9 10 11 12 13 14 15 16 17 18 19 20 21 22 23 24 25 26 27 28 29 30 31 32 33 34 35 36 37 38 39 40 41 42 43 44 45 46 47 48 49 50 51 52 53 54 55 56 57 58 59 60 61 62 63 64 65 66 67 68 69 70 71 72 73 74 75 76 77 78 79 80 81 82 83 84 85 86 87 88 89 90 91 92 93 94 95 96 97 98 99 100
1 2 3 4 5 6 7 8 9 10 11 12 13 14 15 16 17 18 19 20 21 22 23 24 25 26 27 28 29 30 31 32 33 34 35 36 37 38 39 40 41 42 43 44 45 46 47 48 49 50 51 52 53 54 55 56 57 58 59 60 61 62 63 64 65 66 67 68 69 70 71 72 73 74 75 76 77 78 79 80 81 82 83 84 85 86 87 88 89 90 91 92 93 94 95 96 97 98 99 100
1 2 3 4 5 6 7 8 9 10 11 12 13 14 15 16 17 18 19 20 21 22 23 24 25 26 27 28 29 30 31 32 33 34 35 36 37 38 39 40 41 42 43 44 45 46 47 48 49 50 51 52 53 54 55 56 57 58 59 60 61 62 63 64 65 66 67 68 69 70 71 72 73 74 75 76 77 78 79 80 81 82 83 84 85 86 87 88 89 90 91 92 93 94 95 96 97 98 99 100
1 2 3 4 5 6 7 8 9 10 11 12 13 14 15 16 17 18 19 20 21 22 23 24 25 26 27 28 29 30 31 32 33 34 35 36 37 38 39 40 41 42 43 44 45 46 47 48 49 50 51 52 53 54 55 56 57 58 59 60 61 62 63 64 65 66 67 68 69 70 71 72 73 74 75 76 77 78 79 80 81 82 83 84 85 86 87 88 89 90 91 92 93 94 95 96 97 98 99 100
1 2 3 4 5 6 7 8 9 10 11 12 13 14 15 16 17 18 19 20 21 22 23 24 25 26 27 28 29 30 31 32 33 34 35 36 37 38 39 40 41 42 43 44 45 46 47 48 49 50 51 52 53 54 55 56 57 58 59 60 61 62 63 64 65 66 67 68 69 70 71 72 73 74 75 76 77 78 79 80 81 82 83 84 85 86 87 88 89 90 91 92 93 94 95 96 97 98 99 100
1 2 3 4 5 6 7 8 9 10 11 12 13 14 15 16 17 18 19 20 21 22 23 24 25 26 27 28 29 30 31 32 33 34 35 36 37 38 39 40 41 42 43 44 45 46 47 48 49 50 51 52 53 54 55 56 57 58 59 60 61 62 63 64 65 66 67 68 69 70 71 72 73 74 75 76 77 78 79 80 81 82 83 84 85 86 87 88 89 90 91 92 93 94 95 96 97 98 99 100
1 2 3 4 5 6 7 8 9 10 11 12 13 14 15 16 17 18 19 20 21 22 23 24 25 26 27 28 29 30 31 32 33 34 35 36 37 38 39 40 41 42 43 44 45 46 47 48 49 50 51 52 53 54 55 56 57 58 59 60 61 62 63 64 65 66 67 68 69 70 71 72 73 74 75 76 77 78 79 80 81 82 83 84 85 86 87 88 89 90 91 92 93 94 95 96 97 98 99 100
1 2 3 4 5 6 7 8 9 10 11 12 13 14 15 16 17 18 19 20 21 22 23 24 25 26 27 28 29 30 31 32 33 34 35 36 37 38 39 40 41 42 43 44 45 46 47 48 49 50 51 52 53 54 55 56 57 58 59 60 61 62 63 64 65 66 67 68 69 70 71 72 73 74 75 76 77 78 79 80 81 82 83 84 85 86 87 88 89 90 91 92 93 94 95 96 97 98 99 100
1 2 3 4 5 6 7 8 9 10 11 12 13 14 15 16 17 18 19 20 21 22 23 24 25 26 27 28 29 30 31 32 33 34 35 36 37 38 39 40 41 42 43 44 45 46 47 48 49 50 51 52 53 54 55 56 57 58 59 60 61 62 63 64 65 66 67 68 69 70 71 72 73 74 75 76 77 78 79 80 81 82 83 84 85 86 87 88 89 90 91 92 93 94 95 96 97 98 99 100
1 2 3 4 5 6 7 8 9 10 11 12 13 14 15 16 17 18 19 20 21 22 23 24 25 26 27 28 29 30 31 32 33 34 35 36 37 38 39 40 41 42 43 44 45 46 47 48 49 50 51 52 53 54 55 56 57 58 59 60 61 62 63 64 65 66 67 68 69 70 71 72 73 74 75 76 77 78 79 80 81 82 83 84 85 86 87 88 89 90 91 92 93 94 95 96 97 98 99 100
1 2 3 4 5 6 7 8 9 10 11 12 13 14 15 16 17 18 19 20 21 22 23 24 25 26 27 28 29 30 31 32 33 34 35 36 37 38 39 40 41 42 43 44 45 46 47 48 49 50 51 52 53 54 55 56 57 58 59 60 61 62 63 64 65 66 67 68 69 70 71 72 73 74 75 76 77 78 79 80 81 82 83 84 85 86 87 88 89 90 91 92 93 94 95 96 97 98 99 100
1 2 3 4 5 6 7 8 9 10 11 12 13 14 15 16 17 18 19 20 21 22 23 24 25 26 27 28 29 30 31 32 33 34 35 36 37 38 39 40 41 42 43 44 45 46 47 48 49 50 51 52 53 54 55 56 57 58 59 60 61 62 63 64 65 66 67 68 69 70 71 72 73 74 75 76 77 78 79 80 81 82 83 84 85 86 87 88 89 90 91 92 93 94 95 96 97 98 99 100
1 2 3 4 5 6 7 8 9 10 11 12 13 14 15 16 17 18 19 20 21 22 23 24 25 26 27 28 29 30 31 32 33 34 35 36 37 38 39 40 41 42 43 44 45 46 47 48 49 50 51 52 53 54 55 56 57 58 59 60 61 62 63 64 65 66 67 68 69 70 71 72 73 74 75 76 77 78 79 80 81 82 83 84 85 86 87 88 89 90 91 92 93 94 95 96 97 98 99 100
1 2 3 4 5 6 7 8 9 10 11 12 13 14 15 16 17 18 19 20 21 22 23 24 25 26 27 28 29 30 31 32 33 34 35 36 37 38 39 40 41 42 43 44 45 46 47 48 49 50 51 52 53 54 55 56 57 58 59 60 61 62 63 64 65 66 67 68 69 70 71 72 73 74 75 76 77 78 79 80 81 82 83 84 85 86 87 88 89 90 91 92 93 94 95 96 97 98 99 100
1 2 3 4 5 6 7 8 9 10 11 12 13 14 15 16 17 18 19 20 21 22 23 24 25 26 27 28 29 30 31 32 33 34 35 36 37 38 39 40 41 42 43 44 45 46 47 48 49 50 51 52 53 54 55 56 57 58 59 60 61 62 63 64 65 66 67 68 69 70 71 72 73 74 75 76 77 78 79 80 81 82 83 84 85 86 87 88 89 90 91 92 93 94 95 96 97 98 99 100
1 2 3 4 5 6 7 8 9 10 11 12 13 14 15 16 17 18 19 20 21 22 23 24 25 26 27 28 29 30 31 32 33 34 35 36 37 38 39 40 41 42 43 44 45 46 47 48 49 50 51 52 53 54 55 56 57 58 59 60 61 62 63 64 65 66 67 68 69 70 71 72 73 74 75 76 77 78 79 80 81 82 83 84 85 86 87 88 89 90 91 92 93 94 95 96 97 98 99 100
1 2 3 4 5 6 7 8 9 10 11 12 13 14 15 16 17 18 19 20 21 22 23 24 25 26 27 28 29 30 31 32 33 34 35 36 37 38 39 40 41 42 43 44 45 46 47 48 49 50 51 52 53 54 55 56 57 58 59 60 61 62 63 64 65 66 67 68 69 70 71 72 73 74 75 76 77 78 79 80 81 82 83 84 85 86 87 88 89 90 91 92 93 94 95 96 97 98 99 100
1 2 3 4 5 6 7 8 9 10 11 12 13 14 15 16 17 18 19 20 21 22 23 24 25 26 27 28 29 30 31 32 33 34 35 36 37 38 39 40 41 42 43 44 45 46 47 48 49 50 51 52 53 54 55 56 57 58 59 60 61 62 63 64 65 66 67 68 69 70 71 72 73 74 75 76 77 78 79 80 81 82 83 84 85 86 87 88 89 90 91 92 93 94 95 96 97 98 99 100
1 2 3 4 5 6 7 8 9 10 11 12 13 14 15 16 17 18 19 20 21 22 23 24 25 26 27 28 29 30 31 32 33 34 35 36 37 38 39 40 41 42 43 44 45 46 47 48 49 50 51 52 53 54 55 56 57 58 59 60 61 62 63 64 65 66 67 68 69 70 71 72 73 74 75 76 77 78 79 80 81 82 83 84 85 86 87 88 89 90 91 92 93 94 95 96 97 98 99 100
1 2 3 4 5 6 7 8 9 10 11 12 13 14 15 16 17 18 19 20 21 22 23 24 25 26 27 28 29 30 31 32 33 34 35 36 37 38 39 40 41 42 43 44 45 46 47 48 49 50 51 52 53 54 55 56 57 58 59 60 61 62 63 64 65 66 67 68 69 70 71 72 73 74 75 76 77 78 79 80 81 82 83 84 85 86 87 88 89 90 91 92 93 94 95 96 97 98 99 100
1 2 3 4 5 6 7 8 9 10 11 12 13 14 15 16 17 18 19 20 21 22 23 24 25 26 27 28 29 30 31 32 33 34 35 36 37 38 39 40 41 42 43 44 45 46 47 48 49 50 51 52 53 54 55 56 57 58 59 60 61 62 63 64 65 66 67 68 69 70 71 72 73 74 75 76 77 78 79 80 81 82 83 84 85 86 87 88 89 90 91 92 93 94 95 96 97 98 99 100
1 1 1 2 1 1 1 1 2 1 1 1 1 1 1 1 1 1 2 2 1 1 1 1 1 1 1 1 2 1 1 2 2 1 1 2 2 2 1 1 2 1 1 1 1 1 1 1 1 1 1 1 2 1 2 1 2 2 1 1 2 1 1 1 1 2 1 1 2 1 1 1 2 1 1 1 1 2 1 1 1 1 2 2 1 1 1 2 2 1 2 2 1 1 2 1 1 2 2 2
96 96
1 1 1 1 1 1 1 1 1 1 1 1 1 1 1 1 1 1 1 1 1 1 1 1 1 1 1 1 1 1 1 1 1 1 1 1 1 1 1 1 1 1 1 1 1 1 1 1 1 1 1 1 1 1 1 1 1 1 1 1 1 1 1 1 1 1 1 1 1 1 1 1 1 1 1 1 1 1 1 1 1 1 1 1 1 1 1 1 1 1 1 1 1 1 1 1
22 8 0 0 17 49 38 62 0 0 0 46 52 11 55 24 66 91 0 35 5 0 81 89 0 29 19 86 0 0 95 67 0 33 0 0 70 26 0 0 0 0 36 47 0 32 58 68 85 80 60 0 40 90 0 59 0 13 0 0 43 79 0 0 39 65 0 0 42 51 9 92 0 56 0 61 0 37 73 0 83 27 50 25 0 0 0 74 0 0 53 30 34 7 69 0
32 33 63 9 71 10 75 8 81 23 91 94 43 16 1 38 56 19 72 53 95 0 39 29 69 47 65 12 55 92 36 41 27 15 96 21 37 51 48 60 46 28 59 18 2 17 86 6 70 50 52 14 87 89 7 34 84 83 82 42 30 88 80 78 26 54 44 40 45 35 77 5 93 31 25 74 64 68 76 4 73 67 66 3 57 61 13 11 24 79 49 85 58 20 90 62
59 95 0 3 81 79 83 69 0 85 0 29 57 0 50 45 88 14 16 74 7 0 11 43 0 44 17 92 0 0 25 64 66 0 0 63 89 22 0 0 51 23 68 37 47 67 15 52 36 9 42 0 32 33 56 58 76 91 48 53 21 94 0 0 46 84 65 77 34 61 78 31 39 70 2 8 73 96 0 0 28 41 18 87 5 90 12 19 0 4 35 80 82 86 93 20
48 20 0 5 13 54 76 10 26 6 0 55 28 0 62 44 92 88 74 93 79 0 57 81 0 61 15 96 0 0 45 94 73 11 29 58 64 40 19 0 21 0 68 60 23 70 24 90 3 46 86 0 63 37 75 85 78 50 52 66 89 2 0 0 42 36 77 18 59 51 38 83 69 34 87 80 82 12 14 0 39 95 17 71 30 56 25 33 53 7 16 8 43 31 35 1
81 19 17 6 52 38 42 57 54 14 30 18 61 3 87 59 82 88 71 96 39 0 1 85 0 46 55 74 0 90 50 79 2 20 22 91 35 69 89 0 65 67 26 29 95 62 56 11 63 44 80 47 32 72 75 8 84 28 7 27 34 24 48 94 73 25 68 92 9 86 33 23 36 70 12 5 41 76 83 0 37 10 16 15 60 45 93 77 58 31 40 49 21 78 51 43
50 7 29 52 45 13 27 9 72 76 0 71 69 44 37 68 85 63 73 77 24 0 90 49 81 30 26 1 0 6 48 21 82 56 66 40 54 78 14 41 20 87 16 35 55 89 4 60 43 79 25 61 62 57 39 42 18 58 53 65 80 88 36 86 38 10 95 83 67 64 59 15 84 74 96 31 34 19 32 8 2 70 46 91 93 75 33 47 51 94 11 3 92 5 12 22
31 52 35 1 47 17 23 32 0 44 0 88 25 0 29 70 79 19 15 59 46 0 45 61 0 90 71 60 0 0 76 28 66 0 0 30 63 50 12 0 0 0 81 24 74 22 0 41 10 20 43 0 53 72 5 14 56 68 0 0 77 83 0 0 54 75 3 0 8 57 16 78 80 48 37 13 0 34 4 0 40 92 86 18 62 69 0 84 0 7 2 67 39 58 85 64
71 73 82 47 64 74 18 78 24 20 48 68 22 30 70 21 57 77 9 95 37 0 76 31 8 1 32 63 0 0 79 42 65 25 51 61 87 85 89 0 40 88 49 54 92 36 72 86 10 7 29 96 34 81 84 60 55 3 44 67 15 14 16 28 19 38 43 39 2 59 80 52 93 83 45 41 13 94 12 0 35 26 62 23 69 17 66 56 33 46 91 6 75 11 58 4
38 21 5 36 19 64 31 23 96 73 0 82 46 81 3 52 53 29 72 95 91 0 94 83 0 74 12 22 0 80 2 55 51 40 63 39 35 66 56 65 1 87 76 54 45 88 4 70 48 89 92 58 85 50 86 20 49 84 42 41 69 79 0 71 59 25 14 37 68 27 7 44 13 17 61 77 6 60 47 78 28 33 30 10 26 90 0 93 75 15 34 8 18 67 43 62
17 30 28 0 49 58 45 51 0 6 0 42 75 0 44 66 12 25 15 37 0 0 80 20 0 84 55 21 0 0 0 62 85 32 0 72 92 40 0 0 3 5 24 46 90 76 83 4 57 1 11 0 87 71 82 18 41 39 0 0 96 89 0 0 69 65 91 94 26 47 78 77 31 67 93 53 0 60 10 0 64 73 81 13 34 33 19 63 88 56 35 36 2 68 22 54
85 37 42 66 43 38 65 30 35 90 51 10 92 11 70 22 16 68 3 60 18 0 64 73 25 29 21 72 77 44 55 31 54 28 19 95 96 46 62 81 34 71 75 17 23 27 58 63 9 47 79 41 14 45 86 61 1 48 53 2 94 67 33 12 84 49 88 56 40 76 80 36 5 52 74 78 91 15 20 6 93 26 4 57 83 69 13 7 50 87 8 32 39 89 59 24
18 81 24 15 66 33 26 25 50 75 0 88 84 38 74 13 63 92 23 14 40 0 22 72 0 8 29 35 0 0 77 57 83 95 19 49 94 37 0 0 28 90 17 86 32 41 89 39 53 1 34 0 31 68 91 45 30 60 85 65 64 96 0 80 11 43 71 21 44 61 52 5 12 67 2 78 59 4 16 0 9 20 42 58 3 7 54 76 93 10 51 56 69 62 73 70
91 21 16 15 59 89 24 80 49 61 38 78 13 35 18 55 47 3 19 8 10 0 54 14 77 66 27 30 0 0 84 7 74 76 86 53 9 28 51 2 5 56 37 32 69 85 92 62 83 60 46 87 43 39 81 50 31 94 6 75 4 44 25 26 72 73 70 17 82 12 57 96 42 52 93 79 48 45 71 29 36 65 34 95 63 68 41 64 20 11 88 67 40 90 1 23
25 78 48 9 61 45 46 96 68 37 27 20 67 34 21 88 13 80 72 11 84 0 6 60 0 33 56 8 55 66 91 76 28 31 63 53 49 71 44 0 16 24 26 62 30 92 35 75 59 43 93 32 52 73 90 19 65 94 79 10 70 95 0 83 64 82 2 86 29 39 15 40 50 54 74 14 7 81 38 12 89 47 4 77 87 85 57 5 41 36 17 69 18 22 1 42
66 79 2 17 30 11 23 48 55 83 61 13 91 87 92 12 52 62 6 96 71 0 60 85 0 3 20 89 7 84 19 90 5 27 22 51 16 40 45 0 26 53 25 36 44 32 33 70 35 50 31 93 10 57 59 80 18 14 46 43 24 47 0 64 39 29 1 56 67 34 41 88 15 86 69 58 54 78 8 75 74 28 94 37 21 81 38 82 63 49 9 95 68 72 65 42
34 19 0 20 37 47 94 92 0 84 0 93 48 0 57 31 29 33 95 7 0 0 89 36 0 43 38 27 0 0 21 14 45 0 0 70 5 87 0 0 0 0 30 22 10 44 85 53 50 60 15 0 6 90 17 9 76 59 62 0 80 67 0 75 16 72 69 78 4 56 64 65 91 49 74 68 54 13 26 0 73 88 25 79 39 24 0 96 42 0 82 3 41 83 63 11
84 86 0 47 54 18 89 65 0 0 0 94 75 0 35 16 29 15 52 58 87 0 96 13 0 49 40 32 0 0 0 83 9 0 0 0 74 51 0 0 4 0 59 72 0 68 77 2 92 30 78 0 42 17 62 24 70 12 53 0 91 48 0 0 67 27 0 5 10 0 0 76 21 88 0 80 0 19 0 0 50 45 38 95 41 56 0 44 0 0 1 31 79 25 90 85
96 82 17 87 72 76 75 66 95 89 0 5 46 0 63 51 33 34 88 31 83 0 60 26 0 15 49 6 0 0 36 2 61 18 7 20 41 68 0 0 42 14 73 3 69 38 62 35 30 52 27 0 22 45 48 40 25 12 85 11 70 79 0 0 65 57 93 21 92 54 43 8 50 90 94 86 19 4 81 0 29 44 23 39 64 58 16 47 67 77 24 13 53 80 37 28
65 59 61 90 22 34 11 38 55 89 40 86 27 84 2 36 73 77 17 80 49 19 70 37 93 13 10 16 12 53 32 54 51 96 45 21 92 44 39 66 47 8 60 30 83 94 58 69 35 56 74 52 82 57 64 63 1 4 62 6 95 29 76 67 23 33 9 50 91 20 7 25 5 79 26 75 88 68 78 0 48 28 46 24 81 72 43 3 31 14 71 87 85 15 18 42
22 56 96 39 69 85 79 52 42 72 0 49 32 81 90 82 54 12 87 44 57 75 91 33 0 18 15 21 0 50 94 45 55 77 53 83 46 92 73 6 2 67 31 25 93 20 3 48 37 47 7 68 64 10 58 26 9 65 43 70 23 41 0 36 66 1 5 60 35 80 11 95 74 71 34 88 40 76 19 0 62 8 14 28 17 13 86 27 24 38 61 59 84 30 4 63
4 76 17 3 47 62 1 23 61 82 88 42 53 45 40 8 6 55 84 44 11 0 86 93 73 33 64 32 0 92 96 46 63 57 68 16 43 20 85 13 59 78 74 9 36 5 38 48 22 26 37 41 19 50 39 72 34 67 56 49 18 35 31 95 69 14 87 80 83 27 89 12 75 29 54 70 15 71 66 58 77 79 90 81 91 24 30 7 94 28 52 25 65 21 51 2
33 60 0 0 43 82 88 83 30 59 0 4 39 0 56 66 70 0 75 5 0 0 77 90 0 62 34 32 0 0 0 96 85 0 0 46 42 58 0 0 0 0 95 24 0 20 84 80 21 11 93 0 27 86 92 87 0 12 0 0 55 0 0 0 0 29 0 45 52 22 0 48 3 81 0 64 0 36 74 0 37 40 67 0 0 63 0 17 0 0 69 94 8 76 71 0
32 17 41 5 23 96 11 47 15 36 76 53 7 82 55 12 91 48 61 77 70 4 40 39 90 31 37 43 0 95 69 18 50 20 57 35 52 24 93 92 87 46 10 22 63 79 75 8 68 44 14 25 66 62 84 33 49 29 58 2 80 30 64 85 88 56 9 59 72 94 13 89 65 1 81 51 78 34 28 60 26 73 54 83 67 6 38 16 45 42 3 74 21 86 71 19
51 34 79 43 23 66 55 47 32 86 0 4 26 59 41 61 92 68 75 48 30 0 42 69 0 95 67 94 0 44 89 1 31 73 6 91 62 21 16 0 38 10 77 71 70 82 12 87 20 49 25 35 53 90 83 19 33 45 58 57 76 65 54 24 14 81 85 50 40 72 80 60 11 7 37 84 63 29 18 0 93 13 15 28 46 74 36 56 88 52 78 9 17 27 8 96
10 50 36 1 58 21 13 53 29 45 0 82 60 0 41 64 4 59 39 63 71 19 49 69 0 55 72 46 0 0 54 62 52 9 0 31 96 20 27 0 68 80 44 90 48 73 2 93 15 76 43 0 89 11 38 8 25 92 0 23 81 17 0 0 56 30 18 77 14 94 0 57 34 33 79 12 0 26 24 0 40 67 22 65 3 28 61 5 83 75 87 84 86 95 51 0
22 14 15 75 66 65 40 16 67 86 0 24 46 20 21 32 93 19 71 18 2 0 73 48 0 83 81 55 0 91 74 29 57 49 87 33 35 94 3 0 52 78 8 12 85 41 34 96 84 50 7 63 17 28 77 61 58 72 54 31 90 9 0 0 76 43 30 53 38 39 10 5 69 59 4 13 26 42 62 0 92 56 27 70 6 25 36 44 60 23 11 95 51 64 45 80
38 34 0 15 67 82 41 83 0 0 0 66 76 0 6 40 54 12 94 14 0 0 0 22 96 74 77 93 0 0 0 92 0 10 0 0 36 45 0 0 49 0 17 58 30 72 0 51 55 43 87 0 59 75 20 9 0 84 0 0 31 47 0 0 63 2 21 42 39 64 0 28 7 90 46 88 0 23 56 0 69 5 78 3 0 60 0 35 0 95 48 18 24 33 19 0
21 85 89 77 22 46 36 20 14 3 0 49 1 80 5 25 53 75 11 44 88 0 55 67 0 39 74 96 0 0 32 29 33 83 0 86 68 70 51 0 64 95 24 18 34 61 47 82 58 27 37 0 57 84 87 2 71 50 0 31 43 52 0 0 66 26 42 73 9 91 92 4 78 16 69 62 35 93 59 0 13 48 81 12 6 76 94 28 56 41 40 15 45 65 23 30
29 50 90 69 79 87 6 80 58 28 0 39 68 0 9 11 62 38 23 8 82 0 37 92 0 83 89 67 0 0 35 96 5 86 42 40 60 59 53 0 25 94 77 88 36 52 72 14 70 3 15 93 22 31 44 51 2 55 54 16 64 56 0 0 4 18 32 43 49 57 12 19 75 30 45 10 0 63 47 0 61 85 65 24 91 84 46 21 13 78 73 17 7 81 1 76
40 8 0 0 32 46 69 57 0 89 0 45 50 0 26 38 39 0 86 24 25 0 91 53 0 61 42 19 0 0 30 28 0 0 0 0 17 55 0 0 0 84 6 10 33 73 16 76 11 74 81 0 20 78 85 56 62 1 0 75 29 82 0 0 87 35 44 90 58 0 0 2 14 83 12 22 0 67 43 0 66 59 49 77 15 13 0 34 0 0 63 36 92 5 88 31
9 18 0 7 38 55 5 19 0 40 0 52 65 0 33 53 77 22 86 64 0 0 28 17 0 83 31 60 0 0 14 15 51 0 0 2 72 81 0 0 0 8 30 16 21 37 80 29 61 58 78 0 43 47 87 10 12 32 0 54 88 0 0 41 57 79 0 75 96 34 63 59 48 62 24 45 27 68 89 0 94 82 44 46 39 91 67 35 0 25 69 3 93 71 66 36
18 95 3 79 40 44 26 33 66 90 16 20 47 25 41 51 9 63 72 61 5 0 50 4 77 60 39 11 0 0 70 12 68 69 59 36 80 58 27 57 37 6 93 42 92 83 29 73 64 74 85 35 31 32 14 28 43 2 15 13 45 56 0 96 34 91 62 76 87 30 89 84 21 82 7 8 52 49 46 0 75 10 17 38 22 88 23 81 71 24 1 65 78 55 53 86
37 54 48 84 13 85 30 2 68 61 90 5 72 58 45 11 91 92 76 52 82 0 10 49 60 39 33 73 63 7 53 66 65 35 8 62 96 46 88 70 12 81 44 9 17 15 50 89 4 64 21 83 16 79 93 38 95 71 43 28 57 3 1 18 87 51 67 25 59 80 34 40 77 42 55 74 27 14 41 78 29 75 36 47 6 94 31 23 86 32 19 20 22 69 26 24
65 68 43 1 81 87 58 3 12 57 0 92 71 21 33 5 78 14 44 53 27 0 72 29 8 4 31 51 0 35 15 89 66 20 93 37 26 79 10 62 24 54 9 16 90 32 50 45 25 84 18 69 2 52 73 63 46 85 59 48 83 22 0 39 88 47 96 7 40 76 60 82 23 17 74 94 55 28 67 11 91 86 56 6 95 42 36 34 13 49 64 77 61 19 38 30
12 71 0 37 70 82 22 38 0 27 0 46 95 67 5 29 63 77 65 20 10 0 32 31 0 73 3 79 0 48 69 42 19 59 0 14 81 87 72 0 90 26 75 56 47 21 7 84 18 35 64 0 24 96 34 2 41 51 6 15 60 86 50 0 94 76 52 1 17 68 0 93 58 9 91 28 83 85 61 0 8 80 13 53 54 25 92 49 45 57 36 43 62 23 74 55
96 5 3 40 73 52 12 37 28 91 75 20 60 56 43 38 58 53 94 17 34 0 30 32 62 92 39 51 83 82 41 54 72 15 14 11 44 1 68 27 90 74 81 49 70 71 66 2 59 24 31 22 55 47 21 36 84 78 8 57 4 76 93 88 50 18 13 10 25 89 6 9 95 85 65 29 35 42 46 77 7 16 63 87 64 48 67 23 80 19 86 45 69 61 33 79
70 47 78 93 4 71 40 49 53 62 6 2 11 17 3 55 89 58 15 94 31 0 13 80 0 84 85 96 60 30 67 28 76 52 74 63 81 25 92 0 36 91 48 66 18 69 23 83 39 34 20 22 75 12 29 54 88 27 51 41 7 64 0 95 73 16 82 26 50 44 56 8 42 45 72 65 61 32 33 79 35 77 46 90 57 87 43 59 19 37 86 38 21 14 1 5
20 95 41 53 38 55 1 45 43 37 6 92 35 81 3 48 91 61 69 93 70 83 25 80 90 36 62 30 40 56 94 14 57 87 52 59 66 64 46 4 84 32 42 47 33 10 19 8 7 22 12 63 23 89 51 16 77 96 76 73 60 86 0 58 50 9 54 67 65 74 13 88 34 5 85 21 18 72 68 78 29 44 17 27 79 26 31 39 82 75 71 49 28 15 24 11
38 95 28 8 54 96 34 7 70 77 32 51 61 13 60 10 86 50 81 62 88 0 43 92 0 42 69 55 76 71 57 93 89 46 37 18 24 64 31 33 82 91 40 23 65 25 83 9 30 45 59 79 49 19 87 20 21 15 22 66 63 67 16 3 72 35 27 73 2 48 53 52 75 14 4 94 36 29 58 47 85 56 90 5 80 12 41 68 74 1 17 11 6 78 39 26
2 89 40 90 62 26 30 77 37 0 0 47 88 95 14 74 80 15 50 83 0 0 6 86 0 45 54 55 0 0 28 29 84 0 0 94 32 69 0 0 53 3 7 36 21 1 24 27 68 57 60 0 58 44 46 85 96 19 0 0 49 22 0 0 16 73 0 38 39 0 13 63 70 4 91 33 59 52 5 0 23 92 31 67 25 51 76 18 78 9 17 35 81 48 43 0
64 53 0 85 65 17 44 52 34 88 0 76 13 0 23 16 10 7 51 63 74 0 33 82 0 55 78 22 0 0 8 89 41 39 0 86 14 73 0 0 1 19 79 68 9 84 25 26 67 43 87 0 18 3 49 29 38 4 59 48 93 91 0 0 94 45 95 56 90 50 96 81 24 46 27 80 15 47 62 0 83 35 60 61 6 75 42 72 11 54 32 58 37 21 40 36
46 20 86 73 38 78 18 4 62 37 94 52 67 69 60 34 92 65 44 54 40 57 81 32 0 31 14 72 36 24 48 91 45 58 89 15 80 82 29 13 26 49 76 59 95 79 50 11 43 9 75 84 47 25 90 88 63 33 77 5 35 53 22 85 66 56 42 39 28 41 2 64 93 19 12 68 30 10 87 8 3 21 7 70 96 51 27 16 74 17 61 23 83 71 6 1
45 65 44 10 79 16 89 5 68 54 34 23 39 50 74 66 75 9 92 95 8 0 33 81 67 80 90 38 25 18 88 55 7 58 15 31 40 3 17 22 19 53 35 41 96 72 36 71 86 59 29 56 77 24 48 2 63 1 62 57 46 52 20 69 47 28 26 87 11 82 91 12 32 64 27 85 83 42 93 37 70 43 13 14 51 6 60 21 61 30 73 4 84 94 76 78
34 53 32 37 9 26 50 45 18 39 6 72 22 62 17 2 29 78 25 67 13 0 49 61 92 44 48 65 0 80 64 20 76 63 94 70 69 96 71 85 31 95 66 4 21 77 93 11 33 68 86 54 55 52 51 74 8 43 1 57 5 75 0 84 58 12 81 36 79 73 16 28 7 35 87 59 27 40 91 46 90 19 23 56 82 41 10 83 89 30 42 14 60 24 88 15
20 70 94 31 26 36 55 28 29 92 0 91 38 96 34 1 65 43 24 44 39 0 27 73 0 77 81 72 68 35 85 23 93 9 11 32 6 75 64 0 58 62 87 90 63 80 41 30 21 52 15 0 10 7 22 42 78 47 59 76 25 83 0 56 33 84 46 79 17 50 4 14 49 48 51 18 95 89 88 69 57 40 13 61 86 2 12 82 54 8 45 3 53 37 16 67
16 64 6 23 92 58 4 15 74 66 22 59 19 76 33 88 82 95 79 60 80 0 94 69 0 48 5 44 61 36 65 7 51 35 11 3 26 78 41 54 70 87 96 13 37 17 86 45 90 24 57 84 21 27 91 14 8 47 31 77 55 25 49 1 93 67 43 62 75 71 12 10 89 81 20 30 32 83 53 39 34 52 29 50 72 63 46 68 42 40 28 38 9 85 73 2
21 91 0 72 58 28 19 74 0 0 0 95 73 0 39 4 5 92 87 6 0 0 14 44 0 64 89 38 0 0 78 37 23 55 42 9 46 31 0 0 0 0 60 10 32 26 93 53 51 56 81 0 30 34 49 59 0 85 27 0 61 0 0 0 17 69 2 50 80 70 0 45 84 86 24 15 0 62 33 0 13 22 66 16 67 47 0 83 0 0 25 7 94 1 57 35
5 30 83 2 80 7 29 43 96 17 13 57 52 40 55 34 26 92 79 89 11 0 81 42 41 53 15 72 93 1 31 82 94 78 74 84 32 67 38 45 64 27 46 12 14 95 88 51 60 21 28 77 50 25 86 23 8 63 73 18 56 19 44 66 65 6 69 54 22 4 48 9 58 70 85 33 3 24 68 76 10 16 49 61 47 36 35 75 91 59 20 37 90 71 87 62
52 83 43 38 7 49 92 95 44 51 45 19 63 90 81 22 39 54 55 14 5 11 72 21 0 80 76 89 0 3 65 13 85 35 67 96 27 24 1 0 58 62 75 18 57 37 32 86 60 56 87 70 84 15 82 30 42 25 73 28 69 17 0 78 36 26 8 66 68 2 50 29 74 47 34 4 64 20 77 53 6 94 16 48 46 61 33 71 9 31 93 41 79 10 91 23
18 75 19 25 63 20 37 27 0 88 0 81 43 15 29 77 80 45 47 12 10 0 83 34 0 40 26 60 0 38 1 8 92 4 5 9 44 30 73 0 94 2 93 33 28 36 84 76 35 13 32 61 58 56 49 70 66 21 0 6 74 54 0 0 31 7 85 3 72 71 55 23 53 11 91 51 41 16 96 0 87 14 65 52 50 69 79 39 62 89 68 24 86 42 78 46
8 93 82 42 18 64 21 28 31 37 26 48 90 53 35 56 11 94 80 73 69 0 52 12 78 44 3 40 47 75 81 23 34 22 30 17 85 50 71 62 45 29 49 57 25 32 68 79 84 24 36 33 39 13 1 83 86 54 66 38 87 27 89 88 43 6 67 60 72 10 74 70 95 92 15 9 61 5 65 4 96 16 2 46 63 76 20 14 77 7 55 41 58 51 19 91
4 79 26 22 53 17 27 51 29 15 67 89 85 41 64 38 88 81 23 83 63 0 12 13 6 16 46 69 18 30 95 68 3 28 93 2 90 44 54 61 42 19 82 70 75 48 11 60 55 5 7 56 10 86 25 74 92 40 94 78 57 62 33 76 35 21 1 32 39 14 45 34 43 9 73 58 77 20 49 59 65 84 31 36 37 52 24 8 66 71 50 87 96 72 91 47
42 6 30 87 14 2 25 5 55 33 0 75 64 9 41 15 3 1 95 28 35 0 59 10 0 50 96 16 36 8 81 29 51 34 72 85 73 66 83 13 77 31 48 92 88 61 62 54 18 93 79 76 38 45 37 7 94 53 78 23 46 74 0 52 12 47 60 84 26 57 11 49 44 91 17 80 82 20 69 19 71 24 40 89 70 43 21 22 68 65 56 27 32 86 58 63
71 79 39 51 88 25 3 47 53 93 0 6 86 0 67 62 19 7 13 28 0 0 59 10 0 91 72 63 0 0 76 42 89 55 0 0 4 26 0 0 0 0 9 32 44 95 69 58 46 2 52 0 22 45 94 57 49 30 68 90 36 0 0 85 73 96 8 61 81 20 87 75 38 77 21 16 0 37 18 0 27 80 48 40 11 35 0 66 0 74 23 41 65 5 34 0
17 9 34 84 38 90 64 24 0 7 77 48 79 43 10 47 52 61 68 65 33 0 82 23 0 72 62 19 0 0 41 40 70 91 30 51 32 1 0 0 66 29 81 36 55 75 5 74 71 58 39 56 15 42 76 63 69 25 4 53 50 54 0 0 18 37 31 46 14 67 92 85 95 59 11 44 27 89 20 0 78 73 60 83 35 93 45 87 0 86 96 26 80 6 22 8
84 85 25 41 28 72 32 88 5 91 61 46 18 56 89 4 90 62 16 24 3 0 63 1 0 36 9 8 67 27 74 15 64 60 53 57 66 77 54 0 37 30 71 14 79 42 23 59 29 11 55 12 40 17 86 26 95 44 13 43 68 76 82 19 10 21 96 69 78 80 92 22 75 45 49 33 7 94 52 65 87 47 6 70 34 81 58 73 20 38 51 48 35 31 83 39
18 58 36 11 21 26 13 91 6 81 0 39 1 89 55 24 95 75 96 56 47 0 53 69 0 16 22 64 0 27 52 90 61 34 0 49 32 8 0 0 41 51 42 30 7 66 59 43 73 40 80 92 12 44 67 9 93 37 19 76 20 50 0 0 94 71 86 82 35 68 79 60 85 3 25 29 10 57 88 0 84 46 38 65 31 62 70 17 2 74 63 87 4 45 14 77
96 61 60 72 28 34 7 19 44 86 0 38 32 82 89 14 17 24 79 54 81 0 66 16 57 63 88 94 0 90 78 11 50 6 0 10 67 41 0 0 93 20 76 25 52 68 4 36 47 58 91 31 12 15 74 48 43 29 33 56 77 87 0 75 22 18 26 71 46 3 42 85 5 73 37 95 59 55 21 0 83 92 13 62 45 84 27 1 53 23 80 51 2 39 8 30
36 79 76 5 66 67 84 1 73 17 71 14 16 96 18 89 86 68 3 30 2 0 91 27 78 61 63 83 70 87 4 12 57 35 94 39 33 69 21 92 62 77 80 54 40 74 13 82 43 49 7 24 38 29 34 22 88 65 72 50 45 52 56 51 95 6 26 10 60 46 75 8 85 47 31 81 23 20 44 58 19 64 59 28 42 11 37 15 55 25 32 53 41 9 48 90
80 74 0 0 8 95 36 34 60 0 0 79 48 0 92 1 56 29 96 81 0 0 38 76 0 22 3 63 0 0 0 87 0 0 0 0 6 55 0 0 0 0 46 73 90 50 39 72 11 4 30 0 24 42 0 25 0 0 0 0 23 0 0 0 51 20 66 0 65 88 0 54 62 21 12 0 0 77 0 0 75 10 45 0 0 18 0 35 0 0 68 49 78 47 26 0
34 80 89 37 78 85 60 12 70 95 0 59 16 0 14 33 48 28 94 53 74 0 81 87 0 75 23 44 0 0 45 4 56 96 0 32 84 25 0 0 0 83 35 57 93 82 21 9 29 40 61 0 22 54 55 86 79 91 65 17 68 51 0 0 58 42 62 31 30 63 67 39 52 77 8 73 3 46 50 0 2 20 41 64 92 38 71 76 27 36 72 90 10 7 15 66
55 9 51 44 27 35 6 17 0 3 0 36 94 0 62 54 42 77 25 20 0 0 78 11 0 92 46 31 0 0 81 91 88 68 0 8 47 43 0 0 0 56 5 41 22 13 93 21 89 65 14 0 58 39 2 70 72 53 0 0 24 16 0 0 32 76 61 63 19 40 71 50 28 96 82 1 0 95 48 0 59 37 52 10 80 69 0 38 0 45 87 15 64 49 26 74
71 77 43 2 76 92 31 51 5 95 0 57 3 0 82 33 52 29 96 15 0 0 53 26 0 80 42 35 0 0 0 78 19 28 0 88 79 61 0 0 0 14 69 13 40 74 41 16 32 7 12 94 10 46 59 64 65 22 63 0 8 56 0 0 91 9 67 11 21 44 49 36 72 47 27 87 0 24 45 0 20 89 50 83 70 17 93 38 0 55 85 34 4 18 48 6
62 52 0 0 5 58 32 29 0 22 0 9 68 0 34 39 61 12 89 81 28 0 50 74 0 90 92 25 0 0 63 13 80 0 0 87 75 77 0 0 0 0 31 8 23 91 44 96 36 11 0 0 57 65 24 54 49 17 1 0 79 85 0 0 55 72 0 95 51 47 0 94 40 21 35 84 0 38 64 0 41 37 6 60 27 30 19 86 0 69 88 3 70 78 82 4
58 57 87 42 56 67 6 70 8 93 83 23 95 78 77 65 68 29 92 66 62 0 88 34 71 94 18 19 13 75 28 3 96 12 49 51 33 22 11 90 53 17 79 2 86 35 20 80 24 61 9 7 14 84 60 45 16 46 1 32 27 39 37 10 31 38 54 69 44 74 15 25 43 72 82 64 41 5 91 76 81 50 4 55 26 59 47 36 52 63 30 21 89 40 48 73
31 1 42 36 40 37 6 86 43 46 11 66 21 10 45 77 87 18 82 2 30 0 58 32 72 27 14 84 17 92 29 63 24 44 95 7 33 74 61 0 16 64 79 38 28 34 25 93 53 56 35 80 75 94 4 81 83 47 59 41 50 91 0 8 65 60 15 5 48 89 88 85 90 39 76 13 22 52 57 0 67 49 26 55 68 54 73 12 96 19 23 71 78 51 3 70
44 50 91 36 48 23 8 24 64 13 54 95 27 62 10 39 28 15 42 3 4 0 73 22 31 89 25 41 47 66 79 12 59 93 32 49 56 90 17 34 80 70 60 7 86 68 92 72 83 71 78 29 20 16 84 46 58 76 43 14 21 75 51 61 63 9 33 88 1 96 18 40 87 77 2 11 35 26 81 6 5 45 94 69 85 38 53 67 74 65 52 57 19 55 82 37
55 1 13 39 32 15 6 59 60 74 0 77 90 66 72 11 12 45 68 94 8 0 14 9 0 62 19 84 89 40 10 35 86 31 37 83 78 95 63 18 42 79 92 33 54 20 2 51 71 47 70 29 7 23 4 49 85 3 87 81 50 56 36 21 80 30 44 93 27 91 67 26 53 17 28 88 69 65 38 96 64 76 5 61 43 52 22 58 82 34 57 24 48 41 16 75
50 34 43 69 68 93 42 9 29 60 0 3 14 65 21 85 88 89 64 32 83 0 26 58 0 96 15 18 0 74 71 59 75 44 0 92 10 47 39 0 40 20 78 6 28 16 80 48 4 37 82 11 25 38 91 66 95 56 52 76 23 51 0 87 24 72 61 31 55 63 33 5 94 22 57 12 73 41 17 0 19 67 54 35 30 62 79 49 84 81 45 8 36 1 70 46
85 80 32 51 89 43 10 60 56 38 24 1 81 93 78 37 73 15 29 88 82 0 94 61 0 46 6 63 86 0 49 53 68 74 71 30 21 72 62 0 27 96 8 58 66 84 22 87 25 50 45 40 47 12 52 67 35 28 23 55 5 33 0 4 92 26 19 7 11 57 3 14 79 44 70 69 20 2 77 0 76 17 9 90 75 39 41 16 95 42 36 54 65 34 83 18
57 46 93 63 23 13 87 43 50 36 64 85 34 25 26 4 70 18 12 79 92 0 33 65 0 42 84 20 0 69 67 47 71 38 58 6 11 51 56 0 3 21 35 1 75 88 28 66 39 16 82 0 72 7 53 27 78 44 62 59 15 31 0 52 8 73 55 40 17 96 2 49 37 76 74 54 48 10 89 0 68 80 24 94 45 22 9 60 32 77 29 14 91 19 30 83
63 10 61 3 19 25 51 15 0 34 0 41 64 95 9 82 93 38 89 68 20 0 60 76 0 77 55 85 0 0 58 84 21 70 0 87 44 1 0 7 28 96 6 56 37 86 46 13 59 43 17 57 11 73 83 32 52 22 92 90 33 16 0 0 30 69 94 81 26 74 35 80 42 49 72 79 54 62 45 39 18 65 2 31 27 91 88 14 78 40 47 71 5 24 48 36
53 32 55 95 30 76 60 31 54 10 73 70 91 92 20 28 67 44 46 51 1 9 52 65 45 42 14 62 6 25 71 24 26 8 16 12 88 85 58 4 11 29 93 81 86 23 59 66 78 74 36 2 3 77 90 68 19 48 57 89 50 56 0 22 63 15 80 40 64 94 17 35 37 87 13 34 38 7 39 27 75 82 5 84 79 43 49 18 41 96 61 21 83 47 69 72
66 68 85 73 53 52 2 74 9 30 12 82 34 41 4 54 94 31 78 81 11 0 67 76 48 89 22 51 71 61 39 60 36 35 17 95 1 27 57 14 50 70 80 23 10 83 49 84 15 86 87 40 69 88 72 47 96 93 5 45 91 44 28 32 90 42 20 18 26 24 37 56 62 46 75 63 7 64 79 65 77 8 25 6 38 3 92 16 55 58 33 13 43 19 29 21
37 12 25 8 48 79 32 29 21 64 0 70 17 0 59 5 6 87 35 57 0 0 71 93 0 65 16 19 0 0 54 38 74 89 0 85 2 91 78 88 0 0 52 14 33 3 22 83 68 30 77 27 49 47 9 96 11 18 75 44 53 34 0 31 24 69 4 86 56 40 76 67 73 43 46 81 15 42 13 0 60 58 63 94 84 72 90 26 41 80 92 28 95 61 7 62
24 71 45 5 79 23 74 8 78 89 0 50 69 48 1 14 39 60 84 18 3 0 54 63 0 66 31 77 17 44 87 40 33 94 0 86 11 82 56 32 72 16 10 35 34 62 46 81 37 13 21 61 51 85 68 92 90 88 20 96 2 57 0 67 42 49 52 25 22 59 64 70 65 58 73 80 95 53 55 0 75 91 15 38 41 93 43 26 28 83 19 7 12 4 47 9
8 17 0 64 85 89 4 23 0 69 0 21 73 0 54 72 55 51 46 27 0 0 62 50 0 14 41 16 0 0 28 5 20 35 0 84 74 49 0 0 29 83 15 75 88 57 30 18 42 13 31 0 32 79 76 1 93 47 63 0 11 71 0 0 67 78 94 48 86 61 0 68 80 59 65 58 0 81 39 0 92 44 26 19 40 25 0 90 0 36 33 24 91 45 7 43
47 49 11 54 10 3 51 40 65 22 0 63 58 73 60 66 23 79 57 53 20 0 77 80 0 55 84 24 0 25 71 7 50 83 45 27 41 13 0 31 34 95 21 85 44 4 81 28 56 18 43 0 52 92 61 87 1 5 62 16 6 38 0 0 94 48 15 30 33 72 35 68 9 91 14 70 12 17 69 0 26 93 2 89 59 8 19 75 0 96 36 46 76 32 88 67
8 86 0 49 31 53 29 19 0 9 0 85 35 0 39 94 71 46 56 37 0 0 67 52 0 38 45 32 0 0 74 62 79 0 0 0 18 83 81 0 0 0 4 50 0 84 48 36 14 34 66 0 33 23 42 72 57 73 92 0 22 0 0 0 26 54 59 69 20 68 0 16 89 25 0 76 95 60 1 0 13 87 3 6 93 10 0 80 30 77 47 55 51 70 91 82
67 0 0 0 80 20 87 54 0 0 0 25 0 0 40 73 32 0 0 42 0 0 61 30 0 48 71 84 0 0 0 47 64 0 0 11 21 3 0 0 93 0 94 4 0 0 57 29 26 79 72 0 28 66 27 56 0 14 78 0 39 0 0 0 0 85 0 0 24 38 77 62 35 36 0 90 0 76 0 0 0 0 49 16 0 18 0 44 0 0 58 68 0 17 53 0
41 38 12 39 35 66 57 40 32 84 0 3 5 83 65 52 77 74 85 48 64 0 96 92 0 30 90 45 0 95 10 13 19 29 0 22 33 34 62 0 6 94 1 76 11 81 82 53 61 42 56 93 87 60 89 50 72 46 78 20 47 71 0 31 16 88 67 26 7 15 58 37 43 73 36 2 18 75 21 0 44 23 55 51 79 70 28 68 27 25 14 4 49 63 9 80
68 55 43 19 62 77 45 65 57 71 0 91 95 9 5 7 66 24 15 59 28 0 94 41 0 90 61 42 0 0 39 6 11 38 32 87 83 81 56 29 10 49 50 46 67 14 89 53 13 54 74 0 79 69 92 20 2 93 80 85 21 70 0 34 40 48 35 82 26 30 4 88 86 23 76 72 12 16 36 58 63 73 31 47 22 44 64 78 3 18 75 27 33 96 17 84
31 45 22 70 73 93 77 58 82 84 71 79 76 62 37 35 50 36 19 9 88 0 81 83 0 44 30 48 32 91 40 95 24 66 47 75 41 60 29 2 54 38 65 56 67 12 21 46 5 6 80 7 3 20 86 17 42 26 1 92 74 34 63 72 52 49 94 57 59 13 78 39 90 64 28 11 4 33 96 25 87 8 68 89 15 69 55 10 14 18 61 53 85 23 27 51
27 82 69 89 31 80 68 24 70 93 21 85 23 66 46 73 96 86 54 56 25 9 6 92 88 83 38 12 0 67 14 13 58 72 47 87 95 48 65 7 52 90 49 81 78 43 36 33 28 42 41 39 5 53 71 51 79 40 30 74 76 44 26 17 16 32 57 77 62 34 18 37 60 91 1 50 35 22 4 19 84 8 3 20 59 55 75 94 29 11 61 15 45 10 2 64
10 49 0 0 94 50 57 11 5 0 0 34 13 0 8 46 9 39 16 4 0 0 26 19 0 25 28 2 0 62 0 76 56 18 51 60 14 24 0 0 0 78 17 12 0 70 61 69 92 90 0 0 87 63 47 80 40 44 0 0 93 54 0 0 85 81 79 83 43 74 0 77 75 84 0 42 0 88 91 0 58 48 37 33 3 6 0 66 0 0 30 31 65 7 15 0
40 79 0 53 82 42 1 54 0 45 0 33 41 0 91 71 21 0 43 93 83 0 81 26 0 34 17 49 0 0 51 89 87 0 0 76 50 9 67 0 62 0 75 38 7 31 88 57 15 58 3 0 12 74 14 18 65 78 0 0 19 84 0 39 96 36 60 25 46 52 92 35 80 68 13 29 70 4 59 0 56 32 11 63 22 30 0 69 0 48 27 47 20 10 95 16
70 38 43 4 27 88 31 62 46 49 8 7 65 39 35 85 60 48 71 68 78 0 56 20 69 57 83 6 0 0 2 18 77 63 17 53 67 55 45 30 61 29 50 86 21 96 74 25 5 34 93 12 44 32 79 87 92 90 41 94 51 16 0 19 9 10 84 22 23 82 52 59 13 33 72 75 37 42 14 0 40 15 24 3 76 64 73 81 26 95 80 89 36 1 91 28
9 71 0 54 12 90 61 8 93 3 0 1 30 77 94 15 22 36 24 43 45 0 21 38 92 63 47 57 0 0 40 42 80 2 82 34 37 55 52 0 66 31 26 48 39 35 60 28 25 32 29 10 67 86 17 89 76 79 74 16 44 75 0 0 68 83 11 27 18 19 91 88 7 4 64 13 59 5 33 0 87 14 95 56 65 20 46 96 84 69 72 53 49 50 62 6
17 56 16 93 22 47 14 11 18 79 45 36 5 21 66 89 54 43 82 68 23 0 40 76 86 49 13 88 7 24 25 8 37 38 61 42 26 44 96 72 94 46 75 20 9 64 81 59 90 52 55 95 33 91 60 62 41 12 34 69 35 6 67 92 83 84 63 71 58 19 27 77 28 39 85 32 53 80 29 10 4 15 1 78 2 57 70 74 48 87 65 31 30 3 51 50
34 18 8 96 42 64 95 39 26 31 9 50 83 60 20 68 63 94 46 24 41 0 86 22 23 84 56 89 6 45 19 2 72 54 71 1 3 66 15 30 40 16 58 47 43 61 65 77 70 87 12 21 52 25 82 92 80 55 75 93 28 13 14 53 36 49 38 88 5 73 91 27 90 11 7 32 78 10 59 69 33 81 57 85 76 79 48 67 29 35 4 74 62 44 51 37
75 18 53 20 38 86 36 4 42 31 56 51 89 71 77 33 80 17 34 60 74 0 14 73 16 15 64 92 68 67 21 52 37 57 1 50 70 78 12 22 76 85 66 96 90 63 91 41 19 44 8 46 9 55 95 23 93 88 79 83 62 13 2 49 69 84 81 32 87 58 45 54 25 61 35 26 43 11 30 48 3 29 65 27 6 94 7 40 28 39 10 24 59 82 72 47
92 88 15 63 11 37 44 47 12 27 5 16 84 80 83 46 70 13 42 69 72 0 67 3 56 65 66 73 0 53 78 60 85 48 90 61 64 8 89 52 24 39 41 30 58 4 93 59 45 55 31 14 86 28 91 54 10 38 49 40 17 96 26 74 68 35 94 82 1 50 71 51 87 21 81 2 77 62 18 22 95 57 7 25 36 29 75 76 9 79 33 34 32 23 43 19
22 64 78 95 66 72 4 76 6 0 0 36 96 0 32 14 11 24 73 62 3 0 50 86 0 81 29 65 0 0 16 67 38 8 0 55 56 26 0 0 0 0 61 63 0 34 49 18 80 20 93 0 25 15 9 31 37 84 90 82 68 2 0 0 30 13 75 74 91 1 39 41 58 33 46 79 5 52 94 0 12 60 88 70 27 28 0 54 0 0 47 77 7 89 92 0
26 37 60 85 70 36 24 15 40 13 29 49 62 16 57 89 31 71 45 86 64 0 46 33 9 20 50 42 82 81 88 1 80 93 67 77 17 66 12 68 4 2 90 95 91 54 58 61 7 35 56 78 18 14 21 38 23 8 84 79 48 52 63 30 59 22 11 43 3 94 87 47 83 6 96 34 51 25 5 75 44 72 76 74 53 32 92 39 55 73 41 10 65 69 27 28
31 89 0 0 91 18 76 65 0 1 0 52 54 0 25 23 88 24 66 42 0 0 28 55 0 29 59 94 0 0 0 46 0 0 0 0 12 85 0 0 0 0 10 64 0 0 0 57 34 62 0 0 81 71 95 48 0 8 0 0 27 0 0 0 90 4 0 0 20 77 0 44 33 43 75 0 0 53 0 0 0 68 92 49 83 35 0 9 0 0 2 22 74 5 67 38
46 94 1 41 34 3 72 33 63 2 0 73 11 52 23 15 13 80 82 86 62 0 22 54 0 93 53 17 60 75 14 47 43 6 90 31 39 4 20 92 36 42 61 26 83 30 91 76 9 48 25 38 55 28 64 29 79 16 70 19 77 95 96 49 78 58 24 67 68 50 81 51 84 57 85 69 88 27 35 37 87 10 32 89 44 45 40 5 59 21 71 56 18 8 74 7
2 1 1 1 1 1 1 1 1 1 1 2 1 1 1 2 1 1 2 1 1 1 1 1 1 1 1 1 3 1 1 1 1 1 1 1 3 2 1 1 1 1 1 1 1 1 1 1 1 1 1 1 1 2 3 3 1 1 1 1 1 1 6 4 1 1 1 8 1 1 5 5 1 1 9 13 3 1 11 21 5 5 1 5 1 2 3 1 5 2 1 18 67 4 69 16
100 75
1 1 1 1 1 1 1 1 1 1 1 1 1 1 1 1 1 1 1 1 1 1 1 1 1 1 1 1 1 1 1 1 1 1 1 1 1 1 1 1 1 1 1 1 1 1 1 1 1 1 1 1 1 1 1 1 1 1 1 1 1 1 1 1 1 1 1 1 1 1 1 1 1 1 1
15 20 30 66 11 39 55 9 24 7 14 2 70 21 0 8 38 33 31 45 54 34 22 6 51 36 44 5 56 26 27 1 69 75 4 50 13 62 43 23 58 41 16 60 19 25 61 53 52 68 59 18 17 73 10 28 35 12 74 42 65 71 63 40 72 3 64 48 46 67 29 47 57 49 32
7 68 71 18 28 8 32 64 72 44 56 4 36 19 40 20 63 27 57 73 46 9 49 2 48 70 21 14 43 6 33 26 61 10 15 52 53 58 29 47 35 22 62 65 30 16 3 34 45 42 11 24 0 38 23 69 41 60 39 51 1 66 75 74 5 12 17 59 37 55 50 0 67 13 31
73 65 33 5 38 31 0 39 41 24 45 9 21 12 63 44 37 50 48 74 46 57 26 0 3 56 20 60 0 69 10 43 17 19 61 71 68 59 55 1 75 52 47 35 0 36 67 72 49 4 29 16 51 54 25 23 42 11 34 15 66 14 6 0 2 8 64 22 27 32 58 13 18 40 53
57 11 31 68 9 62 58 33 0 30 3 69 0 23 44 14 64 70 4 40 22 7 54 16 75 34 59 1 66 63 32 28 50 45 10 47 56 35 21 20 26 36 61 24 5 15 71 38 0 67 52 48 46 41 0 43 39 29 8 65 6 53 27 72 18 12 2 51 17 13 55 0 73 74 19
17 67 42 27 1 13 8 58 33 34 25 75 45 48 18 35 43 44 51 36 71 47 14 26 15 4 37 54 56 9 55 16 32 61 49 6 64 3 57 72 2 28 69 65 0 53 66 30 38 62 73 70 20 24 31 41 21 68 52 19 22 5 59 12 60 63 46 29 23 10 0 0 39 50 11
74 66 7 46 48 3 43 73 62 34 56 38 49 19 2 68 4 24 64 50 33 53 36 0 25 59 65 26 13 32 60 30 9 39 27 55 61 14 71 23 45 6 72 20 21 70 5 44 1 16 22 57 10 31 52 11 28 69 63 41 40 15 12 18 54 35 75 8 67 58 47 29 17 37 51
28 56 65 14 45 10 55 74 25 37 11 0 34 43 23 3 67 50 8 38 32 9 64 0 0 36 49 13 0 0 46 17 51 53 54 58 26 63 19 1 24 48 62 73 18 72 59 21 0 71 20 16 0 0 0 0 4 22 0 41 0 47 75 29 70 12 15 33 69 44 0 0 60 0 2
7 38 60 65 49 3 53 17 56 12 33 13 22 67 72 42 44 15 26 2 43 64 46 62 11 18 51 40 75 59 31 74 55 71 27 23 57 16 6 68 52 58 30 1 73 61 29 63 36 34 66 69 50 41 19 14 21 9 20 8 70 10 25 4 35 28 32 37 5 47 45 0 39 0 54
25 27 3 67 31 56 74 28 34 0 62 68 0 54 35 1 73 30 5 66 32 7 11 0 47 0 75 18 24 51 36 43 39 26 17 48 22 71 42 37 13 63 21 65 0 59 23 58 60 2 9 53 0 0 0 70 72 41 16 6 44 45 52 64 10 61 4 55 8 20 19 0 29 0 50
23 12 41 13 59 29 37 20 56 9 26 55 10 8 74 39 15 27 43 3 75 35 34 0 65 50 68 58 2 71 57 7 66 21 51 33 32 31 72 69 73 54 11 44 4 40 16 17 0 28 67 38 24 48 0 46 63 61 64 42 18 47 25 45 49 22 62 52 14 6 36 5 1 30 70
14 70 69 10 37 74 31 16 45 62 30 24 68 8 20 40 34 38 58 64 46 54 0 0 39 28 44 48 27 12 21 52 0 0 49 4 72 43 1 5 55 22 59 50 0 56 32 42 9 36 17 18 60 2 0 29 6 11 41 19 57 71 51 0 33 53 65 3 75 15 67 73 61 63 47
16 69 58 0 70 0 67 55 0 74 35 23 25 22 0 0 18 0 0 0 66 52 43 0 24 39 14 0 0 0 59 0 0 73 11 45 0 12 56 0 32 7 34 64 37 63 41 60 49 62 33 17 27 71 0 4 72 53 46 40 0 68 0 26 19 30 61 9 0 21 0 3 65 0 1
48 7 4 51 3 54 38 30 0 68 35 5 1 22 73 9 19 69 70 53 59 27 20 31 6 8 40 57 55 28 58 74 45 44 0 47 2 75 11 37 50 15 32 33 18 63 29 23 34 56 65 64 12 0 0 67 13 52 17 72 0 49 71 26 36 42 46 24 0 25 39 41 61 0 43
41 42 0 31 7 27 61 6 0 68 64 0 0 34 0 0 75 13 5 0 16 38 72 0 71 19 20 49 0 3 53 51 37 50 63 58 0 40 4 57 14 48 46 33 0 29 0 59 26 2 0 35 47 62 0 0 24 65 18 15 0 52 8 12 21 56 25 11 54 30 45 0 74 39 73
52 4 56 17 0 22 59 24 12 71 14 32 60 33 66 50 5 70 16 2 47 73 38 0 44 23 19 28 13 34 74 75 0 64 40 72 62 49 41 7 9 8 36 48 0 51 18 35 20 58 10 53 46 1 61 37 3 21 0 65 45 26 25 30 6 68 43 63 69 31 57 55 15 0 29
61 29 19 74 51 47 59 57 15 58 72 64 6 65 5 11 60 31 10 13 28 33 41 67 26 69 25 8 20 48 35 14 44 32 38 7 21 49 54 22 4 30 16 9 0 40 62 66 18 45 1 68 17 43 23 12 55 34 24 42 56 71 37 50 46 3 73 70 52 53 39 27 2 75 36
70 72 25 59 62 67 46 55 0 37 51 65 54 28 68 43 33 75 17 47 61 14 2 29 57 27 10 0 50 0 42 11 23 45 20 21 19 66 6 74 8 16 4 15 0 18 0 73 34 35 1 26 0 30 7 58 32 60 5 24 13 48 53 41 39 40 44 63 52 31 0 9 71 64 56
66 27 37 0 38 0 7 39 6 59 17 61 0 70 0 0 55 8 0 49 0 74 33 0 25 2 47 11 10 30 42 57 0 0 0 0 0 50 53 26 62 36 0 51 0 16 0 46 0 45 21 35 12 0 0 0 65 0 1 23 3 15 44 68 29 4 71 63 75 48 0 0 54 0 0
5 10 54 0 38 9 22 32 0 45 18 0 3 61 17 67 71 57 16 59 11 60 0 0 62 64 70 33 72 8 27 47 58 68 41 25 4 63 2 40 15 34 13 52 0 28 0 46 56 24 75 51 69 0 0 23 55 0 43 49 21 39 19 0 44 12 42 36 66 48 7 29 37 0 35
49 27 71 41 12 53 59 21 64 38 60 0 34 70 67 32 2 66 22 51 72 0 52 0 29 65 9 68 0 3 36 45 44 0 20 58 11 16 47 10 35 40 37 1 19 39 14 50 61 24 6 26 23 55 54 13 8 28 25 57 0 42 31 0 48 0 30 62 63 5 15 0 33 0 43
49 46 33 0 0 42 34 4 0 43 16 0 0 9 38 73 21 66 10 37 48 52 27 75 14 0 5 45 70 56 53 35 7 11 0 23 41 63 74 64 60 6 51 0 68 40 0 67 12 26 47 59 71 39 0 62 54 8 17 55 0 69 58 22 44 19 65 24 32 61 3 13 15 0 30
55 52 5 64 68 39 75 15 0 73 6 0 41 38 0 49 0 23 46 29 7 58 60 13 9 8 33 45 14 56 24 66 53 1 51 71 10 31 57 50 67 59 54 34 32 61 0 25 69 30 42 26 0 22 0 63 17 47 37 21 27 36 12 19 74 18 16 20 72 2 44 35 48 70 40
61 67 74 31 5 60 32 59 0 18 3 58 0 0 29 6 44 41 0 0 73 34 20 30 16 0 10 53 35 11 40 24 66 27 54 47 68 70 65 46 51 64 26 0 0 8 4 50 0 38 55 17 45 63 57 21 43 9 56 28 33 71 7 0 25 15 62 72 0 14 36 69 12 0 52
33 54 13 66 30 37 49 16 0 25 69 75 0 61 27 40 42 7 0 52 55 3 2 0 74 48 0 19 31 18 36 0 35 50 0 58 21 28 17 38 29 1 0 10 43 47 53 68 71 44 63 12 39 0 0 67 15 57 0 62 32 8 46 20 59 34 0 6 0 51 22 0 45 5 70
46 32 50 22 38 44 16 58 74 42 24 47 7 1 10 40 65 67 48 41 20 4 36 14 61 62 51 12 8 75 71 9 69 53 60 18 35 70 27 26 29 56 28 0 57 2 52 34 72 17 45 19 63 3 31 37 43 66 49 13 30 39 11 54 33 21 23 15 64 5 68 6 59 55 25
35 69 16 17 57 14 55 2 46 68 62 13 0 72 36 47 63 23 44 39 51 48 65 70 33 43 6 58 71 74 60 49 64 21 7 37 40 38 54 53 10 34 9 11 12 20 1 42 8 19 22 41 66 56 4 30 15 24 45 18 50 3 25 32 59 27 52 75 5 28 73 26 61 31 29
20 56 49 17 48 8 7 14 0 6 12 0 0 36 61 35 40 75 26 0 42 13 41 0 0 2 73 47 46 62 66 22 1 74 69 0 24 23 70 52 71 53 5 0 3 58 38 65 19 55 39 37 28 67 16 11 63 72 27 59 43 54 44 68 10 21 29 32 30 50 64 0 60 34 9
34 16 51 75 1 2 62 43 58 65 67 5 33 24 35 42 26 3 38 28 56 55 54 14 9 59 17 63 11 57 46 40 60 0 8 18 21 69 29 50 41 19 61 37 48 20 30 31 39 64 68 70 22 32 12 36 25 45 15 49 13 66 53 10 7 72 27 44 71 4 52 6 74 73 23
50 39 47 23 66 21 28 62 10 16 67 37 0 6 46 19 4 27 38 68 30 3 48 56 5 74 72 59 42 14 53 58 36 34 71 32 9 12 64 22 11 20 63 24 7 70 61 41 57 49 54 35 60 44 33 31 26 1 25 29 13 8 15 75 51 73 17 40 65 18 69 2 43 45 52
48 30 11 68 6 37 49 58 67 74 55 72 0 34 12 66 4 62 19 1 0 22 0 0 59 2 7 73 0 18 16 63 14 0 38 27 57 33 28 35 70 46 0 50 0 36 0 44 61 21 17 42 31 26 0 0 53 39 3 54 9 0 24 64 65 41 10 45 25 0 0 0 20 56 8
27 0 75 71 0 0 39 3 0 18 0 28 0 12 54 56 0 43 0 0 49 62 0 0 72 0 63 14 0 36 0 68 29 8 21 0 47 34 0 0 0 2 0 35 0 0 0 0 0 22 0 6 65 44 0 1 0 0 38 67 0 5 0 59 42 66 0 0 10 0 0 0 26 0 48
64 45 52 41 0 48 59 49 35 72 71 56 26 61 44 9 68 73 47 43 5 1 33 70 40 4 10 60 27 31 3 37 39 55 0 54 57 38 8 30 63 53 0 7 0 42 74 15 21 17 65 20 23 34 0 67 6 32 69 14 13 16 25 2 22 19 51 28 62 50 29 0 46 18 75
62 73 5 67 0 74 48 33 38 6 12 15 25 8 43 46 34 40 75 65 23 50 63 10 70 60 49 17 68 64 36 19 57 3 55 72 54 13 1 16 9 66 4 26 47 45 11 35 22 31 61 32 69 18 0 41 24 28 53 59 14 56 52 58 44 2 39 30 37 27 7 0 29 71 20
67 53 69 28 27 47 42 51 0 16 24 55 0 35 4 0 68 56 25 7 43 12 66 62 0 49 0 20 17 11 0 18 2 21 30 54 64 72 50 32 34 36 3 1 0 74 33 6 75 19 40 23 73 15 57 9 31 13 71 63 60 5 14 59 38 52 0 45 39 26 70 61 41 22 8
2 66 63 55 68 65 46 17 11 67 59 4 0 1 27 5 62 20 72 58 74 70 26 0 16 38 40 29 36 30 54 45 3 19 48 49 43 34 21 14 51 7 53 44 25 61 60 64 15 52 47 28 13 75 71 39 41 33 6 23 9 35 10 57 12 42 18 31 50 37 32 22 24 69 73
0 25 4 65 42 0 0 0 0 31 51 0 10 27 0 0 0 54 0 0 67 0 0 0 33 45 0 22 5 0 37 0 71 64 0 53 41 50 48 8 6 32 0 0 44 14 0 35 0 46 68 18 57 0 0 75 73 72 9 0 0 28 0 0 40 11 0 13 59 0 49 0 0 0 56
50 3 75 62 6 59 47 40 5 15 51 0 74 55 22 9 0 29 57 53 44 36 0 0 23 46 19 17 0 72 0 0 1 0 24 20 58 4 27 67 54 32 26 0 31 0 49 8 0 0 11 52 0 45 0 60 41 10 48 70 71 0 28 0 61 14 12 0 65 25 7 13 35 0 42
63 64 19 49 4 23 0 67 0 3 50 10 0 53 52 0 13 61 25 57 9 11 29 12 35 17 26 2 18 44 60 48 7 8 59 33 6 37 22 30 55 39 34 45 47 38 75 72 71 74 42 36 70 56 66 27 28 40 5 68 73 14 54 16 62 21 41 58 15 65 0 0 20 69 32
59 9 52 19 46 29 36 23 67 17 5 35 0 63 3 7 61 72 27 73 13 30 74 1 41 54 68 28 2 10 39 16 37 32 42 51 6 24 14 65 53 38 12 69 0 33 64 22 4 25 21 18 49 20 60 48 15 31 44 71 43 57 45 40 8 56 0 62 55 34 26 0 11 66 47
73 34 54 74 38 36 35 27 0 67 30 63 0 48 0 68 25 9 70 0 39 53 5 45 7 61 66 69 72 2 59 4 47 37 51 3 13 20 17 52 60 12 46 31 0 16 6 14 32 75 56 0 49 19 50 18 21 41 43 29 24 64 33 26 42 57 8 55 44 11 10 40 58 15 71
39 57 4 0 72 38 16 11 19 45 51 71 0 67 32 74 33 44 26 47 49 7 17 0 28 60 50 68 1 64 62 73 31 34 58 5 0 25 59 65 27 36 53 0 0 8 9 52 2 69 0 24 13 20 0 0 12 46 43 37 6 30 66 61 22 10 42 15 48 40 35 70 18 56 23
51 69 59 1 43 74 52 32 5 47 56 2 49 44 38 41 16 62 50 60 12 54 9 63 66 19 20 30 14 58 3 55 68 21 36 71 45 64 46 18 73 23 39 35 4 8 72 6 28 11 70 48 24 65 0 17 27 42 7 67 31 57 25 37 29 15 13 26 61 53 33 22 40 34 10
47 56 40 14 46 69 4 23 48 30 62 0 0 51 20 43 6 3 50 55 9 26 72 0 29 17 13 74 19 32 36 58 67 12 54 49 33 27 7 71 25 11 65 73 59 61 24 37 75 41 31 35 0 0 16 42 66 18 1 45 0 63 60 44 52 39 34 28 8 57 70 22 2 15 38
28 21 40 56 31 6 63 60 42 72 54 57 0 1 11 9 33 58 35 49 69 61 5 43 36 65 15 7 39 16 4 41 73 18 26 51 52 27 12 20 14 45 75 19 70 24 34 8 30 68 53 47 66 55 0 64 50 38 67 17 74 2 3 23 29 10 71 46 22 25 32 44 62 59 37
37 43 64 35 71 42 52 14 26 13 7 54 10 48 21 29 60 6 57 0 2 3 63 31 38 36 65 55 69 20 40 72 11 4 75 41 67 25 34 51 73 5 16 68 12 18 50 28 61 8 53 56 46 0 47 66 9 59 70 27 33 39 24 49 23 74 32 15 22 44 45 17 30 1 19
25 15 8 49 27 34 60 2 62 30 47 68 41 17 71 66 32 59 38 56 65 46 21 69 16 43 24 44 12 73 19 28 14 42 6 45 9 50 57 33 54 26 75 64 0 10 67 40 70 39 35 58 18 22 0 13 4 7 36 63 51 74 48 55 1 11 3 0 20 5 29 37 53 61 23
75 7 41 0 67 51 42 44 0 19 54 0 0 0 0 56 12 37 57 31 45 64 0 0 0 0 17 24 0 0 69 0 28 60 18 4 62 74 29 1 10 13 49 15 63 2 65 59 70 27 55 8 0 35 38 25 0 47 34 20 11 3 22 0 9 16 26 58 52 39 32 0 40 66 73
62 0 0 0 3 26 68 2 0 5 21 7 0 9 0 36 0 32 0 0 37 66 33 0 18 0 73 46 0 75 20 71 45 74 52 0 42 31 34 30 39 43 11 0 0 28 25 15 60 27 41 54 4 24 0 64 13 53 69 0 63 57 17 16 0 58 0 38 72 8 0 10 22 48 51
4 43 27 61 0 35 39 57 6 11 75 74 66 60 73 49 56 23 62 47 71 18 41 63 53 64 28 48 42 12 14 51 46 59 22 8 31 40 29 2 15 7 24 54 21 20 68 65 32 37 67 17 30 44 34 58 70 16 26 38 25 10 50 52 13 69 55 3 19 5 33 36 72 9 45
21 55 4 74 37 18 20 25 19 53 45 3 0 23 24 34 12 75 15 60 35 33 41 0 11 42 40 8 30 64 56 29 16 49 36 5 31 38 6 26 46 52 54 50 47 7 10 1 68 67 14 58 70 72 63 57 13 66 71 61 51 9 65 69 32 43 73 62 2 28 44 0 27 39 17
61 43 40 16 6 54 2 21 3 27 31 59 0 58 12 22 62 37 39 74 30 50 41 34 4 75 36 9 32 48 56 8 64 1 69 5 18 29 11 19 68 15 66 20 38 17 49 13 53 65 10 44 14 47 73 51 25 42 46 23 63 55 33 28 71 70 67 52 60 45 26 57 72 24 7
42 58 56 33 66 68 26 47 40 31 50 13 21 16 49 59 70 19 57 52 6 46 18 0 34 32 55 27 65 41 1 14 35 37 12 0 29 43 3 5 48 28 22 17 61 53 8 75 44 7 36 24 20 45 0 39 67 63 23 4 69 54 15 60 25 2 74 72 10 51 0 0 64 73 38
22 36 71 28 53 0 5 3 38 33 69 58 0 8 73 16 34 65 17 75 4 31 0 0 2 51 52 11 0 72 74 46 30 43 47 12 41 42 59 48 37 26 0 70 0 55 66 21 67 62 9 45 6 57 0 56 24 27 60 32 1 44 29 35 13 54 14 64 0 20 61 0 39 68 18
66 12 35 20 72 41 31 6 50 64 23 26 48 11 63 61 36 68 54 43 7 9 14 0 53 30 40 44 3 15 45 62 4 32 24 71 60 10 5 2 69 25 37 29 17 58 21 1 46 75 28 57 56 74 34 55 16 73 18 8 52 19 39 33 65 51 42 13 47 38 27 22 67 59 70
4 57 51 52 35 9 34 2 0 69 59 19 45 12 10 71 23 31 8 50 27 3 66 55 40 43 37 25 64 58 49 7 24 29 33 48 36 53 60 26 11 62 21 54 73 5 18 28 32 15 39 6 0 0 41 17 75 20 1 68 70 42 30 22 74 38 56 47 65 61 67 46 63 14 16
10 59 71 11 65 62 70 50 47 55 46 32 25 61 13 75 28 3 16 45 37 4 8 0 64 51 1 24 39 42 2 41 29 5 54 33 18 7 15 6 66 74 38 19 52 12 14 20 72 21 43 34 35 69 0 49 9 27 67 26 60 56 23 22 36 44 30 73 31 40 58 0 17 57 53
15 59 21 20 50 60 41 25 57 71 63 5 66 75 0 68 42 55 11 69 53 37 29 0 0 9 28 49 65 10 31 70 12 0 54 30 38 18 62 44 43 17 61 51 4 35 26 13 1 64 48 36 7 32 45 24 33 56 74 39 73 19 72 40 8 34 52 47 46 6 3 0 14 22 67
11 6 66 20 56 43 3 42 0 13 52 0 29 59 53 45 10 57 21 74 65 69 19 0 30 40 9 24 12 49 0 32 34 16 1 7 25 72 18 41 70 68 54 33 61 75 55 31 28 15 47 5 0 50 0 0 4 48 38 63 0 26 67 64 8 2 23 51 36 37 46 27 39 44 73
39 72 21 12 34 36 71 64 0 52 74 35 38 47 48 32 61 24 33 49 57 45 51 1 60 23 58 10 37 43 70 26 14 28 19 8 63 42 31 56 62 53 55 29 16 5 4 46 13 68 15 11 50 73 59 22 9 69 75 30 6 3 67 2 40 27 65 18 7 66 44 54 20 25 41
44 45 46 10 22 35 64 59 0 5 27 20 0 16 42 28 23 36 56 72 3 68 53 11 48 19 12 41 69 54 73 58 60 63 15 26 31 52 70 57 8 39 17 40 24 34 32 47 37 14 29 67 13 9 0 30 74 43 55 7 2 66 49 65 1 33 25 75 18 4 62 38 71 61 51
7 6 30 54 56 48 16 43 0 60 27 19 18 62 64 29 14 44 47 25 52 31 28 33 67 34 51 11 40 59 4 68 1 21 39 36 74 45 65 41 13 70 57 66 26 63 24 69 38 10 17 58 75 42 3 53 2 73 8 5 15 46 20 12 55 37 49 9 61 32 35 0 23 71 22
71 24 49 26 16 29 62 15 36 67 17 68 38 13 51 66 3 8 25 11 56 58 48 41 10 9 5 61 12 44 45 28 6 63 34 39 43 31 33 19 32 59 65 54 35 42 18 37 50 47 53 30 7 57 27 1 69 70 14 4 72 40 75 64 21 73 52 2 22 20 74 0 23 55 46
36 71 9 35 42 32 60 64 38 53 3 23 48 18 66 1 10 41 69 39 67 28 45 0 50 49 24 34 17 12 46 51 72 57 15 52 62 29 20 22 16 7 8 11 0 31 56 70 27 61 63 2 6 59 0 14 74 73 13 65 30 43 58 33 68 25 0 75 19 44 26 0 54 37 40
58 0 26 0 0 0 0 54 70 13 18 0 25 0 0 36 72 0 9 39 20 68 4 0 0 28 0 3 0 74 47 1 7 0 32 66 69 0 55 22 48 73 41 0 0 62 0 71 0 63 42 67 12 19 17 31 49 2 0 0 6 40 52 8 0 33 0 0 10 34 0 0 14 29 16
21 3 16 47 13 54 0 12 0 48 71 15 0 52 67 49 75 34 56 5 29 19 8 36 0 2 6 4 73 55 11 0 42 0 62 28 1 61 51 57 37 46 40 41 10 53 45 65 0 24 18 63 44 0 0 38 7 30 74 66 14 25 20 9 60 22 50 32 23 17 58 27 35 68 70
0 74 56 0 0 35 59 32 38 7 16 0 0 0 30 0 6 0 0 13 72 0 0 0 48 0 0 52 0 46 34 47 29 0 5 18 0 44 33 0 65 20 0 0 27 0 0 0 2 23 9 21 0 0 0 71 41 0 49 11 0 50 15 39 63 14 4 53 0 0 68 0 17 0 37
53 44 70 7 0 0 52 50 0 39 27 0 33 74 40 0 5 68 10 0 0 0 18 0 0 0 0 29 0 15 45 42 4 0 36 6 56 21 22 19 0 0 0 24 9 16 73 0 43 0 0 65 0 41 0 0 51 3 38 64 63 0 47 61 20 0 0 71 23 72 0 0 0 0 0
10 62 51 75 69 48 2 16 0 18 68 43 49 46 20 3 56 30 5 8 6 64 11 27 72 31 36 19 67 54 44 1 37 34 9 65 17 71 63 52 66 41 12 59 0 38 25 24 29 39 40 15 61 28 4 22 42 57 7 23 55 45 70 47 32 50 35 74 53 58 0 0 13 73 33
63 53 60 28 0 21 64 74 29 67 30 27 0 66 35 70 40 36 12 46 44 14 51 5 49 55 4 34 16 3 19 47 0 0 54 32 18 69 8 23 10 38 52 0 0 33 13 50 42 61 6 17 22 25 0 26 7 20 1 43 0 9 2 24 41 71 45 39 68 73 75 0 72 56 11
24 75 59 44 0 70 45 64 2 29 51 53 52 22 25 1 0 62 61 68 10 17 16 0 60 28 30 55 71 12 4 8 9 5 49 33 56 57 42 36 35 66 40 65 7 14 23 63 26 27 50 21 20 3 0 32 6 69 13 0 15 72 47 41 19 18 38 46 58 73 43 0 11 67 37
38 3 36 59 51 48 37 0 10 22 17 7 0 4 49 62 39 15 0 44 43 5 60 33 12 30 52 35 69 32 75 19 42 64 55 13 66 68 45 21 54 6 50 72 0 34 20 53 18 29 61 23 2 25 0 46 14 1 73 58 28 71 8 65 47 67 56 57 41 16 31 24 40 27 11
69 75 70 9 0 0 54 60 63 13 74 68 0 0 0 0 53 7 0 0 21 15 0 1 0 65 61 29 71 0 17 5 0 55 0 10 0 0 0 0 6 49 59 0 0 30 38 0 0 2 33 67 0 35 0 0 0 3 0 0 0 28 0 34 42 0 40 0 43 73 0 0 11 0 44
67 44 58 74 19 16 21 66 22 3 70 14 0 32 0 24 33 62 0 2 61 50 25 0 18 0 15 72 1 8 46 13 10 71 20 45 4 23 55 39 69 54 7 65 0 36 35 73 0 42 17 75 6 52 0 0 53 37 31 49 41 11 48 63 34 26 60 47 12 59 43 5 38 51 64
6 36 74 29 66 13 15 41 55 14 18 27 0 25 33 11 1 43 3 22 63 40 12 0 49 68 24 61 47 53 48 4 26 23 5 7 70 62 20 16 31 10 44 64 35 56 17 73 75 19 42 38 0 69 0 71 52 59 50 39 30 65 51 72 9 67 45 32 2 46 8 57 60 54 28
51 68 47 1 11 36 33 3 0 34 42 12 0 43 64 32 20 19 0 74 61 66 13 0 17 40 26 75 72 62 16 29 49 6 39 38 65 14 5 58 27 25 53 30 0 50 45 73 4 52 15 23 55 22 21 57 46 71 7 37 10 60 63 44 24 41 67 31 9 35 70 69 2 54 28
8 75 7 46 66 0 64 45 23 14 12 37 0 21 41 67 39 19 52 51 61 27 15 25 38 4 69 2 59 56 71 16 29 62 43 34 55 20 60 33 5 50 22 0 70 24 68 40 42 54 26 49 30 0 17 73 53 35 10 32 3 6 36 63 72 9 58 48 44 13 1 28 57 0 11
67 59 53 30 0 43 40 62 61 31 12 0 0 9 0 22 0 0 0 0 45 56 0 0 60 0 47 48 50 21 0 0 70 0 23 71 36 66 0 42 19 38 0 0 0 63 20 4 0 37 28 14 39 35 0 13 72 0 18 0 0 73 0 25 11 17 1 0 52 26 69 75 58 0 57
5 74 27 23 34 25 42 28 0 21 6 44 0 38 19 0 69 8 30 72 24 52 29 2 51 62 13 55 67 20 68 40 47 31 60 66 46 12 65 71 15 41 63 10 11 33 59 75 70 7 22 61 18 37 57 43 73 16 54 49 9 35 50 36 58 48 14 1 64 39 45 32 4 26 17
40 11 69 17 42 30 56 64 55 75 41 62 54 33 1 68 25 19 0 47 16 21 23 0 12 67 10 45 8 71 57 39 14 27 43 13 60 3 51 66 32 31 28 59 65 22 2 18 20 6 73 61 72 74 26 52 58 46 63 37 24 44 70 4 50 34 48 38 49 15 7 29 9 53 36
0 0 28 0 52 0 66 15 0 0 14 71 0 43 0 11 54 0 19 0 7 5 0 0 0 33 0 21 0 18 0 0 0 0 0 72 50 63 4 16 70 0 0 0 0 69 10 20 27 31 0 45 0 22 0 0 65 17 0 0 51 0 57 34 59 46 0 73 0 38 12 0 47 0 0
12 19 46 6 5 21 34 49 64 57 10 68 0 2 13 39 3 24 33 29 17 44 7 0 9 1 41 61 36 11 59 52 18 69 73 63 60 37 16 31 45 70 15 20 43 4 66 65 8 53 50 62 22 58 72 23 71 67 35 38 56 26 30 48 27 42 55 75 47 74 32 54 14 25 51
69 11 28 68 0 14 10 32 65 0 64 0 0 25 52 0 1 4 0 0 9 6 34 0 62 59 46 37 0 50 71 17 0 19 51 29 2 45 27 70 47 60 57 0 0 66 56 21 26 42 0 18 3 36 54 35 15 63 48 23 61 22 5 31 33 43 0 16 75 13 72 0 30 0 39
60 19 68 1 32 44 50 67 35 9 42 39 40 22 71 8 5 7 58 43 47 64 45 61 11 24 34 51 70 12 63 26 62 29 21 52 74 30 72 28 53 69 36 41 18 23 65 27 55 49 16 15 73 37 0 25 3 33 4 31 10 20 13 2 54 57 66 48 17 56 14 6 38 46 75
30 23 72 16 64 31 0 41 0 20 28 71 5 70 6 12 1 60 0 44 35 66 0 0 68 21 36 45 0 49 56 38 63 29 13 7 73 61 37 48 69 43 50 46 0 24 58 39 11 26 40 27 0 15 0 75 62 34 53 51 67 17 52 19 14 8 74 25 18 3 55 0 57 33 10
40 2 69 51 31 8 15 71 0 44 46 58 61 29 70 63 6 65 39 60 68 52 34 17 41 9 36 32 13 59 20 30 73 33 21 25 22 7 43 4 19 57 3 12 27 35 28 48 49 24 64 56 23 37 0 26 50 54 5 53 62 16 14 38 72 45 67 10 55 18 42 75 66 1 11
49 0 53 56 38 0 0 0 0 35 0 0 0 28 0 11 42 46 70 0 32 0 24 0 10 0 0 37 0 47 0 0 64 21 33 23 0 62 44 39 29 30 50 54 0 2 20 0 0 55 0 26 0 68 0 43 12 14 67 0 65 0 31 0 18 0 0 58 72 36 0 69 66 0 7
20 51 0 65 0 11 22 4 0 0 6 0 0 0 24 41 58 55 75 33 0 0 0 0 10 25 9 56 0 52 23 18 31 8 57 27 15 39 50 47 61 19 71 0 0 32 0 12 3 0 0 44 0 37 0 0 0 0 0 62 69 0 0 0 36 28 0 17 42 21 0 0 0 0 35
69 54 62 56 45 4 9 25 59 18 24 36 28 51 63 33 12 65 61 11 8 19 74 39 46 5 38 50 2 32 68 23 58 37 31 49 7 17 60 55 40 43 52 35 0 3 20 71 14 64 34 6 42 30 44 75 72 73 21 66 16 70 41 48 27 67 29 26 53 22 1 0 13 10 57
43 3 19 7 75 46 41 73 20 12 40 69 8 37 23 57 34 45 67 18 6 44 24 54 70 14 39 21 10 35 30 36 49 64 22 31 16 15 63 56 66 38 33 9 11 2 65 42 29 5 71 74 52 68 51 32 61 53 72 59 25 13 27 55 47 28 1 50 4 62 60 0 17 48 58
28 52 59 0 0 0 57 0 25 22 0 61 43 0 56 0 31 50 0 3 48 0 15 0 0 35 47 2 0 1 69 66 0 5 16 41 7 45 37 12 0 29 13 38 32 75 64 70 36 10 63 11 0 65 0 0 40 0 62 0 60 72 73 46 26 51 0 44 20 55 0 0 18 9 68
21 56 18 24 69 28 30 25 17 51 9 57 68 52 46 31 75 54 0 70 3 32 11 49 27 36 45 8 74 63 66 4 41 19 62 29 42 55 12 73 16 14 38 0 71 1 22 58 47 35 67 5 61 33 40 6 39 26 50 64 34 2 10 13 15 53 20 59 44 37 43 0 48 65 7
8 73 11 41 36 30 56 0 0 64 44 0 37 4 0 0 14 72 0 38 55 75 28 0 33 12 0 26 9 65 29 48 52 0 5 57 15 54 66 0 31 27 35 0 61 18 7 71 47 45 20 74 0 32 0 68 46 50 70 60 19 16 49 0 0 21 0 53 24 40 69 0 25 43 23
25 32 22 5 28 16 37 35 24 8 50 52 0 6 44 14 75 73 18 46 60 26 15 0 41 56 67 33 34 53 43 2 38 9 49 54 3 45 27 66 72 64 48 0 12 62 58 10 21 4 7 71 0 74 0 42 61 51 63 70 57 0 31 55 29 47 40 20 11 36 17 0 68 0 19
43 57 74 27 25 34 45 60 12 44 20 35 13 28 75 69 65 54 66 50 15 9 52 49 48 5 10 1 41 16 73 42 30 37 63 62 8 7 6 11 56 3 55 31 61 72 64 24 18 71 26 58 47 53 0 36 33 4 2 70 51 29 67 14 38 46 68 19 40 32 39 17 59 23 21
21 0 0 35 52 17 14 75 0 0 60 0 0 69 0 50 0 62 0 0 36 0 25 0 29 39 65 56 45 0 0 0 34 38 55 42 41 8 58 48 27 15 5 0 73 43 40 0 44 12 0 16 22 0 0 0 32 18 7 72 59 26 0 61 66 20 9 74 23 11 0 64 24 28 71
2 40 25 34 0 26 13 62 0 14 37 9 0 19 59 12 75 46 1 51 74 0 36 0 30 23 29 41 73 69 18 56 61 35 60 58 31 6 71 32 24 66 0 48 0 63 3 16 8 55 67 4 72 33 0 0 27 38 5 0 47 68 65 43 17 7 10 0 42 45 52 0 53 21 15
46 24 13 18 15 69 67 8 3 34 52 39 61 59 7 60 5 65 72 31 48 62 53 50 6 56 71 26 51 49 75 14 30 47 38 55 12 9 63 10 27 42 4 2 32 40 19 21 11 57 70 64 45 0 22 73 54 43 1 58 35 20 37 29 74 68 66 16 36 23 41 28 25 17 44
0 15 74 0 20 26 61 65 0 0 56 0 0 44 0 34 33 46 51 45 6 39 0 0 36 69 2 62 72 48 0 67 16 0 32 4 0 58 11 70 37 25 10 40 0 3 52 19 1 66 0 24 30 47 0 22 14 64 0 17 0 73 0 0 27 21 49 75 8 53 0 0 71 0 29
22 0 57 73 0 59 0 62 0 2 67 0 23 52 48 68 64 35 0 26 12 21 53 0 11 0 65 46 0 4 55 0 72 0 61 0 32 6 19 24 41 36 14 0 8 51 34 0 0 66 27 18 0 50 0 9 40 75 0 5 0 29 16 30 60 42 17 0 0 56 0 0 74 0 20
48 32 49 43 60 11 14 27 42 25 70 0 0 71 36 46 59 72 56 65 39 69 52 4 50 67 75 15 33 6 3 61 68 23 31 58 13 9 45 47 1 28 55 37 44 26 2 29 66 73 57 8 38 35 0 20 21 19 64 74 5 12 51 62 54 24 41 22 7 34 0 0 18 16 40
1 1 1 1 1 1 1 1 1 1 1 2 1 1 1 1 1 1 2 1 2 1 2 1 1 1 1 1 1 1 1 1 1 2 1 1 2 1 1 1 1 1 2 1 1 1 1 1 1 1 1 1 1 6 3 1 3 1 1 2 1 3 3 6 1 2 2 1 1 1 3 5 5 22 6 50 56 41 66 56 39 48 54 74 56 71 54 42 73 62 60 57 43 69 41 52 72 51 39 44
91 9
1 1 1 1 1 1 1 1 1
7 9 1 0 3 6 2 4 8
7 9 4 2 0 3 6 5 1
1 0 3 5 8 4 9 2 7
8 0 1 7 2 0 5 4 3
7 8 3 1 0 6 4 2 5
6 3 9 5 0 2 7 1 4
7 1 9 4 0 0 8 2 5
4 0 6 0 0 1 8 3 9
9 0 6 0 0 5 2 1 4
9 0 2 7 0 1 8 6 4
6 9 3 4 0 5 2 1 8
5 0 7 1 0 4 8 3 9
4 0 5 0 8 7 2 1 6
1 2 3 4 0 6 7 5 9
7 0 3 1 0 0 4 9 8
8 0 9 5 0 0 6 2 3
8 0 2 6 0 0 4 3 5
8 5 4 9 0 2 3 1 7
5 0 1 0 0 8 3 6 7
7 9 5 4 0 2 8 1 3
7 0 9 2 0 3 4 1 5
9 5 8 0 0 3 1 2 7
3 5 4 6 0 9 8 2 7
6 0 9 7 5 2 3 4 1
4 0 8 3 5 0 9 1 2
8 9 5 0 0 7 3 2 4
7 4 1 0 0 2 6 5 8
2 0 7 8 1 4 6 3 5
5 0 8 2 9 6 3 1 4
7 3 8 6 0 1 9 4 5
7 2 4 8 0 9 5 1 3
2 0 3 9 8 6 4 1 5
5 4 7 0 8 6 2 3 9
1 8 5 0 4 0 2 3 7
5 0 6 7 8 1 4 2 3
7 4 6 3 0 2 5 1 9
3 0 9 0 0 1 4 5 2
1 0 5 7 0 0 8 6 3
7 2 9 4 5 0 3 8 6
5 3 2 8 0 0 1 9 4
6 0 9 1 4 8 2 5 7
7 0 4 1 6 3 9 2 5
8 0 3 2 7 5 9 4 1
3 7 2 0 0 0 9 1 5
2 4 1 0 0 6 3 9 7
6 4 2 8 0 3 7 1 9
2 0 6 8 0 4 9 1 7
7 0 3 2 9 1 5 6 4
7 0 2 4 8 9 3 6 5
2 0 1 6 0 5 8 7 3
9 0 6 3 7 0 4 8 2
9 4 3 1 0 5 6 2 7
6 1 9 2 0 4 8 3 5
2 0 6 0 0 1 5 9 7
6 0 2 8 7 5 1 9 3
7 0 4 0 8 0 2 5 1
4 0 9 5 0 1 8 6 7
7 5 4 0 0 0 6 2 8
6 9 3 0 0 2 8 5 1
8 0 4 6 3 2 9 1 5
7 8 2 5 0 3 1 4 9
4 0 7 6 0 3 9 2 5
4 8 9 0 2 5 3 1 6
6 2 3 0 8 7 1 9 4
3 5 8 7 2 0 9 1 4
5 4 8 7 0 3 2 1 9
8 0 3 2 0 9 7 6 4
7 0 6 4 0 8 1 5 2
5 0 9 6 0 2 3 1 8
9 5 8 0 0 3 1 6 4
2 6 4 0 0 0 8 1 3
9 8 1 0 0 2 4 6 3
2 4 1 3 0 7 6 5 9
1 0 4 0 0 2 6 3 8
5 1 6 0 0 9 7 4 2
5 0 7 3 0 9 8 2 1
2 0 5 8 1 6 7 3 4
6 2 4 7 0 0 5 1 8
3 7 4 0 6 8 2 1 9
5 0 1 0 0 9 4 3 7
1 4 5 6 0 7 9 3 8
3 9 7 2 0 6 5 1 4
2 3 5 9 0 6 8 4 1
5 8 9 0 0 0 6 2 7
6 0 8 4 9 7 2 5 3
5 3 4 1 8 0 7 9 6
7 0 9 8 0 5 2 1 6
9 0 1 7 0 0 4 2 8
8 0 2 0 0 5 4 3 9
6 1 3 2 7 0 8 4 9
7 4 1 6 0 2 8 3 9
1 1 1 1 1 1 1 1 1 7 6 9 9 6 5 9 7 6 5 7 6 4 7 7 5 7 5 5 7 6 7 5 7 7 7 5 4 9 5 7 6 8 4 4 5 4 4 4 6 7 6 8 4 7 5 6 9 7 8 9 5 5 5 7 4 7 4 6 4 6 7 4 8 7 5 7 7 9 6 8 6 6 4 8 4 9 8 8 6 9 9
100 50
1 1 1 1 1 1 1 1 1 1 1 1 1 1 1 1 1 1 1 1 1 1 1 1 1 1 1 1 1 1 1 1 1 1 1 1 1 1 1 1 1 1 1 1 1 1 1 1 1 1
39 50 0 43 1 8 20 0 28 31 47 3 35 0 0 6 46 18 0 34 49 10 23 24 45 0 0 4 5 16 0 21 15 48 29 12 37 30 26 38 36 17 27 7 0 2 14 25 19 44
4 2 0 46 45 29 23 1 35 36 18 42 8 41 21 20 19 44 43 50 28 38 24 9 32 30 48 0 47 3 12 49 13 11 22 25 34 15 26 27 37 16 6 17 39 7 10 33 40 31
27 7 13 21 33 31 45 8 28 25 44 22 32 0 9 1 48 11 42 15 36 3 2 19 24 30 12 20 17 46 0 35 16 14 34 4 49 26 0 41 10 40 29 37 47 5 18 6 39 43
28 0 0 9 45 0 21 0 0 50 39 16 0 0 0 1 43 26 0 0 41 33 7 35 8 44 0 40 30 10 0 15 0 19 0 14 0 0 29 25 42 0 27 34 13 46 0 6 0 17
33 29 0 7 28 46 32 49 9 43 3 39 13 38 31 16 21 27 1 24 8 14 15 37 11 2 25 42 34 26 20 19 44 30 6 18 17 50 41 48 45 22 23 47 10 35 12 4 5 36
29 22 11 2 23 8 44 25 28 43 49 24 15 38 16 19 48 32 0 42 41 17 35 1 47 39 7 0 5 33 10 26 40 0 37 31 3 4 6 27 21 34 9 18 36 13 20 14 50 30
33 4 39 0 36 0 13 0 10 50 44 38 19 3 0 0 43 31 25 49 15 32 0 42 0 0 47 0 28 26 0 48 46 0 9 2 27 34 45 5 8 35 29 6 7 11 14 12 37 16
0 0 25 28 0 0 0 0 2 36 24 16 0 0 0 7 37 23 0 13 21 17 0 35 10 0 12 0 44 40 43 0 0 0 31 5 34 46 47 4 19 26 0 0 0 27 0 0 29 41
19 18 0 4 0 46 0 0 9 28 0 41 0 0 0 14 0 17 35 48 0 2 0 43 0 15 50 39 24 32 0 30 0 0 0 8 23 33 21 1 36 49 45 38 0 34 20 44 25 26
32 27 0 25 6 50 39 11 13 12 18 3 14 48 0 22 2 41 7 23 34 5 37 38 28 16 1 0 31 10 17 30 47 33 24 9 42 15 44 4 21 46 49 40 36 8 26 20 29 43
26 45 1 29 47 7 37 38 36 12 5 13 0 0 48 43 27 32 25 31 42 41 2 16 4 44 3 0 14 24 46 9 40 34 18 11 49 22 23 15 17 8 28 33 6 50 39 20 10 21
32 2 0 9 23 49 0 0 25 19 15 6 0 37 0 34 8 30 29 26 48 46 0 41 18 4 16 17 44 11 0 31 7 0 12 21 47 0 0 43 38 0 10 45 14 24 0 0 50 42
50 24 0 14 13 15 9 36 22 21 7 18 38 48 37 26 6 45 35 19 23 10 12 3 30 47 2 0 39 5 25 29 20 0 40 1 32 34 49 16 27 46 8 42 33 0 28 17 31 4
0 28 0 43 27 0 22 5 23 3 47 36 46 0 0 31 0 29 25 0 38 19 11 49 44 30 0 20 33 0 0 35 15 21 13 45 26 4 42 14 8 32 37 0 0 17 1 34 48 16
5 34 0 28 31 41 33 16 3 39 2 26 10 12 36 42 14 24 21 46 11 38 0 40 13 44 29 0 20 43 19 15 6 0 1 27 22 0 50 23 4 7 8 25 0 37 9 17 32 18
49 0 0 0 5 0 9 26 10 11 13 47 0 30 0 14 34 43 0 44 2 36 0 18 0 0 32 8 33 24 0 50 25 0 0 29 22 0 3 35 0 39 45 48 0 46 41 21 4 20
46 14 0 32 5 2 24 40 12 49 31 26 44 0 48 29 33 9 28 8 11 13 18 22 3 43 7 0 34 16 30 36 21 27 47 1 20 19 50 37 17 6 42 0 0 35 15 41 23 10
5 46 0 8 0 24 45 0 22 33 38 19 47 31 27 23 25 41 13 48 20 7 0 50 17 28 43 0 15 26 3 9 29 0 35 42 40 32 21 49 11 37 16 10 30 39 14 4 12 2
8 4 13 19 43 25 11 0 40 15 17 0 38 0 0 0 16 50 18 30 12 7 0 21 44 0 10 0 34 9 0 29 0 0 3 37 26 42 0 27 2 23 45 36 22 1 24 33 49 41
35 33 0 48 0 13 1 0 45 14 37 6 41 0 50 47 5 21 25 20 40 11 12 49 27 23 15 36 34 22 10 31 28 43 39 7 29 19 0 18 42 4 2 3 38 32 30 16 9 46
20 23 5 15 0 9 50 18 4 12 10 39 40 0 44 21 11 2 37 24 19 36 34 46 29 26 7 49 47 41 35 16 6 30 17 27 13 25 48 22 43 38 28 42 3 33 31 1 8 14
0 43 0 45 4 0 23 41 26 24 33 16 21 0 0 0 37 7 13 47 32 8 0 31 0 11 27 6 34 28 0 0 0 0 46 2 15 19 0 49 14 18 38 20 0 3 39 10 1 42
26 49 0 47 2 30 13 50 11 7 25 15 37 0 0 24 1 20 6 0 22 38 36 46 10 29 3 0 19 33 48 35 8 0 44 21 27 12 45 42 34 4 16 28 0 18 39 23 32 5
0 25 36 37 24 49 15 0 34 41 0 44 39 42 0 26 43 28 1 46 32 0 8 21 38 7 4 0 11 18 0 27 0 0 19 50 31 0 0 0 30 23 45 16 0 13 9 2 22 6
24 49 4 3 15 27 18 25 40 35 48 32 12 0 0 33 44 14 37 7 22 21 29 45 20 38 13 36 39 47 1 34 41 5 46 42 19 26 16 10 9 50 11 31 6 17 23 2 30 43
32 30 5 42 38 8 26 27 44 45 9 34 0 11 46 37 22 29 19 12 14 33 18 13 31 3 7 4 41 43 17 50 47 25 35 2 24 36 21 23 28 15 48 20 1 39 10 40 49 16
19 7 0 16 24 10 29 21 8 22 12 32 50 5 2 27 34 11 20 23 4 46 41 45 30 47 48 31 44 49 0 35 40 39 1 37 3 33 13 17 38 9 36 14 43 42 25 18 15 26
0 0 0 11 0 24 3 0 6 13 48 0 0 0 0 26 49 17 45 35 40 14 0 30 32 0 41 0 34 47 27 9 0 0 43 15 10 0 0 7 50 19 12 37 0 2 0 21 29 1
40 30 0 27 0 0 32 0 44 17 42 16 48 0 0 47 20 9 0 46 39 23 0 24 15 25 11 3 33 1 37 2 35 8 21 29 36 28 49 14 13 7 31 50 34 19 4 0 22 43
15 47 0 37 38 44 19 0 42 0 40 0 0 0 0 17 49 13 6 0 9 1 18 8 0 0 0 23 28 36 0 0 10 0 0 22 0 30 3 0 0 24 46 26 0 27 21 0 5 34
24 28 7 31 18 47 13 0 35 21 6 17 30 15 14 9 39 4 0 48 50 45 0 12 40 38 22 5 16 49 0 43 27 0 0 0 34 2 46 29 23 3 8 25 26 10 33 11 42 19
6 15 3 10 32 47 11 1 30 20 41 16 0 0 0 25 9 50 18 24 17 48 7 8 0 27 4 19 37 28 40 44 0 38 23 13 12 35 5 43 14 42 0 21 39 36 29 2 31 46
0 2 0 39 35 0 33 19 37 6 32 21 12 0 17 9 46 48 15 26 13 45 3 24 16 40 4 0 11 1 20 44 36 10 7 18 28 8 0 43 25 34 27 0 0 47 49 22 38 50
8 6 19 18 36 0 0 3 12 40 22 30 0 0 0 49 21 42 17 41 15 37 4 1 26 33 46 0 31 32 27 43 10 7 35 39 50 11 16 48 9 44 24 20 0 28 0 14 0 29
0 1 0 16 0 29 14 0 7 10 8 13 0 25 0 19 37 34 0 22 50 4 35 5 0 17 2 0 41 43 15 20 39 0 3 30 28 0 23 6 33 12 48 49 31 9 21 18 11 46
0 8 0 13 32 20 35 0 25 17 30 0 9 0 7 0 43 1 0 40 33 5 10 0 0 0 18 3 41 26 38 0 48 0 0 2 0 47 0 14 22 50 4 29 24 6 23 36 44 49
10 17 0 37 30 44 12 8 21 13 1 38 27 50 49 39 22 11 48 40 43 14 7 32 15 2 16 26 35 33 9 47 29 36 24 31 19 20 41 5 34 45 4 23 28 46 6 25 3 42
28 15 29 24 36 13 7 45 19 30 49 40 50 10 2 31 41 35 34 27 14 43 0 18 9 3 38 4 11 42 12 46 1 32 5 39 6 26 22 8 17 48 47 25 33 21 20 23 37 16
6 7 0 33 47 45 26 43 30 42 35 2 48 12 49 37 9 29 44 36 22 41 20 17 40 3 14 13 46 24 31 39 32 50 34 27 11 4 18 19 16 38 5 25 10 8 23 1 15 21
9 10 0 0 0 12 21 11 0 13 0 27 0 47 39 40 8 33 0 48 7 38 0 0 0 22 23 0 42 28 0 49 4 26 0 0 0 0 50 0 6 31 32 35 0 16 37 36 2 1
45 39 35 23 21 0 0 6 19 12 3 28 40 11 38 48 46 16 33 34 50 20 2 8 0 41 15 0 36 31 14 1 17 0 5 18 32 0 22 42 0 26 44 0 0 30 25 47 0 43
9 4 17 33 43 15 29 50 16 8 42 24 20 36 46 2 12 45 13 34 7 10 25 47 1 26 23 40 27 32 0 31 19 11 44 39 14 37 21 49 18 35 22 3 30 5 28 6 41 48
46 31 40 37 0 22 0 2 48 30 0 6 10 32 24 21 18 1 39 45 19 4 0 5 41 8 13 34 33 36 29 35 17 25 27 15 14 12 0 47 42 44 9 28 3 38 20 16 7 23
47 14 46 41 5 42 2 44 11 38 36 8 17 0 13 22 31 7 30 45 10 35 26 28 50 21 4 0 25 20 43 49 29 18 40 16 6 0 33 48 37 15 24 23 3 19 32 34 12 9
21 13 0 27 39 6 45 38 42 50 31 15 0 0 3 8 30 35 0 33 22 0 0 49 17 18 1 0 37 5 4 46 2 0 29 7 44 26 12 40 0 23 28 19 0 9 16 47 32 10
20 38 33 12 21 25 30 0 4 39 13 49 36 0 3 0 50 48 19 27 7 31 0 35 16 8 17 0 45 43 1 2 28 5 46 24 18 29 15 6 37 42 44 9 0 34 22 23 26 10
23 0 28 34 7 48 41 0 24 15 17 33 25 0 47 29 44 38 30 8 5 10 0 46 0 36 26 16 50 6 37 13 3 0 11 43 12 22 39 20 49 40 35 42 32 14 4 2 19 18
6 44 27 1 13 5 39 10 18 12 46 45 30 0 35 50 31 22 40 47 16 48 0 7 38 42 28 0 20 24 14 17 0 15 41 37 11 33 29 0 34 49 21 9 0 26 2 3 8 4
3 39 9 33 0 0 50 21 37 36 46 26 22 35 0 19 25 44 0 48 31 17 24 12 7 45 30 0 49 29 0 43 42 0 23 38 20 4 0 47 13 5 11 14 0 10 34 8 0 15
12 37 7 21 16 35 5 2 29 40 6 10 24 26 38 11 25 13 32 17 20 34 0 23 42 49 50 0 18 47 0 9 27 41 3 33 39 31 8 19 28 45 4 15 22 30 48 36 46 1
0 48 0 33 41 20 30 0 0 44 1 16 0 0 0 27 10 19 0 2 22 35 5 7 47 36 37 6 15 0 49 0 29 0 24 34 50 31 17 9 0 4 0 32 0 14 45 26 38 3
30 10 0 47 45 32 2 13 50 20 48 29 0 5 14 49 44 42 25 12 27 21 40 4 37 38 46 6 18 8 11 15 23 26 28 35 3 43 0 36 34 19 31 17 9 24 33 7 39 22
14 36 18 13 45 7 29 0 33 25 22 30 17 0 15 26 49 0 0 28 42 37 0 0 0 21 0 0 0 0 0 41 11 5 0 8 0 0 0 9 47 38 0 48 39 0 46 6 34 0
8 44 30 17 31 27 16 0 0 5 22 21 20 0 18 7 11 45 48 40 36 37 25 15 9 47 28 38 32 10 6 26 33 0 19 2 34 29 24 1 50 39 46 12 0 41 14 49 23 4
37 8 14 34 5 23 46 48 12 1 3 21 25 0 49 6 9 29 30 42 2 7 47 43 17 33 45 35 27 22 26 44 24 13 18 28 20 11 40 36 4 39 31 15 0 32 38 41 10 50
4 26 10 13 3 40 30 38 27 28 35 2 39 48 22 37 25 8 12 33 44 1 42 24 21 41 19 0 5 6 9 17 16 15 18 20 14 50 34 43 29 36 46 47 45 7 32 31 49 11
19 30 49 13 34 22 43 47 40 44 27 9 0 35 3 8 23 42 36 39 20 31 24 32 0 28 12 0 21 17 45 25 50 7 16 29 15 11 37 18 38 48 2 26 5 4 6 41 46 14
9 30 0 45 42 7 20 24 48 38 25 8 50 27 26 40 36 46 3 47 23 17 0 31 28 35 19 41 13 6 37 12 39 5 15 22 21 43 0 33 1 34 44 14 16 18 29 49 32 4
46 42 3 40 50 14 6 45 5 22 9 30 33 0 11 23 17 4 8 48 21 12 35 19 0 13 10 34 16 28 0 29 20 37 47 43 18 2 36 24 49 39 26 32 15 44 31 38 7 41
2 0 3 10 0 0 34 45 17 8 41 26 31 0 20 22 19 16 7 0 27 15 36 38 6 0 29 0 23 44 49 0 30 0 13 1 39 14 37 50 0 35 42 5 0 28 4 43 18 48
22 38 0 23 8 45 25 0 37 46 30 29 4 0 44 5 15 24 40 21 16 35 20 50 33 48 9 12 10 26 36 1 6 0 39 27 47 28 18 2 49 43 14 42 19 32 31 7 17 3
19 45 0 4 0 27 5 13 18 42 17 21 0 0 0 14 0 44 0 1 28 30 0 48 0 25 29 0 41 6 0 3 22 0 38 40 20 16 0 7 36 9 15 33 0 31 46 34 11 12
0 42 0 10 45 47 37 0 0 19 7 49 46 0 18 50 39 30 16 28 27 33 23 41 11 31 17 36 24 5 0 8 26 35 44 14 32 22 4 21 1 2 15 29 3 13 9 25 12 38
43 46 34 6 40 37 29 32 44 3 31 1 42 0 0 38 24 39 50 7 41 13 0 45 35 33 36 0 23 12 0 25 11 8 0 48 15 18 2 20 10 22 21 47 17 16 49 5 28 19
43 37 30 5 42 0 9 10 46 24 47 7 12 0 50 11 14 39 38 13 35 21 28 33 32 29 1 19 25 4 6 23 17 0 22 36 40 20 27 44 49 41 16 26 48 34 8 31 45 18
48 33 0 17 23 24 13 0 0 21 35 37 1 0 0 31 46 15 0 47 8 12 14 20 38 9 18 0 4 16 40 30 42 0 0 27 0 6 36 0 7 45 10 28 22 44 2 5 19 39
32 41 21 13 43 26 35 10 38 39 46 50 47 24 6 11 28 31 17 8 18 19 0 2 22 1 23 0 36 45 15 5 25 27 29 33 14 49 20 7 4 37 40 12 48 34 9 30 16 42
0 42 0 45 44 0 0 17 10 19 22 4 49 0 0 37 0 11 9 0 0 0 0 6 0 0 0 0 0 35 0 50 20 0 0 2 0 0 0 47 28 34 24 43 0 12 0 41 5 15
41 1 0 48 0 28 0 0 29 23 14 11 36 0 0 0 12 0 0 9 44 24 0 47 17 0 22 0 3 35 43 6 0 0 0 25 38 19 0 0 39 32 7 2 13 45 50 37 0 33
45 7 24 46 38 8 33 13 43 32 28 20 14 34 12 23 39 47 35 18 36 27 49 31 21 2 44 9 19 48 0 40 16 25 15 41 26 50 42 6 10 3 5 4 17 37 11 30 22 29
20 35 19 4 16 22 6 31 28 32 42 24 9 0 17 25 18 8 2 5 38 45 49 44 11 10 1 26 21 36 12 3 48 47 23 30 29 13 34 15 50 46 41 14 37 40 27 39 43 7
14 29 45 10 40 37 4 2 39 5 27 48 44 0 11 18 12 25 13 31 38 6 49 32 35 47 41 19 43 46 17 33 16 1 30 34 7 24 28 22 42 50 20 8 15 21 36 26 9 3
14 20 45 10 37 4 5 7 25 21 41 24 3 0 0 42 27 34 35 39 1 17 50 48 19 47 49 13 8 6 30 40 33 23 28 2 9 43 31 15 16 29 12 46 11 32 18 22 38 26
43 30 0 28 0 0 0 35 11 0 0 21 5 0 0 45 6 0 0 12 38 36 0 31 0 0 41 0 29 19 34 1 49 22 0 0 26 0 46 17 40 4 13 0 0 15 47 10 20 8
46 13 11 33 3 38 5 24 48 50 29 35 43 0 9 39 22 42 7 10 16 26 0 40 2 6 15 14 49 25 28 18 4 32 31 45 37 21 17 30 47 36 20 23 12 1 44 8 19 41
0 47 0 35 18 0 0 0 0 14 38 43 0 0 48 0 26 0 28 11 25 44 27 17 13 20 15 7 0 49 37 40 12 0 9 31 21 36 33 4 5 50 30 0 0 22 0 46 0 10
0 10 0 38 0 31 16 44 28 49 12 0 0 0 0 43 0 0 0 20 39 25 0 0 0 30 0 0 27 48 0 23 9 7 2 37 36 29 0 50 6 21 18 41 0 22 45 35 47 11
21 7 36 4 29 45 42 12 22 19 5 50 32 10 8 23 31 6 11 25 43 49 0 27 15 28 14 13 40 46 48 9 34 26 2 39 41 30 17 18 1 20 24 37 35 47 16 3 38 44
41 15 0 40 37 9 25 36 22 10 34 38 5 0 39 6 48 12 28 19 14 42 47 23 2 29 46 21 31 1 50 18 44 32 27 43 17 13 20 30 24 3 49 26 11 35 7 33 8 45
0 0 0 34 30 11 50 36 7 21 6 44 0 0 3 8 10 0 0 14 19 24 0 49 0 0 0 0 4 0 0 9 5 0 0 40 33 0 0 38 31 37 0 0 0 41 0 0 35 48
19 36 0 17 26 41 28 14 13 6 0 34 29 0 10 0 21 38 27 12 40 47 5 23 33 3 22 32 43 18 0 0 0 1 37 8 15 48 24 9 35 20 49 0 0 25 31 0 45 2
27 41 12 28 24 22 43 21 45 30 42 19 26 0 50 4 35 20 23 18 1 37 6 49 14 34 31 17 2 11 40 36 16 39 7 5 33 47 9 15 38 46 3 10 44 48 25 13 32 8
2 43 46 6 41 35 5 45 10 48 22 14 20 1 30 28 36 42 16 50 12 17 0 21 37 19 11 9 29 33 25 23 31 15 24 47 49 7 40 44 39 26 27 34 32 18 13 8 38 4
11 34 0 32 0 6 41 0 3 47 21 49 27 0 0 35 36 37 0 14 0 17 39 1 0 5 16 19 25 9 43 28 44 42 46 15 24 38 12 4 7 23 13 45 40 22 26 29 48 31
46 38 0 11 41 18 29 23 4 21 10 28 2 40 45 35 36 48 8 17 44 33 0 50 0 25 34 6 32 30 19 47 13 0 20 14 37 42 22 16 3 9 49 7 0 26 43 27 24 31
0 34 38 36 49 7 18 11 9 50 35 21 31 30 3 46 19 4 32 16 24 15 12 47 43 45 41 5 10 28 2 13 42 40 39 33 23 14 0 29 37 26 27 25 48 8 22 1 20 17
20 48 0 18 0 0 33 27 0 3 1 6 35 0 28 42 0 17 0 22 0 21 0 19 0 25 47 0 32 10 50 2 26 0 44 8 49 29 23 31 14 41 24 16 0 4 46 45 40 15
49 46 24 25 22 18 0 35 37 12 3 38 0 0 0 31 13 0 48 7 10 0 0 0 0 8 47 0 0 34 0 0 0 29 0 27 0 0 30 0 6 11 32 4 0 16 50 41 0 0
43 23 36 21 20 19 11 41 7 26 42 48 3 13 46 30 15 28 17 8 9 38 1 16 27 22 47 0 12 37 39 35 34 40 49 25 45 31 14 10 5 29 32 33 0 24 18 50 2 4
8 22 0 11 0 14 16 44 47 13 42 10 50 0 7 2 43 18 32 46 6 45 0 26 5 0 28 0 21 30 0 3 24 33 17 4 48 35 20 39 23 34 15 29 0 40 1 25 49 31
40 45 0 6 0 36 49 0 31 28 48 19 10 0 0 32 7 21 0 23 17 33 0 25 0 22 0 0 47 34 15 16 12 0 44 8 0 39 50 43 9 0 35 30 0 20 1 24 2 46
2 23 29 19 28 13 15 40 39 48 49 35 20 14 36 10 16 24 12 50 33 45 18 22 37 1 34 0 31 7 47 8 3 0 0 4 26 9 25 21 27 46 5 43 42 38 32 30 44 6
41 45 0 12 36 47 14 50 15 17 49 37 35 10 25 26 22 32 18 44 24 46 11 34 8 42 2 33 6 5 43 3 16 31 40 48 19 29 20 27 13 7 30 4 23 21 38 9 28 39
15 41 0 42 0 5 30 16 50 24 6 33 14 0 12 10 9 46 49 48 7 17 0 2 31 4 44 0 13 3 20 47 32 22 29 37 40 27 11 36 35 19 25 8 26 38 28 23 39 43
48 19 13 26 3 24 31 46 1 18 11 2 0 23 28 12 8 14 43 44 37 5 41 20 35 30 22 50 7 15 9 21 47 33 0 25 45 38 42 29 34 10 36 32 39 27 49 16 4 17
35 39 16 20 12 11 18 24 26 46 2 36 22 9 27 38 32 37 45 47 1 34 17 31 28 25 13 0 10 8 4 44 49 0 0 3 29 14 40 30 33 21 42 5 50 6 41 23 7 19
25 36 0 45 0 15 9 0 0 0 0 0 0 0 12 39 23 0 27 13 42 0 0 3 40 5 8 0 30 0 0 0 0 0 0 44 46 0 0 0 19 11 14 20 0 41 0 22 35 18
24 0 31 23 0 0 43 0 18 11 15 6 9 25 22 28 40 10 35 19 49 26 0 13 39 37 44 0 4 5 32 27 16 0 0 0 42 2 0 33 3 46 21 0 0 0 38 29 14 17
14 30 0 4 13 21 5 23 9 6 16 11 39 17 49 44 3 43 7 25 12 38 10 8 28 48 34 37 46 42 26 41 31 18 32 15 35 33 50 40 27 1 47 45 19 22 24 29 2 20
0 0 0 20 44 1 21 24 39 23 8 0 0 0 38 22 30 15 0 7 17 0 46 14 16 0 6 0 34 31 49 48 13 0 40 19 36 41 0 0 47 4 9 0 29 32 3 33 10 25
1 1 1 4 1 1 1 1 1 1 1 1 3 1 1 1 1 2 1 1 1 1 1 5 2 1 1 4 1 1 1 3 1 3 4 1 3 1 1 3 7 1 8 4 11 12 4 7 4 14 42 50 34 41 30 29 31 35 28 34 42 47 39 43 40 28 36 38 36 40 26 27 26 39 42 48 48 49 49 30 29 40 49 26 44 36 45 35 28 26 31 34 40 26 41 26 49 36 33 29
