5 1
100 100
100 100 100 100 100 100 100 100 100 100 100 100 100 100 100 100 100 100 100 100 100 100 100 100 100 100 100 100 100 100 100 100 100 100 100 100 100 100 100 100 100 100 100 100 100 100 100 100 100 100 100 100 100 100 100 100 100 100 100 100 100 100 100 100 100 100 100 100 100 100 100 100 100 100 100 100 100 100 100 100 100 100 100 100 100 100 100 100 100 100 100 100 100 100 100 100 100 100 100 100
1 2 3 4 5 6 7 8 9 10 11 12 13 14 15 16 17 18 19 20 21 22 23 24 25 26 27 28 29 30 31 32 33 34 35 36 37 38 39 40 41 42 43 44 45 46 47 48 49 50 51 52 53 54 55 56 57 58 59 60 61 62 63 64 65 66 67 68 69 70 71 72 73 74 75 76 77 78 79 80 81 82 83 84 85 86 87 88 89 90 91 92 93 94 95 96 97 98 99 100
1 2 3 4 5 6 7 8 9 10 11 12 13 14 15 16 17 18 19 20 21 22 23 24 25 26 27 28 29 30 31 32 33 34 35 36 37 38 39 40 41 42 43 44 45 46 47 48 49 50 51 52 53 54 55 56 57 58 59 60 61 62 63 64 65 66 67 68 69 70 71 72 73 74 75 76 77 78 79 80 81 82 83 84 85 86 87 88 89 90 91 92 93 94 95 96 97 98 99 100
1 2 3 4 5 6 7 8 9 10 11 12 13 14 15 16 17 18 19 20 21 22 23 24 25 26 27 28 29 30 31 32 33 34 35 36 37 38 39 40 41 42 43 44 45 46 47 48 49 50 51 52 53 54 55 56 57 58 59 60 61 62 63 64 65 66 67 68 69 70 71 72 73 74 75 76 77 78 79 80 81 82 83 84 85 86 87 88 89 90 91 92 93 94 95 96 97 98 99 100
1 2 3 4 5 6 7 8 9 10 11 12 13 14 15 16 17 18 19 20 21 22 23 24 25 26 27 28 29 30 31 32 33 34 35 36 37 38 39 40 41 42 43 44 45 46 47 48 49 50 51 52 53 54 55 56 57 58 59 60 61 62 63 64 65 66 67 68 69 70 71 72 73 74 75 76 77 78 79 80 81 82 83 84 85 86 87 88 89 90 91 92 93 94 95 96 97 98 99 100
1 2 3 4 5 6 7 8 9 10 11 12 13 14 15 16 17 18 19 20 21 22 23 24 25 26 27 28 29 30 31 32 33 34 35 36 37 38 39 40 41 42 43 44 45 46 47 48 49 50 51 52 53 54 55 56 57 58 59 60 61 62 63 64 65 66 67 68 69 70 71 72 73 74 75 76 77 78 79 80 81 82 83 84 85 86 87 88 89 90 91 92 93 94 95 96 97 98 99 100
1 2 3 4 5 6 7 8 9 10 11 12 13 14 15 16 17 18 19 20 21 22 23 24 25 26 27 28 29 30 31 32 33 34 35 36 37 38 39 40 41 42 43 44 45 46 47 48 49 50 51 52 53 54 55 56 57 58 59 60 61 62 63 64 65 66 67 68 69 70 71 72 73 74 75 76 77 78 79 80 81 82 83 84 85 86 87 88 89 90 91 92 93 94 95 96 97 98 99 100
1 2 3 4 5 6 7 8 9 10 11 12 13 14 15 16 17 18 19 20 21 22 23 24 25 26 27 28 29 30 31 32 33 34 35 36 37 38 39 40 41 42 43 44 45 46 47 48 49 50 51 52 53 54 55 56 57 58 59 60 61 62 63 64 65 66 67 68 69 70 71 72 73 74 75 76 77 78 79 80 81 82 83 84 85 86 87 88 89 90 91 92 93 94 95 96 97 98 99 100
1 2 3 4 5 6 7 8 9 10 11 12 13 14 15 16 17 18 19 20 21 22 23 24 25 26 27 28 29 30 31 32 33 34 35 36 37 38 39 40 41 42 43 44 45 46 47 48 49 50 51 52 53 54 55 56 57 58 59 60 61 62 63 64 65 66 67 68 69 70 71 72 73 74 75 76 77 78 79 80 81 82 83 84 85 86 87 88 89 90 91 92 93 94 95 96 97 98 99 100
1 2 3 4 5 6 7 8 9 10 11 12 13 14 15 16 17 18 19 20 21 22 23 24 25 26 27 28 29 30 31 32 33 34 35 36 37 38 39 40 41 42 43 44 45 46 47 48 49 50 51 52 53 54 55 56 57 58 59 60 61 62 63 64 65 66 67 68 69 70 71 72 73 74 75 76 77 78 79 80 81 82 83 84 85 86 87 88 89 90 91 92 93 94 95 96 97 98 99 100
1 2 3 4 5 6 7 8 9 10 11 12 13 14 15 16 17 18 19 20 21 22 23 24 25 26 27 28 29 30 31 32 33 34 35 36 37 38 39 40 41 42 43 44 45 46 47 48 49 50 51 52 53 54 55 56 57 58 59 60 61 62 63 64 65 66 67 68 69 70 71 72 73 74 75 76 77 78 79 80 81 82 83 84 85 86 87 88 89 90 91 92 93 94 95 96 97 98 99 100
1 2 3 4 5 6 7 8 9 10 11 12 13 14 15 16 17 18 19 20 21 22 23 24 25 26 27 28 29 30 31 32 33 34 35 36 37 38 39 40 41 42 43 44 45 46 47 48 49 50 51 52 53 54 55 56 57 58 59 60 61 62 63 64 65 66 67 68 69 70 71 72 73 74 75 76 77 78 79 80 81 82 83 84 85 86 87 88 89 90 91 92 93 94 95 96 97 98 99 100
1 2 3 4 5 6 7 8 9 10 11 12 13 14 15 16 17 18 19 20 21 22 23 24 25 26 27 28 29 30 31 32 33 34 35 36 37 38 39 40 41 42 43 44 45 46 47 48 49 50 51 52 53 54 55 56 57 58 59 60 61 62 63 64 65 66 67 68 69 70 71 72 73 74 75 76 77 78 79 80 81 82 83 84 85 86 87 88 89 90 91 92 93 94 95 96 97 98 99 100
1 2 3 4 5 6 7 8 9 10 11 12 13 14 15 16 17 18 19 20 21 22 23 24 25 26 27 28 29 30 31 32 33 34 35 36 37 38 39 40 41 42 43 44 45 46 47 48 49 50 51 52 53 54 55 56 57 58 59 60 61 62 63 64 65 66 67 68 69 70 71 72 73 74 75 76 77 78 79 80 81 82 83 84 85 86 87 88 89 90 91 92 93 94 95 96 97 98 99 100
1 2 3 4 5 6 7 8 9 10 11 12 13 14 15 16 17 18 19 20 21 22 23 24 25 26 27 28 29 30 31 32 33 34 35 36 37 38 39 40 41 42 43 44 45 46 47 48 49 50 51 52 53 54 55 56 57 58 59 60 61 62 63 64 65 66 67 68 69 70 71 72 73 74 75 76 77 78 79 80 81 82 83 84 85 86 87 88 89 90 91 92 93 94 95 96 97 98 99 100
1 2 3 4 5 6 7 8 9 10 11 12 13 14 15 16 17 18 19 20 21 22 23 24 25 26 27 28 29 30 31 32 33 34 35 36 37 38 39 40 41 42 43 44 45 46 47 48 49 50 51 52 53 54 55 56 57 58 59 60 61 62 63 64 65 66 67 68 69 70 71 72 73 74 75 76 77 78 79 80 81 82 83 84 85 86 87 88 89 90 91 92 93 94 95 96 97 98 99 100
1 2 3 4 5 6 7 8 9 10 11 12 13 14 15 16 17 18 19 20 21 22 23 24 25 26 27 28 29 30 31 32 33 34 35 36 37 38 39 40 41 42 43 44 45 46 47 48 49 50 51 52 53 54 55 56 57 58 59 60 61 62 63 64 65 66 67 68 69 70 71 72 73 74 75 76 77 78 79 80 81 82 83 84 85 86 87 88 89 90 91 92 93 94 95 96 97 98 99 100
1 2 3 4 5 6 7 8 9 10 11 12 13 14 15 16 17 18 19 20 21 22 23 24 25 26 27 28 29 30 31 32 33 34 35 36 37 38 39 40 41 42 43 44 45 46 47 48 49 50 51 52 53 54 55 56 57 58 59 60 61 62 63 64 65 66 67 68 69 70 71 72 73 74 75 76 77 78 79 80 81 82 83 84 85 86 87 88 89 90 91 92 93 94 95 96 97 98 99 100
1 2 3 4 5 6 7 8 9 10 11 12 13 14 15 16 17 18 19 20 21 22 23 24 25 26 27 28 29 30 31 32 33 34 35 36 37 38 39 40 41 42 43 44 45 46 47 48 49 50 51 52 53 54 55 56 57 58 59 60 61 62 63 64 65 66 67 68 69 70 71 72 73 74 75 76 77 78 79 80 81 82 83 84 85 86 87 88 89 90 91 92 93 94 95 96 97 98 99 100
1 2 3 4 5 6 7 8 9 10 11 12 13 14 15 16 17 18 19 20 21 22 23 24 25 26 27 28 29 30 31 32 33 34 35 36 37 38 39 40 41 42 43 44 45 46 47 48 49 50 51 52 53 54 55 56 57 58 59 60 61 62 63 64 65 66 67 68 69 70 71 72 73 74 75 76 77 78 79 80 81 82 83 84 85 86 87 88 89 90 91 92 93 94 95 96 97 98 99 100
1 2 3 4 5 6 7 8 9 10 11 12 13 14 15 16 17 18 19 20 21 22 23 24 25 26 27 28 29 30 31 32 33 34 35 36 37 38 39 40 41 42 43 44 45 46 47 48 49 50 51 52 53 54 55 56 57 58 59 60 61 62 63 64 65 66 67 68 69 70 71 72 73 74 75 76 77 78 79 80 81 82 83 84 85 86 87 88 89 90 91 92 93 94 95 96 97 98 99 100
1 2 3 4 5 6 7 8 9 10 11 12 13 14 15 16 17 18 19 20 21 22 23 24 25 26 27 28 29 30 31 32 33 34 35 36 37 38 39 40 41 42 43 44 45 46 47 48 49 50 51 52 53 54 55 56 57 58 59 60 61 62 63 64 65 66 67 68 69 70 71 72 73 74 75 76 77 78 79 80 81 82 83 84 85 86 87 88 89 90 91 92 93 94 95 96 97 98 99 100
1 2 3 4 5 6 7 8 9 10 11 12 13 14 15 16 17 18 19 20 21 22 23 24 25 26 27 28 29 30 31 32 33 34 35 36 37 38 39 40 41 42 43 44 45 46 47 48 49 50 51 52 53 54 55 56 57 58 59 60 61 62 63 64 65 66 67 68 69 70 71 72 73 74 75 76 77 78 79 80 81 82 83 84 85 86 87 88 89 90 91 92 93 94 95 96 97 98 99 100
1 2 3 4 5 6 7 8 9 10 11 12 13 14 15 16 17 18 19 20 21 22 23 24 25 26 27 28 29 30 31 32 33 34 35 36 37 38 39 40 41 42 43 44 45 46 47 48 49 50 51 52 53 54 55 56 57 58 59 60 61 62 63 64 65 66 67 68 69 70 71 72 73 74 75 76 77 78 79 80 81 82 83 84 85 86 87 88 89 90 91 92 93 94 95 96 97 98 99 100
1 2 3 4 5 6 7 8 9 10 11 12 13 14 15 16 17 18 19 20 21 22 23 24 25 26 27 28 29 30 31 32 33 34 35 36 37 38 39 40 41 42 43 44 45 46 47 48 49 50 51 52 53 54 55 56 57 58 59 60 61 62 63 64 65 66 67 68 69 70 71 72 73 74 75 76 77 78 79 80 81 82 83 84 85 86 87 88 89 90 91 92 93 94 95 96 97 98 99 100
1 2 3 4 5 6 7 8 9 10 11 12 13 14 15 16 17 18 19 20 21 22 23 24 25 26 27 28 29 30 31 32 33 34 35 36 37 38 39 40 41 42 43 44 45 46 47 48 49 50 51 52 53 54 55 56 57 58 59 60 61 62 63 64 65 66 67 68 69 70 71 72 73 74 75 76 77 78 79 80 81 82 83 84 85 86 87 88 89 90 91 92 93 94 95 96 97 98 99 100
1 2 3 4 5 6 7 8 9 10 11 12 13 14 15 16 17 18 19 20 21 22 23 24 25 26 27 28 29 30 31 32 33 34 35 36 37 38 39 40 41 42 43 44 45 46 47 48 49 50 51 52 53 54 55 56 57 58 59 60 61 62 63 64 65 66 67 68 69 70 71 72 73 74 75 76 77 78 79 80 81 82 83 84 85 86 87 88 89 90 91 92 93 94 95 96 97 98 99 100
1 2 3 4 5 6 7 8 9 10 11 12 13 14 15 16 17 18 19 20 21 22 23 24 25 26 27 28 29 30 31 32 33 34 35 36 37 38 39 40 41 42 43 44 45 46 47 48 49 50 51 52 53 54 55 56 57 58 59 60 61 62 63 64 65 66 67 68 69 70 71 72 73 74 75 76 77 78 79 80 81 82 83 84 85 86 87 88 89 90 91 92 93 94 95 96 97 98 99 100
1 2 3 4 5 6 7 8 9 10 11 12 13 14 15 16 17 18 19 20 21 22 23 24 25 26 27 28 29 30 31 32 33 34 35 36 37 38 39 40 41 42 43 44 45 46 47 48 49 50 51 52 53 54 55 56 57 58 59 60 61 62 63 64 65 66 67 68 69 70 71 72 73 74 75 76 77 78 79 80 81 82 83 84 85 86 87 88 89 90 91 92 93 94 95 96 97 98 99 100
1 2 3 4 5 6 7 8 9 10 11 12 13 14 15 16 17 18 19 20 21 22 23 24 25 26 27 28 29 30 31 32 33 34 35 36 37 38 39 40 41 42 43 44 45 46 47 48 49 50 51 52 53 54 55 56 57 58 59 60 61 62 63 64 65 66 67 68 69 70 71 72 73 74 75 76 77 78 79 80 81 82 83 84 85 86 87 88 89 90 91 92 93 94 95 96 97 98 99 100
1 2 3 4 5 6 7 8 9 10 11 12 13 14 15 16 17 18 19 20 21 22 23 24 25 26 27 28 29 30 31 32 33 34 35 36 37 38 39 40 41 42 43 44 45 46 47 48 49 50 51 52 53 54 55 56 57 58 59 60 61 62 63 64 65 66 67 68 69 70 71 72 73 74 75 76 77 78 79 80 81 82 83 84 85 86 87 88 89 90 91 92 93 94 95 96 97 98 99 100
1 2 3 4 5 6 7 8 9 10 11 12 13 14 15 16 17 18 19 20 21 22 23 24 25 26 27 28 29 30 31 32 33 34 35 36 37 38 39 40 41 42 43 44 45 46 47 48 49 50 51 52 53 54 55 56 57 58 59 60 61 62 63 64 65 66 67 68 69 70 71 72 73 74 75 76 77 78 79 80 81 82 83 84 85 86 87 88 89 90 91 92 93 94 95 96 97 98 99 100
1 2 3 4 5 6 7 8 9 10 11 12 13 14 15 16 17 18 19 20 21 22 23 24 25 26 27 28 29 30 31 32 33 34 35 36 37 38 39 40 41 42 43 44 45 46 47 48 49 50 51 52 53 54 55 56 57 58 59 60 61 62 63 64 65 66 67 68 69 70 71 72 73 74 75 76 77 78 79 80 81 82 83 84 85 86 87 88 89 90 91 92 93 94 95 96 97 98 99 100
1 2 3 4 5 6 7 8 9 10 11 12 13 14 15 16 17 18 19 20 21 22 23 24 25 26 27 28 29 30 31 32 33 34 35 36 37 38 39 40 41 42 43 44 45 46 47 48 49 50 51 52 53 54 55 56 57 58 59 60 61 62 63 64 65 66 67 68 69 70 71 72 73 74 75 76 77 78 79 80 81 82 83 84 85 86 87 88 89 90 91 92 93 94 95 96 97 98 99 100
1 2 3 4 5 6 7 8 9 10 11 12 13 14 15 16 17 18 19 20 21 22 23 24 25 26 27 28 29 30 31 32 33 34 35 36 37 38 39 40 41 42 43 44 45 46 47 48 49 50 51 52 53 54 55 56 57 58 59 60 61 62 63 64 65 66 67 68 69 70 71 72 73 74 75 76 77 78 79 80 81 82 83 84 85 86 87 88 89 90 91 92 93 94 95 96 97 98 99 100
1 2 3 4 5 6 7 8 9 10 11 12 13 14 15 16 17 18 19 20 21 22 23 24 25 26 27 28 29 30 31 32 33 34 35 36 37 38 39 40 41 42 43 44 45 46 47 48 49 50 51 52 53 54 55 56 57 58 59 60 61 62 63 64 65 66 67 68 69 70 71 72 73 74 75 76 77 78 79 80 81 82 83 84 85 86 87 88 89 90 91 92 93 94 95 96 97 98 99 100
1 2 3 4 5 6 7 8 9 10 11 12 13 14 15 16 17 18 19 20 21 22 23 24 25 26 27 28 29 30 31 32 33 34 35 36 37 38 39 40 41 42 43 44 45 46 47 48 49 50 51 52 53 54 55 56 57 58 59 60 61 62 63 64 65 66 67 68 69 70 71 72 73 74 75 76 77 78 79 80 81 82 83 84 85 86 87 88 89 90 91 92 93 94 95 96 97 98 99 100
1 2 3 4 5 6 7 8 9 10 11 12 13 14 15 16 17 18 19 20 21 22 23 24 25 26 27 28 29 30 31 32 33 34 35 36 37 38 39 40 41 42 43 44 45 46 47 48 49 50 51 52 53 54 55 56 57 58 59 60 61 62 63 64 65 66 67 68 69 70 71 72 73 74 75 76 77 78 79 80 81 82 83 84 85 86 87 88 89 90 91 92 93 94 95 96 97 98 99 100
1 2 3 4 5 6 7 8 9 10 11 12 13 14 15 16 17 18 19 20 21 22 23 24 25 26 27 28 29 30 31 32 33 34 35 36 37 38 39 40 41 42 43 44 45 46 47 48 49 50 51 52 53 54 55 56 57 58 59 60 61 62 63 64 65 66 67 68 69 70 71 72 73 74 75 76 77 78 79 80 81 82 83 84 85 86 87 88 89 90 91 92 93 94 95 96 97 98 99 100
1 2 3 4 5 6 7 8 9 10 11 12 13 14 15 16 17 18 19 20 21 22 23 24 25 26 27 28 29 30 31 32 33 34 35 36 37 38 39 40 41 42 43 44 45 46 47 48 49 50 51 52 53 54 55 56 57 58 59 60 61 62 63 64 65 66 67 68 69 70 71 72 73 74 75 76 77 78 79 80 81 82 83 84 85 86 87 88 89 90 91 92 93 94 95 96 97 98 99 100
1 2 3 4 5 6 7 8 9 10 11 12 13 14 15 16 17 18 19 20 21 22 23 24 25 26 27 28 29 30 31 32 33 34 35 36 37 38 39 40 41 42 43 44 45 46 47 48 49 50 51 52 53 54 55 56 57 58 59 60 61 62 63 64 65 66 67 68 69 70 71 72 73 74 75 76 77 78 79 80 81 82 83 84 85 86 87 88 89 90 91 92 93 94 95 96 97 98 99 100
1 2 3 4 5 6 7 8 9 10 11 12 13 14 15 16 17 18 19 20 21 22 23 24 25 26 27 28 29 30 31 32 33 34 35 36 37 38 39 40 41 42 43 44 45 46 47 48 49 50 51 52 53 54 55 56 57 58 59 60 61 62 63 64 65 66 67 68 69 70 71 72 73 74 75 76 77 78 79 80 81 82 83 84 85 86 87 88 89 90 91 92 93 94 95 96 97 98 99 100
1 2 3 4 5 6 7 8 9 10 11 12 13 14 15 16 17 18 19 20 21 22 23 24 25 26 27 28 29 30 31 32 33 34 35 36 37 38 39 40 41 42 43 44 45 46 47 48 49 50 51 52 53 54 55 56 57 58 59 60 61 62 63 64 65 66 67 68 69 70 71 72 73 74 75 76 77 78 79 80 81 82 83 84 85 86 87 88 89 90 91 92 93 94 95 96 97 98 99 100
1 2 3 4 5 6 7 8 9 10 11 12 13 14 15 16 17 18 19 20 21 22 23 24 25 26 27 28 29 30 31 32 33 34 35 36 37 38 39 40 41 42 43 44 45 46 47 48 49 50 51 52 53 54 55 56 57 58 59 60 61 62 63 64 65 66 67 68 69 70 71 72 73 74 75 76 77 78 79 80 81 82 83 84 85 86 87 88 89 90 91 92 93 94 95 96 97 98 99 100
1 2 3 4 5 6 7 8 9 10 11 12 13 14 15 16 17 18 19 20 21 22 23 24 25 26 27 28 29 30 31 32 33 34 35 36 37 38 39 40 41 42 43 44 45 46 47 48 49 50 51 52 53 54 55 56 57 58 59 60 61 62 63 64 65 66 67 68 69 70 71 72 73 74 75 76 77 78 79 80 81 82 83 84 85 86 87 88 89 90 91 92 93 94 95 96 97 98 99 100
1 2 3 4 5 6 7 8 9 10 11 12 13 14 15 16 17 18 19 20 21 22 23 24 25 26 27 28 29 30 31 32 33 34 35 36 37 38 39 40 41 42 43 44 45 46 47 48 49 50 51 52 53 54 55 56 57 58 59 60 61 62 63 64 65 66 67 68 69 70 71 72 73 74 75 76 77 78 79 80 81 82 83 84 85 86 87 88 89 90 91 92 93 94 95 96 97 98 99 100
1 2 3 4 5 6 7 8 9 10 11 12 13 14 15 16 17 18 19 20 21 22 23 24 25 26 27 28 29 30 31 32 33 34 35 36 37 38 39 40 41 42 43 44 45 46 47 48 49 50 51 52 53 54 55 56 57 58 59 60 61 62 63 64 65 66 67 68 69 70 71 72 73 74 75 76 77 78 79 80 81 82 83 84 85 86 87 88 89 90 91 92 93 94 95 96 97 98 99 100
1 2 3 4 5 6 7 8 9 10 11 12 13 14 15 16 17 18 19 20 21 22 23 24 25 26 27 28 29 30 31 32 33 34 35 36 37 38 39 40 41 42 43 44 45 46 47 48 49 50 51 52 53 54 55 56 57 58 59 60 61 62 63 64 65 66 67 68 69 70 71 72 73 74 75 76 77 78 79 80 81 82 83 84 85 86 87 88 89 90 91 92 93 94 95 96 97 98 99 100
1 2 3 4 5 6 7 8 9 10 11 12 13 14 15 16 17 18 19 20 21 22 23 24 25 26 27 28 29 30 31 32 33 34 35 36 37 38 39 40 41 42 43 44 45 46 47 48 49 50 51 52 53 54 55 56 57 58 59 60 61 62 63 64 65 66 67 68 69 70 71 72 73 74 75 76 77 78 79 80 81 82 83 84 85 86 87 88 89 90 91 92 93 94 95 96 97 98 99 100
1 2 3 4 5 6 7 8 9 10 11 12 13 14 15 16 17 18 19 20 21 22 23 24 25 26 27 28 29 30 31 32 33 34 35 36 37 38 39 40 41 42 43 44 45 46 47 48 49 50 51 52 53 54 55 56 57 58 59 60 61 62 63 64 65 66 67 68 69 70 71 72 73 74 75 76 77 78 79 80 81 82 83 84 85 86 87 88 89 90 91 92 93 94 95 96 97 98 99 100
1 2 3 4 5 6 7 8 9 10 11 12 13 14 15 16 17 18 19 20 21 22 23 24 25 26 27 28 29 30 31 32 33 34 35 36 37 38 39 40 41 42 43 44 45 46 47 48 49 50 51 52 53 54 55 56 57 58 59 60 61 62 63 64 65 66 67 68 69 70 71 72 73 74 75 76 77 78 79 80 81 82 83 84 85 86 87 88 89 90 91 92 93 94 95 96 97 98 99 100
1 2 3 4 5 6 7 8 9 10 11 12 13 14 15 16 17 18 19 20 21 22 23 24 25 26 27 28 29 30 31 32 33 34 35 36 37 38 39 40 41 42 43 44 45 46 47 48 49 50 51 52 53 54 55 56 57 58 59 60 61 62 63 64 65 66 67 68 69 70 71 72 73 74 75 76 77 78 79 80 81 82 83 84 85 86 87 88 89 90 91 92 93 94 95 96 97 98 99 100
1 2 3 4 5 6 7 8 9 10 11 12 13 14 15 16 17 18 19 20 21 22 23 24 25 26 27 28 29 30 31 32 33 34 35 36 37 38 39 40 41 42 43 44 45 46 47 48 49 50 51 52 53 54 55 56 57 58 59 60 61 62 63 64 65 66 67 68 69 70 71 72 73 74 75 76 77 78 79 80 81 82 83 84 85 86 87 88 89 90 91 92 93 94 95 96 97 98 99 100
1 2 3 4 5 6 7 8 9 10 11 12 13 14 15 16 17 18 19 20 21 22 23 24 25 26 27 28 29 30 31 32 33 34 35 36 37 38 39 40 41 42 43 44 45 46 47 48 49 50 51 52 53 54 55 56 57 58 59 60 61 62 63 64 65 66 67 68 69 70 71 72 73 74 75 76 77 78 79 80 81 82 83 84 85 86 87 88 89 90 91 92 93 94 95 96 97 98 99 100
1 2 3 4 5 6 7 8 9 10 11 12 13 14 15 16 17 18 19 20 21 22 23 24 25 26 27 28 29 30 31 32 33 34 35 36 37 38 39 40 41 42 43 44 45 46 47 48 49 50 51 52 53 54 55 56 57 58 59 60 61 62 63 64 65 66 67 68 69 70 71 72 73 74 75 76 77 78 79 80 81 82 83 84 85 86 87 88 89 90 91 92 93 94 95 96 97 98 99 100
1 2 3 4 5 6 7 8 9 10 11 12 13 14 15 16 17 18 19 20 21 22 23 24 25 26 27 28 29 30 31 32 33 34 35 36 37 38 39 40 41 42 43 44 45 46 47 48 49 50 51 52 53 54 55 56 57 58 59 60 61 62 63 64 65 66 67 68 69 70 71 72 73 74 75 76 77 78 79 80 81 82 83 84 85 86 87 88 89 90 91 92 93 94 95 96 97 98 99 100
1 2 3 4 5 6 7 8 9 10 11 12 13 14 15 16 17 18 19 20 21 22 23 24 25 26 27 28 29 30 31 32 33 34 35 36 37 38 39 40 41 42 43 44 45 46 47 48 49 50 51 52 53 54 55 56 57 58 59 60 61 62 63 64 65 66 67 68 69 70 71 72 73 74 75 76 77 78 79 80 81 82 83 84 85 86 87 88 89 90 91 92 93 94 95 96 97 98 99 100
1 2 3 4 5 6 7 8 9 10 11 12 13 14 15 16 17 18 19 20 21 22 23 24 25 26 27 28 29 30 31 32 33 34 35 36 37 38 39 40 41 42 43 44 45 46 47 48 49 50 51 52 53 54 55 56 57 58 59 60 61 62 63 64 65 66 67 68 69 70 71 72 73 74 75 76 77 78 79 80 81 82 83 84 85 86 87 88 89 90 91 92 93 94 95 96 97 98 99 100
1 2 3 4 5 6 7 8 9 10 11 12 13 14 15 16 17 18 19 20 21 22 23 24 25 26 27 28 29 30 31 32 33 34 35 36 37 38 39 40 41 42 43 44 45 46 47 48 49 50 51 52 53 54 55 56 57 58 59 60 61 62 63 64 65 66 67 68 69 70 71 72 73 74 75 76 77 78 79 80 81 82 83 84 85 86 87 88 89 90 91 92 93 94 95 96 97 98 99 100
1 2 3 4 5 6 7 8 9 10 11 12 13 14 15 16 17 18 19 20 21 22 23 24 25 26 27 28 29 30 31 32 33 34 35 36 37 38 39 40 41 42 43 44 45 46 47 48 49 50 51 52 53 54 55 56 57 58 59 60 61 62 63 64 65 66 67 68 69 70 71 72 73 74 75 76 77 78 79 80 81 82 83 84 85 86 87 88 89 90 91 92 93 94 95 96 97 98 99 100
1 2 3 4 5 6 7 8 9 10 11 12 13 14 15 16 17 18 19 20 21 22 23 24 25 26 27 28 29 30 31 32 33 34 35 36 37 38 39 40 41 42 43 44 45 46 47 48 49 50 51 52 53 54 55 56 57 58 59 60 61 62 63 64 65 66 67 68 69 70 71 72 73 74 75 76 77 78 79 80 81 82 83 84 85 86 87 88 89 90 91 92 93 94 95 96 97 98 99 100
1 2 3 4 5 6 7 8 9 10 11 12 13 14 15 16 17 18 19 20 21 22 23 24 25 26 27 28 29 30 31 32 33 34 35 36 37 38 39 40 41 42 43 44 45 46 47 48 49 50 51 52 53 54 55 56 57 58 59 60 61 62 63 64 65 66 67 68 69 70 71 72 73 74 75 76 77 78 79 80 81 82 83 84 85 86 87 88 89 90 91 92 93 94 95 96 97 98 99 100
1 2 3 4 5 6 7 8 9 10 11 12 13 14 15 16 17 18 19 20 21 22 23 24 25 26 27 28 29 30 31 32 33 34 35 36 37 38 39 40 41 42 43 44 45 46 47 48 49 50 51 52 53 54 55 56 57 58 59 60 61 62 63 64 65 66 67 68 69 70 71 72 73 74 75 76 77 78 79 80 81 82 83 84 85 86 87 88 89 90 91 92 93 94 95 96 97 98 99 100
1 2 3 4 5 6 7 8 9 10 11 12 13 14 15 16 17 18 19 20 21 22 23 24 25 26 27 28 29 30 31 32 33 34 35 36 37 38 39 40 41 42 43 44 45 46 47 48 49 50 51 52 53 54 55 56 57 58 59 60 61 62 63 64 65 66 67 68 69 70 71 72 73 74 75 76 77 78 79 80 81 82 83 84 85 86 87 88 89 90 91 92 93 94 95 96 97 98 99 100
1 2 3 4 5 6 7 8 9 10 11 12 13 14 15 16 17 18 19 20 21 22 23 24 25 26 27 28 29 30 31 32 33 34 35 36 37 38 39 40 41 42 43 44 45 46 47 48 49 50 51 52 53 54 55 56 57 58 59 60 61 62 63 64 65 66 67 68 69 70 71 72 73 74 75 76 77 78 79 80 81 82 83 84 85 86 87 88 89 90 91 92 93 94 95 96 97 98 99 100
1 2 3 4 5 6 7 8 9 10 11 12 13 14 15 16 17 18 19 20 21 22 23 24 25 26 27 28 29 30 31 32 33 34 35 36 37 38 39 40 41 42 43 44 45 46 47 48 49 50 51 52 53 54 55 56 57 58 59 60 61 62 63 64 65 66 67 68 69 70 71 72 73 74 75 76 77 78 79 80 81 82 83 84 85 86 87 88 89 90 91 92 93 94 95 96 97 98 99 100
1 2 3 4 5 6 7 8 9 10 11 12 13 14 15 16 17 18 19 20 21 22 23 24 25 26 27 28 29 30 31 32 33 34 35 36 37 38 39 40 41 42 43 44 45 46 47 48 49 50 51 52 53 54 55 56 57 58 59 60 61 62 63 64 65 66 67 68 69 70 71 72 73 74 75 76 77 78 79 80 81 82 83 84 85 86 87 88 89 90 91 92 93 94 95 96 97 98 99 100
1 2 3 4 5 6 7 8 9 10 11 12 13 14 15 16 17 18 19 20 21 22 23 24 25 26 27 28 29 30 31 32 33 34 35 36 37 38 39 40 41 42 43 44 45 46 47 48 49 50 51 52 53 54 55 56 57 58 59 60 61 62 63 64 65 66 67 68 69 70 71 72 73 74 75 76 77 78 79 80 81 82 83 84 85 86 87 88 89 90 91 92 93 94 95 96 97 98 99 100
1 2 3 4 5 6 7 8 9 10 11 12 13 14 15 16 17 18 19 20 21 22 23 24 25 26 27 28 29 30 31 32 33 34 35 36 37 38 39 40 41 42 43 44 45 46 47 48 49 50 51 52 53 54 55 56 57 58 59 60 61 62 63 64 65 66 67 68 69 70 71 72 73 74 75 76 77 78 79 80 81 82 83 84 85 86 87 88 89 90 91 92 93 94 95 96 97 98 99 100
1 2 3 4 5 6 7 8 9 10 11 12 13 14 15 16 17 18 19 20 21 22 23 24 25 26 27 28 29 30 31 32 33 34 35 36 37 38 39 40 41 42 43 44 45 46 47 48 49 50 51 52 53 54 55 56 57 58 59 60 61 62 63 64 65 66 67 68 69 70 71 72 73 74 75 76 77 78 79 80 81 82 83 84 85 86 87 88 89 90 91 92 93 94 95 96 97 98 99 100
1 2 3 4 5 6 7 8 9 10 11 12 13 14 15 16 17 18 19 20 21 22 23 24 25 26 27 28 29 30 31 32 33 34 35 36 37 38 39 40 41 42 43 44 45 46 47 48 49 50 51 52 53 54 55 56 57 58 59 60 61 62 63 64 65 66 67 68 69 70 71 72 73 74 75 76 77 78 79 80 81 82 83 84 85 86 87 88 89 90 91 92 93 94 95 96 97 98 99 100
1 2 3 4 5 6 7 8 9 10 11 12 13 14 15 16 17 18 19 20 21 22 23 24 25 26 27 28 29 30 31 32 33 34 35 36 37 38 39 40 41 42 43 44 45 46 47 48 49 50 51 52 53 54 55 56 57 58 59 60 61 62 63 64 65 66 67 68 69 70 71 72 73 74 75 76 77 78 79 80 81 82 83 84 85 86 87 88 89 90 91 92 93 94 95 96 97 98 99 100
1 2 3 4 5 6 7 8 9 10 11 12 13 14 15 16 17 18 19 20 21 22 23 24 25 26 27 28 29 30 31 32 33 34 35 36 37 38 39 40 41 42 43 44 45 46 47 48 49 50 51 52 53 54 55 56 57 58 59 60 61 62 63 64 65 66 67 68 69 70 71 72 73 74 75 76 77 78 79 80 81 82 83 84 85 86 87 88 89 90 91 92 93 94 95 96 97 98 99 100
1 2 3 4 5 6 7 8 9 10 11 12 13 14 15 16 17 18 19 20 21 22 23 24 25 26 27 28 29 30 31 32 33 34 35 36 37 38 39 40 41 42 43 44 45 46 47 48 49 50 51 52 53 54 55 56 57 58 59 60 61 62 63 64 65 66 67 68 69 70 71 72 73 74 75 76 77 78 79 80 81 82 83 84 85 86 87 88 89 90 91 92 93 94 95 96 97 98 99 100
1 2 3 4 5 6 7 8 9 10 11 12 13 14 15 16 17 18 19 20 21 22 23 24 25 26 27 28 29 30 31 32 33 34 35 36 37 38 39 40 41 42 43 44 45 46 47 48 49 50 51 52 53 54 55 56 57 58 59 60 61 62 63 64 65 66 67 68 69 70 71 72 73 74 75 76 77 78 79 80 81 82 83 84 85 86 87 88 89 90 91 92 93 94 95 96 97 98 99 100
1 2 3 4 5 6 7 8 9 10 11 12 13 14 15 16 17 18 19 20 21 22 23 24 25 26 27 28 29 30 31 32 33 34 35 36 37 38 39 40 41 42 43 44 45 46 47 48 49 50 51 52 53 54 55 56 57 58 59 60 61 62 63 64 65 66 67 68 69 70 71 72 73 74 75 76 77 78 79 80 81 82 83 84 85 86 87 88 89 90 91 92 93 94 95 96 97 98 99 100
1 2 3 4 5 6 7 8 9 10 11 12 13 14 15 16 17 18 19 20 21 22 23 24 25 26 27 28 29 30 31 32 33 34 35 36 37 38 39 40 41 42 43 44 45 46 47 48 49 50 51 52 53 54 55 56 57 58 59 60 61 62 63 64 65 66 67 68 69 70 71 72 73 74 75 76 77 78 79 80 81 82 83 84 85 86 87 88 89 90 91 92 93 94 95 96 97 98 99 100
1 2 3 4 5 6 7 8 9 10 11 12 13 14 15 16 17 18 19 20 21 22 23 24 25 26 27 28 29 30 31 32 33 34 35 36 37 38 39 40 41 42 43 44 45 46 47 48 49 50 51 52 53 54 55 56 57 58 59 60 61 62 63 64 65 66 67 68 69 70 71 72 73 74 75 76 77 78 79 80 81 82 83 84 85 86 87 88 89 90 91 92 93 94 95 96 97 98 99 100
1 2 3 4 5 6 7 8 9 10 11 12 13 14 15 16 17 18 19 20 21 22 23 24 25 26 27 28 29 30 31 32 33 34 35 36 37 38 39 40 41 42 43 44 45 46 47 48 49 50 51 52 53 54 55 56 57 58 59 60 61 62 63 64 65 66 67 68 69 70 71 72 73 74 75 76 77 78 79 80 81 82 83 84 85 86 87 88 89 90 91 92 93 94 95 96 97 98 99 100
1 2 3 4 5 6 7 8 9 10 11 12 13 14 15 16 17 18 19 20 21 22 23 24 25 26 27 28 29 30 31 32 33 34 35 36 37 38 39 40 41 42 43 44 45 46 47 48 49 50 51 52 53 54 55 56 57 58 59 60 61 62 63 64 65 66 67 68 69 70 71 72 73 74 75 76 77 78 79 80 81 82 83 84 85 86 87 88 89 90 91 92 93 94 95 96 97 98 99 100
1 2 3 4 5 6 7 8 9 10 11 12 13 14 15 16 17 18 19 20 21 22 23 24 25 26 27 28 29 30 31 32 33 34 35 36 37 38 39 40 41 42 43 44 45 46 47 48 49 50 51 52 53 54 55 56 57 58 59 60 61 62 63 64 65 66 67 68 69 70 71 72 73 74 75 76 77 78 79 80 81 82 83 84 85 86 87 88 89 90 91 92 93 94 95 96 97 98 99 100
1 2 3 4 5 6 7 8 9 10 11 12 13 14 15 16 17 18 19 20 21 22 23 24 25 26 27 28 29 30 31 32 33 34 35 36 37 38 39 40 41 42 43 44 45 46 47 48 49 50 51 52 53 54 55 56 57 58 59 60 61 62 63 64 65 66 67 68 69 70 71 72 73 74 75 76 77 78 79 80 81 82 83 84 85 86 87 88 89 90 91 92 93 94 95 96 97 98 99 100
1 2 3 4 5 6 7 8 9 10 11 12 13 14 15 16 17 18 19 20 21 22 23 24 25 26 27 28 29 30 31 32 33 34 35 36 37 38 39 40 41 42 43 44 45 46 47 48 49 50 51 52 53 54 55 56 57 58 59 60 61 62 63 64 65 66 67 68 69 70 71 72 73 74 75 76 77 78 79 80 81 82 83 84 85 86 87 88 89 90 91 92 93 94 95 96 97 98 99 100
1 2 3 4 5 6 7 8 9 10 11 12 13 14 15 16 17 18 19 20 21 22 23 24 25 26 27 28 29 30 31 32 33 34 35 36 37 38 39 40 41 42 43 44 45 46 47 48 49 50 51 52 53 54 55 56 57 58 59 60 61 62 63 64 65 66 67 68 69 70 71 72 73 74 75 76 77 78 79 80 81 82 83 84 85 86 87 88 89 90 91 92 93 94 95 96 97 98 99 100
1 2 3 4 5 6 7 8 9 10 11 12 13 14 15 16 17 18 19 20 21 22 23 24 25 26 27 28 29 30 31 32 33 34 35 36 37 38 39 40 41 42 43 44 45 46 47 48 49 50 51 52 53 54 55 56 57 58 59 60 61 62 63 64 65 66 67 68 69 70 71 72 73 74 75 76 77 78 79 80 81 82 83 84 85 86 87 88 89 90 91 92 93 94 95 96 97 98 99 100
1 2 3 4 5 6 7 8 9 10 11 12 13 14 15 16 17 18 19 20 21 22 23 24 25 26 27 28 29 30 31 32 33 34 35 36 37 38 39 40 41 42 43 44 45 46 47 48 49 50 51 52 53 54 55 56 57 58 59 60 61 62 63 64 65 66 67 68 69 70 71 72 73 74 75 76 77 78 79 80 81 82 83 84 85 86 87 88 89 90 91 92 93 94 95 96 97 98 99 100
1 2 3 4 5 6 7 8 9 10 11 12 13 14 15 16 17 18 19 20 21 22 23 24 25 26 27 28 29 30 31 32 33 34 35 36 37 38 39 40 41 42 43 44 45 46 47 48 49 50 51 52 53 54 55 56 57 58 59 60 61 62 63 64 65 66 67 68 69 70 71 72 73 74 75 76 77 78 79 80 81 82 83 84 85 86 87 88 89 90 91 92 93 94 95 96 97 98 99 100
1 2 3 4 5 6 7 8 9 10 11 12 13 14 15 16 17 18 19 20 21 22 23 24 25 26 27 28 29 30 31 32 33 34 35 36 37 38 39 40 41 42 43 44 45 46 47 48 49 50 51 52 53 54 55 56 57 58 59 60 61 62 63 64 65 66 67 68 69 70 71 72 73 74 75 76 77 78 79 80 81 82 83 84 85 86 87 88 89 90 91 92 93 94 95 96 97 98 99 100
1 2 3 4 5 6 7 8 9 10 11 12 13 14 15 16 17 18 19 20 21 22 23 24 25 26 27 28 29 30 31 32 33 34 35 36 37 38 39 40 41 42 43 44 45 46 47 48 49 50 51 52 53 54 55 56 57 58 59 60 61 62 63 64 65 66 67 68 69 70 71 72 73 74 75 76 77 78 79 80 81 82 83 84 85 86 87 88 89 90 91 92 93 94 95 96 97 98 99 100
1 2 3 4 5 6 7 8 9 10 11 12 13 14 15 16 17 18 19 20 21 22 23 24 25 26 27 28 29 30 31 32 33 34 35 36 37 38 39 40 41 42 43 44 45 46 47 48 49 50 51 52 53 54 55 56 57 58 59 60 61 62 63 64 65 66 67 68 69 70 71 72 73 74 75 76 77 78 79 80 81 82 83 84 85 86 87 88 89 90 91 92 93 94 95 96 97 98 99 100
1 2 3 4 5 6 7 8 9 10 11 12 13 14 15 16 17 18 19 20 21 22 23 24 25 26 27 28 29 30 31 32 33 34 35 36 37 38 39 40 41 42 43 44 45 46 47 48 49 50 51 52 53 54 55 56 57 58 59 60 61 62 63 64 65 66 67 68 69 70 71 72 73 74 75 76 77 78 79 80 81 82 83 84 85 86 87 88 89 90 91 92 93 94 95 96 97 98 99 100
1 2 3 4 5 6 7 8 9 10 11 12 13 14 15 16 17 18 19 20 21 22 23 24 25 26 27 28 29 30 31 32 33 34 35 36 37 38 39 40 41 42 43 44 45 46 47 48 49 50 51 52 53 54 55 56 57 58 59 60 61 62 63 64 65 66 67 68 69 70 71 72 73 74 75 76 77 78 79 80 81 82 83 84 85 86 87 88 89 90 91 92 93 94 95 96 97 98 99 100
1 2 3 4 5 6 7 8 9 10 11 12 13 14 15 16 17 18 19 20 21 22 23 24 25 26 27 28 29 30 31 32 33 34 35 36 37 38 39 40 41 42 43 44 45 46 47 48 49 50 51 52 53 54 55 56 57 58 59 60 61 62 63 64 65 66 67 68 69 70 71 72 73 74 75 76 77 78 79 80 81 82 83 84 85 86 87 88 89 90 91 92 93 94 95 96 97 98 99 100
1 2 3 4 5 6 7 8 9 10 11 12 13 14 15 16 17 18 19 20 21 22 23 24 25 26 27 28 29 30 31 32 33 34 35 36 37 38 39 40 41 42 43 44 45 46 47 48 49 50 51 52 53 54 55 56 57 58 59 60 61 62 63 64 65 66 67 68 69 70 71 72 73 74 75 76 77 78 79 80 81 82 83 84 85 86 87 88 89 90 91 92 93 94 95 96 97 98 99 100
1 2 3 4 5 6 7 8 9 10 11 12 13 14 15 16 17 18 19 20 21 22 23 24 25 26 27 28 29 30 31 32 33 34 35 36 37 38 39 40 41 42 43 44 45 46 47 48 49 50 51 52 53 54 55 56 57 58 59 60 61 62 63 64 65 66 67 68 69 70 71 72 73 74 75 76 77 78 79 80 81 82 83 84 85 86 87 88 89 90 91 92 93 94 95 96 97 98 99 100
1 2 3 4 5 6 7 8 9 10 11 12 13 14 15 16 17 18 19 20 21 22 23 24 25 26 27 28 29 30 31 32 33 34 35 36 37 38 39 40 41 42 43 44 45 46 47 48 49 50 51 52 53 54 55 56 57 58 59 60 61 62 63 64 65 66 67 68 69 70 71 72 73 74 75 76 77 78 79 80 81 82 83 84 85 86 87 88 89 90 91 92 93 94 95 96 97 98 99 100
1 2 3 4 5 6 7 8 9 10 11 12 13 14 15 16 17 18 19 20 21 22 23 24 25 26 27 28 29 30 31 32 33 34 35 36 37 38 39 40 41 42 43 44 45 46 47 48 49 50 51 52 53 54 55 56 57 58 59 60 61 62 63 64 65 66 67 68 69 70 71 72 73 74 75 76 77 78 79 80 81 82 83 84 85 86 87 88 89 90 91 92 93 94 95 96 97 98 99 100
1 2 3 4 5 6 7 8 9 10 11 12 13 14 15 16 17 18 19 20 21 22 23 24 25 26 27 28 29 30 31 32 33 34 35 36 37 38 39 40 41 42 43 44 45 46 47 48 49 50 51 52 53 54 55 56 57 58 59 60 61 62 63 64 65 66 67 68 69 70 71 72 73 74 75 76 77 78 79 80 81 82 83 84 85 86 87 88 89 90 91 92 93 94 95 96 97 98 99 100
1 2 3 4 5 6 7 8 9 10 11 12 13 14 15 16 17 18 19 20 21 22 23 24 25 26 27 28 29 30 31 32 33 34 35 36 37 38 39 40 41 42 43 44 45 46 47 48 49 50 51 52 53 54 55 56 57 58 59 60 61 62 63 64 65 66 67 68 69 70 71 72 73 74 75 76 77 78 79 80 81 82 83 84 85 86 87 88 89 90 91 92 93 94 95 96 97 98 99 100
1 2 3 4 5 6 7 8 9 10 11 12 13 14 15 16 17 18 19 20 21 22 23 24 25 26 27 28 29 30 31 32 33 34 35 36 37 38 39 40 41 42 43 44 45 46 47 48 49 50 51 52 53 54 55 56 57 58 59 60 61 62 63 64 65 66 67 68 69 70 71 72 73 74 75 76 77 78 79 80 81 82 83 84 85 86 87 88 89 90 91 92 93 94 95 96 97 98 99 100
1 2 3 4 5 6 7 8 9 10 11 12 13 14 15 16 17 18 19 20 21 22 23 24 25 26 27 28 29 30 31 32 33 34 35 36 37 38 39 40 41 42 43 44 45 46 47 48 49 50 51 52 53 54 55 56 57 58 59 60 61 62 63 64 65 66 67 68 69 70 71 72 73 74 75 76 77 78 79 80 81 82 83 84 85 86 87 88 89 90 91 92 93 94 95 96 97 98 99 100
1 1 1 1 1 1 1 1 2 1 2 1 1 2 1 1 1 1 1 2 1 1 1 2 2 1 1 2 1 1 1 2 2 1 1 2 1 2 1 2 1 1 1 2 1 1 1 1 1 1 1 1 1 2 1 1 1 1 1 1 1 1 1 2 1 1 2 2 1 2 2 1 1 1 1 1 1 1 1 2 2 1 1 1 1 2 1 2 2 1 2 1 1 2 1 2 1 1 2 2
100 100
1 1 1 1 1 1 1 1 1 1 1 1 1 1 1 1 1 1 1 1 1 1 1 1 1 1 1 1 1 1 1 1 1 1 1 1 1 1 1 1 1 1 1 1 1 1 1 1 1 1 1 1 1 1 1 1 1 1 1 1 1 1 1 1 1 1 1 1 1 1 1 1 1 1 1 1 1 1 1 1 1 1 1 1 1 1 1 1 1 1 1 1 1 1 1 1 1 1 1 1
0 59 52 70 56 51 31 17 0 92 0 0 77 58 83 72 0 35 4 0 61 15 0 14 76 95 0 0 97 0 0 0 11 16 47 43 96 0 0 3 84 0 90 0 32 25 28 98 74 42 57 0 18 64 7 66 82 1 19 0 78 37 0 27 23 0 79 91 44 73 80 41 54 26 33 67 40 0 0 36 85 86 50 46 0 12 24 39 87 0 0 0 38 34 49 0 0 13 0 0
79 82 24 23 71 28 88 15 27 33 16 10 75 13 35 51 87 38 44 60 73 98 84 19 99 67 77 0 5 63 0 0 81 83 76 89 70 7 0 11 61 0 20 0 34 12 56 65 41 72 100 0 37 53 49 29 9 26 1 86 14 97 93 59 62 0 74 32 6 64 94 52 91 95 25 8 58 0 43 4 80 18 90 48 21 68 46 2 30 92 3 0 39 31 66 0 85 54 0 0
87 64 23 37 61 73 66 10 74 4 3 57 92 32 88 96 79 34 91 99 95 85 24 20 38 41 67 89 65 72 86 33 40 84 35 94 43 8 53 51 28 76 98 9 82 47 63 93 18 15 71 44 31 2 30 58 42 7 21 56 1 77 78 60 48 0 11 6 36 45 14 83 39 19 59 54 55 62 5 69 52 25 81 49 100 12 46 22 29 17 16 97 50 70 27 13 26 75 68 80
97 71 5 4 82 92 74 23 84 27 49 88 21 55 9 68 0 72 41 38 69 51 81 35 37 90 59 2 29 44 70 36 58 93 48 75 12 57 85 77 30 54 13 19 89 28 18 56 11 100 86 0 94 67 87 10 32 34 65 76 47 99 83 98 15 0 1 14 7 96 46 50 79 3 64 91 31 80 61 60 33 26 22 24 53 20 63 42 40 16 73 8 52 43 25 39 95 6 78 66
67 82 70 13 10 0 48 53 0 11 0 87 71 8 81 92 0 44 0 0 0 40 0 90 37 0 0 0 76 0 0 0 41 74 61 2 77 0 0 0 38 0 100 0 59 33 47 93 26 3 0 0 31 39 64 62 56 46 45 5 22 14 95 83 12 0 18 21 20 97 52 0 98 28 75 58 1 16 79 96 6 72 32 51 0 89 35 63 94 0 0 0 27 0 60 0 0 36 0 0
27 36 50 61 38 23 0 47 0 15 0 0 79 20 57 80 0 67 0 0 91 51 100 56 13 37 0 0 42 0 0 0 14 34 44 4 63 48 0 88 9 0 53 0 31 55 78 97 22 12 98 0 86 64 72 29 68 24 62 19 18 92 0 25 52 0 6 73 8 95 0 87 94 60 40 74 10 0 30 49 65 39 26 11 0 2 41 75 89 0 0 0 32 84 46 90 82 69 0 0
0 76 0 37 0 0 25 3 70 36 0 0 32 56 43 44 0 91 0 27 0 51 0 63 93 87 0 75 47 0 0 0 71 0 53 0 8 0 0 0 89 0 39 0 61 46 78 2 59 55 5 0 57 69 34 41 48 38 92 0 24 97 0 82 18 0 80 9 33 66 0 22 0 90 79 28 94 0 52 99 58 17 14 0 0 21 98 16 0 0 0 0 11 96 68 0 0 30 0 0
0 84 55 58 0 0 0 65 15 51 0 0 70 99 53 29 0 61 0 0 0 23 0 34 62 0 93 0 91 0 0 0 22 82 5 0 64 0 0 0 46 0 38 0 21 17 12 56 2 40 0 0 0 41 85 59 66 71 49 1 24 9 0 20 97 0 43 4 94 57 0 0 28 75 0 100 83 0 35 0 19 32 88 0 0 89 45 90 0 0 0 0 69 95 0 0 0 63 0 0
42 19 1 51 52 60 84 93 31 13 0 47 27 22 5 83 0 18 36 73 24 6 39 69 32 87 48 0 11 44 0 3 33 46 88 70 14 81 0 90 58 94 45 0 25 78 35 99 15 89 20 0 34 74 53 55 96 9 72 82 4 37 66 54 85 0 16 71 76 62 21 67 56 7 43 49 59 12 75 68 95 2 97 92 0 61 65 38 80 0 0 0 77 98 23 17 29 26 0 0
100 15 71 56 77 79 69 89 0 1 0 0 93 33 18 87 0 22 0 59 90 42 96 85 46 21 10 0 6 27 0 0 43 61 23 14 47 0 0 19 39 0 83 0 25 40 73 48 66 35 16 0 92 24 60 94 36 88 76 68 44 70 54 28 49 0 51 95 97 58 4 2 31 82 65 99 63 0 5 78 20 98 13 0 0 57 75 9 50 0 0 0 62 86 7 91 38 8 0 0
43 31 5 84 2 3 52 57 13 10 0 53 11 65 14 100 0 73 91 12 94 7 1 86 68 90 25 56 6 98 0 0 54 88 16 49 39 80 0 41 24 62 66 0 78 42 23 97 85 34 74 0 32 50 61 21 29 33 27 22 55 82 77 40 75 0 35 26 64 45 19 95 69 51 87 92 72 0 48 4 8 59 60 79 47 9 46 36 37 30 18 0 20 93 96 70 83 44 0 0
82 25 96 30 79 72 97 13 92 7 5 91 59 45 90 89 0 22 37 17 69 93 10 36 68 27 38 48 86 94 98 6 52 50 78 67 46 75 0 42 70 26 43 32 29 81 8 55 57 49 56 9 73 62 44 19 12 21 85 58 64 1 35 23 83 0 20 63 31 99 34 87 53 16 24 61 51 0 14 74 18 2 15 40 4 66 80 54 100 3 33 0 28 95 41 84 77 47 60 65
44 64 30 22 50 68 82 13 24 11 100 12 94 66 57 81 0 49 76 39 84 78 52 34 45 62 91 61 92 41 0 3 47 55 42 32 69 51 26 85 53 4 79 40 21 88 95 9 25 2 60 16 58 29 99 31 93 54 97 83 65 74 89 96 10 1 7 63 18 56 72 90 19 70 5 28 59 6 46 73 67 23 75 36 20 15 38 80 98 71 8 0 17 27 86 77 87 48 43 14
56 46 92 24 33 95 65 26 0 81 0 0 30 49 69 54 0 60 100 0 0 47 83 86 13 79 28 0 68 37 0 0 27 20 88 0 94 0 0 50 58 35 70 0 98 80 7 8 32 22 44 0 38 42 17 99 97 89 19 57 45 31 51 21 16 0 10 59 78 52 64 36 55 74 2 34 3 0 1 76 29 96 25 72 18 90 67 85 93 0 0 0 63 77 73 0 91 12 0 0
10 48 40 75 28 41 2 99 5 14 68 38 11 23 62 66 97 3 15 91 54 80 47 13 94 96 74 76 59 37 77 82 60 87 24 84 26 92 58 69 89 83 27 57 1 8 44 43 71 33 86 61 12 85 39 35 95 56 16 98 52 64 30 31 6 0 90 81 45 88 78 63 70 53 20 93 34 7 51 25 67 50 100 79 17 19 72 73 21 36 42 49 22 29 4 46 9 32 55 18
59 87 3 43 32 30 70 75 65 6 73 29 91 38 23 27 96 10 53 13 45 16 72 18 46 89 35 69 52 80 0 68 50 8 34 99 12 36 11 48 93 7 64 17 26 4 79 49 76 15 83 60 74 90 55 94 62 95 81 77 58 85 39 66 47 0 33 25 42 92 5 63 44 1 86 100 54 21 98 51 41 88 19 82 9 56 28 97 84 24 22 57 40 37 78 71 20 2 14 61
26 77 16 78 57 49 96 27 3 2 0 76 8 56 50 6 0 44 84 14 18 22 52 36 39 97 38 24 33 0 0 0 73 64 100 54 43 0 0 81 1 13 87 0 58 40 32 70 45 23 29 0 46 12 41 88 92 93 80 25 61 69 86 47 68 0 91 30 19 99 66 71 83 9 59 75 67 15 89 65 20 90 42 63 55 31 7 79 62 0 51 0 37 21 5 4 82 11 95 10
53 17 89 7 94 95 90 45 44 18 100 12 86 36 50 34 0 8 97 59 88 13 6 38 61 21 62 0 85 43 0 0 58 93 92 66 9 0 5 1 71 0 81 0 42 67 30 72 99 27 10 0 4 39 24 25 76 83 70 33 84 87 48 82 15 0 80 51 23 54 64 52 60 14 57 22 96 0 79 75 28 26 47 56 68 2 32 78 3 0 20 0 49 55 69 91 77 16 0 29
91 92 38 69 48 18 97 4 14 1 44 41 72 36 6 23 29 49 11 32 83 71 94 19 24 68 89 25 50 56 0 64 73 80 33 79 35 0 0 61 27 82 17 45 86 52 87 34 37 47 62 0 67 53 76 9 8 12 30 15 20 96 43 74 84 0 63 26 40 75 13 57 85 5 100 7 39 60 54 10 2 90 78 3 42 77 95 81 46 70 88 0 98 51 66 99 31 16 0 59
24 27 85 99 51 97 33 12 30 4 95 20 89 79 32 87 0 48 22 98 50 100 78 80 45 26 34 3 10 28 0 15 49 54 39 36 35 52 86 21 13 59 94 53 69 18 77 66 60 19 44 47 57 9 74 75 38 55 37 43 11 61 76 23 56 16 64 1 41 91 73 84 5 72 58 14 67 62 40 8 46 42 63 92 17 31 83 93 71 25 90 0 70 88 82 81 96 7 6 29
85 67 47 81 88 15 3 33 11 54 0 0 89 14 42 82 0 78 31 93 16 41 22 84 25 90 49 0 26 5 0 40 94 100 74 0 69 0 0 95 75 0 98 0 19 21 83 43 48 44 64 96 73 24 36 92 39 53 50 7 72 79 32 17 58 0 29 66 9 60 0 45 61 20 38 97 8 0 91 62 27 80 30 18 0 6 28 87 4 0 0 0 23 10 57 13 0 37 0 0
7 67 0 47 89 9 55 90 0 54 0 94 58 59 75 16 0 15 25 0 11 100 34 39 60 57 26 0 13 8 0 0 65 77 68 0 82 0 0 78 38 46 35 0 18 17 70 30 10 28 76 0 52 95 29 93 48 19 69 21 74 33 31 51 37 0 80 71 97 79 0 27 92 96 12 85 20 0 0 56 50 99 84 81 0 64 36 3 42 0 0 0 40 4 91 88 83 53 0 0
39 21 28 61 50 53 71 86 31 41 33 77 2 94 76 75 100 7 84 5 35 81 6 24 63 15 85 4 64 99 0 55 13 78 37 96 66 47 98 74 49 62 9 93 80 18 65 45 29 30 46 91 87 40 83 56 42 67 88 10 82 73 95 43 20 3 52 1 22 60 68 72 89 23 12 19 17 27 97 32 14 44 69 92 34 8 38 57 90 79 36 0 26 16 51 54 11 58 48 70
42 99 83 1 15 47 82 4 2 6 31 25 80 96 70 64 39 92 84 41 71 10 81 27 23 35 78 88 26 14 97 40 79 86 60 63 75 43 89 66 93 24 95 37 18 28 34 74 51 3 65 29 20 58 48 5 30 69 49 59 46 53 57 62 76 0 52 54 32 56 85 19 68 90 55 13 11 44 38 17 9 33 22 100 67 12 21 36 72 45 94 87 91 16 50 8 98 7 77 61
78 67 64 83 70 12 52 65 48 76 86 74 31 72 57 41 85 100 19 37 22 92 8 7 4 68 88 50 54 93 0 33 39 14 58 71 25 23 44 9 20 91 38 69 40 15 61 89 46 11 49 51 5 96 53 84 80 98 60 87 59 73 79 3 27 26 2 13 28 94 95 42 16 43 32 45 24 77 17 99 18 97 81 56 62 6 1 30 82 75 10 66 90 55 63 29 34 35 36 47
0 26 51 62 32 0 0 95 0 22 0 2 54 73 100 30 0 66 0 0 0 43 0 99 49 0 0 59 52 0 0 0 64 0 89 0 10 0 0 61 91 0 56 0 48 46 65 81 31 13 27 0 57 98 33 15 97 1 63 6 28 47 38 4 5 0 45 44 83 58 76 94 37 39 42 85 21 0 17 80 79 36 82 0 0 77 8 20 93 0 0 0 86 69 41 0 0 18 0 0
21 40 99 77 35 97 6 17 0 70 0 0 83 78 61 95 0 58 36 0 0 80 0 9 15 0 76 0 41 0 0 0 62 92 14 73 60 0 0 16 59 0 44 0 82 27 19 75 100 31 86 0 79 84 57 25 64 2 56 32 22 20 88 94 30 0 48 55 8 34 0 49 28 38 89 98 18 0 96 66 69 1 51 0 0 53 45 91 93 0 0 0 90 0 46 29 0 26 0 67
36 5 14 11 49 4 78 9 18 84 62 33 88 31 59 77 0 80 47 48 3 63 24 20 61 44 74 6 56 40 71 90 45 72 41 12 64 60 91 1 65 13 69 42 98 29 85 7 87 27 75 0 37 25 96 32 54 73 95 86 70 76 94 67 58 0 53 35 34 19 81 99 100 46 93 79 50 83 23 92 22 15 68 10 57 28 89 26 97 2 21 0 82 8 16 52 38 55 0 30
84 95 24 61 43 51 18 97 64 23 87 35 12 46 89 79 77 75 99 3 21 57 55 71 82 67 80 19 10 54 17 28 22 50 20 25 90 91 81 32 16 53 27 72 40 52 6 37 65 13 85 47 33 49 14 68 1 62 98 59 45 34 26 86 42 31 88 4 36 69 8 29 7 30 58 73 11 76 96 48 9 92 70 74 93 39 38 44 78 5 63 0 83 2 60 100 41 15 94 66
89 6 11 60 44 72 88 14 23 39 70 25 21 75 16 79 0 28 99 51 66 38 7 81 40 41 87 0 59 91 0 9 3 69 24 43 61 76 2 46 83 86 22 62 94 19 85 52 55 18 73 80 37 8 20 68 27 71 26 5 90 30 54 93 92 0 74 4 12 58 65 98 1 53 84 63 64 47 96 78 67 82 56 49 42 10 35 57 29 15 31 17 13 100 34 48 95 45 0 97
80 36 84 48 73 92 90 4 74 13 0 67 24 52 18 2 0 56 72 60 51 86 99 12 97 77 44 0 23 41 0 95 58 32 81 38 98 54 7 8 25 75 57 88 14 22 42 61 40 10 21 43 17 94 28 64 6 50 91 15 46 63 68 20 78 0 66 16 87 11 85 3 93 19 100 39 30 71 5 65 83 47 29 69 27 33 59 1 89 55 34 0 9 70 82 31 79 62 26 76
66 38 41 56 99 83 74 1 78 5 76 92 27 63 62 82 0 8 72 71 52 30 34 19 32 88 73 55 97 91 0 0 17 80 96 57 14 61 0 81 25 44 22 0 86 48 70 79 58 20 6 0 43 50 68 51 36 40 3 42 31 95 69 60 100 0 77 98 75 67 47 93 90 10 24 13 18 0 54 23 39 59 49 84 85 9 21 26 37 15 28 0 45 89 46 94 33 11 0 29
67 90 54 31 6 37 89 1 61 57 17 98 2 65 78 68 9 91 23 28 95 94 36 77 5 10 30 18 63 47 15 26 32 53 42 35 71 22 20 81 93 92 70 80 76 62 38 55 33 56 40 58 50 87 48 44 83 64 11 72 49 24 60 12 79 29 52 25 41 69 16 46 13 84 75 86 85 21 74 3 45 19 51 99 100 43 97 96 88 59 73 0 27 7 14 8 39 66 82 34
29 6 13 3 82 11 43 60 0 69 0 79 59 12 73 4 0 72 40 61 85 42 67 52 7 98 19 0 25 0 0 0 8 5 48 18 24 0 0 64 56 35 47 0 88 17 97 84 1 16 86 0 9 68 55 78 46 28 81 94 38 100 33 22 83 0 96 31 27 21 65 74 75 32 23 57 49 0 92 44 41 76 36 34 0 30 95 2 54 0 0 0 66 10 70 90 63 15 0 91
29 10 100 36 83 98 85 6 57 61 0 16 53 63 79 27 0 45 38 91 41 7 50 58 89 65 77 0 34 71 0 0 13 30 56 93 54 75 0 11 1 0 46 0 12 17 20 81 92 14 87 0 28 78 2 48 26 15 86 8 67 80 66 35 96 0 37 4 5 44 62 82 84 24 64 39 40 0 0 42 49 55 97 60 90 72 33 31 25 0 0 0 74 23 52 0 69 59 0 0
88 28 99 95 51 9 52 17 37 34 0 79 81 66 7 70 0 24 1 41 31 32 54 16 22 58 26 49 44 29 0 59 50 65 8 67 100 89 48 21 93 46 38 85 92 20 76 64 42 10 47 83 74 6 69 56 36 84 53 78 82 97 14 72 71 0 94 12 60 55 30 57 15 43 4 23 13 86 96 87 98 80 11 77 63 33 73 40 75 91 35 0 61 18 27 90 39 19 0 68
81 79 98 72 87 27 43 76 49 8 95 35 3 47 68 37 0 92 30 14 20 67 90 54 85 55 99 24 40 33 0 0 77 9 42 29 10 71 0 26 59 57 75 0 65 48 45 18 89 23 86 96 100 66 4 83 6 31 16 34 53 73 88 70 41 0 51 22 74 60 36 91 5 52 69 7 38 64 63 25 15 19 80 2 56 78 44 21 93 28 17 0 84 50 97 13 62 11 39 46
31 24 59 10 96 0 0 78 15 89 0 0 35 90 97 18 0 25 0 0 92 63 0 14 0 0 0 0 80 0 0 0 42 79 49 0 0 0 0 0 4 0 48 0 8 84 22 52 2 43 60 0 0 41 26 82 45 16 7 0 75 64 0 91 88 0 53 36 23 19 0 58 67 93 85 29 27 0 0 0 13 83 40 0 0 95 12 73 81 0 0 0 86 0 39 0 0 74 0 0
1 61 89 37 71 25 96 48 15 51 0 19 97 30 8 57 0 36 35 42 54 29 32 16 43 11 46 0 39 0 0 0 60 92 2 4 10 0 0 100 34 26 45 0 24 3 41 95 56 28 22 0 7 55 27 70 73 90 67 5 85 69 83 87 76 0 38 93 21 74 66 63 20 94 81 31 68 0 50 79 47 86 64 0 0 72 58 53 49 0 0 0 40 62 18 9 91 13 0 0
26 57 16 80 87 82 42 99 0 54 36 62 17 27 49 88 0 3 25 0 58 61 43 83 4 0 12 0 55 94 0 0 24 70 93 0 84 0 0 37 64 0 100 0 73 77 30 15 66 22 5 0 98 67 13 21 6 48 71 7 20 40 90 97 74 0 18 33 41 63 89 86 75 72 95 31 79 0 59 85 81 32 45 39 0 35 47 92 53 0 0 0 78 56 68 0 69 2 0 0
1 81 50 18 43 85 74 51 99 5 30 72 59 76 87 73 45 39 41 26 12 11 33 61 66 83 71 54 42 68 92 44 52 36 3 17 94 78 25 95 13 89 75 57 8 7 21 98 53 48 79 67 63 46 19 24 91 16 93 56 88 35 60 32 90 77 10 20 4 40 82 27 70 15 38 29 9 6 69 65 34 14 64 86 100 23 37 28 97 2 47 0 58 31 96 22 80 55 62 49
58 77 0 30 11 16 0 88 0 41 0 0 35 31 85 98 0 44 66 0 40 72 0 7 65 43 0 0 46 0 0 0 3 49 62 42 84 0 0 57 79 0 6 0 60 20 2 63 74 21 59 0 0 14 45 37 80 64 95 15 54 9 0 34 47 0 73 96 48 12 36 4 33 39 75 93 24 0 0 69 99 86 68 0 27 17 18 71 51 0 0 0 81 1 97 0 0 25 0 0
19 62 39 44 74 47 86 67 59 46 0 90 23 94 89 69 0 5 3 95 97 13 100 12 56 91 78 0 30 25 0 0 36 75 16 60 54 0 0 77 82 0 63 71 80 17 64 34 4 79 88 32 61 85 96 53 52 72 93 76 8 73 15 83 31 0 9 28 38 11 10 98 58 21 49 57 42 0 24 20 66 55 92 84 48 6 35 65 27 0 87 0 41 40 26 37 2 33 0 14
65 90 0 38 16 0 79 74 0 28 0 0 98 0 87 71 0 31 0 0 88 99 33 35 23 89 0 0 18 0 0 0 56 0 19 0 32 0 0 45 70 0 4 0 13 42 36 67 52 75 84 0 57 17 37 78 5 69 1 41 21 58 94 91 9 0 27 63 72 0 12 8 68 29 14 24 20 0 0 0 47 48 0 0 0 80 39 26 59 0 0 0 76 82 43 0 0 10 0 0
72 93 52 83 97 59 62 6 40 63 21 33 8 19 74 37 0 56 96 77 86 81 55 82 11 92 41 18 15 1 14 28 16 79 34 71 50 5 45 43 36 90 38 66 75 54 99 73 76 10 84 23 35 98 26 24 61 53 88 78 31 94 60 7 17 20 13 46 68 39 9 44 25 95 29 69 4 70 65 22 2 3 64 32 87 30 48 27 100 49 80 85 91 89 58 12 51 42 67 57
41 100 37 32 91 16 1 92 81 36 78 94 62 39 24 43 18 11 88 4 87 55 45 98 29 3 57 76 30 35 0 93 25 26 84 23 51 38 75 10 60 65 58 42 53 6 95 89 64 49 22 48 46 20 34 67 47 83 96 97 12 72 61 80 86 74 59 85 99 5 77 13 50 69 27 14 63 90 56 68 19 66 79 73 17 70 40 71 31 82 28 15 21 44 7 2 52 8 9 33
89 5 92 91 69 51 47 84 66 37 0 20 70 4 22 87 0 14 60 31 39 79 17 88 74 8 97 75 34 36 0 49 56 83 21 38 11 13 46 35 19 9 64 0 80 16 45 90 25 18 48 0 42 10 23 96 41 2 81 61 30 29 76 52 55 0 63 15 44 82 3 62 95 12 71 33 73 0 57 99 72 26 85 93 68 7 40 50 98 0 59 0 86 94 54 6 77 53 0 32
55 47 68 62 77 11 3 36 17 10 51 93 90 69 82 38 72 22 41 91 37 63 19 56 74 70 96 31 54 40 81 13 6 53 42 43 23 28 84 26 8 24 66 79 87 21 35 59 34 1 98 71 61 78 92 46 50 39 83 9 52 33 45 48 64 0 20 5 7 67 32 88 80 18 76 65 15 58 97 14 95 29 44 25 85 49 75 30 86 27 99 16 89 100 73 57 60 2 94 4
78 10 12 57 98 65 99 61 72 74 73 75 97 87 25 46 0 67 49 11 64 33 14 66 8 55 5 15 28 54 0 16 39 21 43 84 69 9 18 85 19 95 6 40 48 4 86 42 24 20 71 29 59 96 77 100 79 26 50 51 45 68 80 34 1 94 17 62 3 44 38 35 53 32 37 36 56 90 30 52 63 31 82 88 76 93 83 13 23 92 22 0 41 89 81 91 60 2 27 58
39 60 3 21 98 57 1 23 20 11 0 0 70 33 29 49 0 77 78 14 0 54 85 28 72 84 36 0 52 55 0 0 9 7 48 96 5 0 0 92 17 38 24 0 76 58 13 99 89 43 10 0 2 94 35 40 64 51 93 18 30 62 50 68 12 0 83 80 82 65 69 56 100 63 91 44 16 0 95 25 8 32 27 4 46 22 19 75 97 0 37 0 61 67 15 0 45 47 0 0
76 49 39 40 3 65 94 88 57 64 0 58 79 46 61 75 0 63 52 15 87 9 42 24 99 55 17 34 67 74 0 0 6 21 26 36 77 5 54 20 38 68 89 53 66 23 32 16 7 14 45 0 82 11 30 50 96 19 85 41 10 13 83 51 25 0 31 86 91 22 98 62 70 47 84 1 78 0 8 92 28 35 2 80 56 69 37 71 29 0 27 0 93 18 100 43 44 73 81 33
42 88 0 65 26 97 16 32 0 7 0 38 95 58 86 73 0 30 57 63 0 82 37 45 14 21 89 0 3 0 0 0 67 71 8 76 49 50 0 79 78 0 77 0 51 22 94 91 66 60 48 0 25 56 12 87 5 39 98 61 1 31 34 70 74 0 47 18 24 52 0 84 23 85 69 62 33 0 46 13 15 35 99 0 11 2 17 27 53 6 0 0 43 80 59 0 93 29 0 0
18 39 64 4 7 33 96 68 92 43 29 65 22 67 1 15 0 54 5 14 48 24 35 55 32 97 66 37 11 99 80 34 51 72 21 38 9 47 25 26 10 62 93 36 42 53 82 17 44 74 94 50 8 30 75 45 98 49 56 20 2 84 88 13 70 46 40 6 63 3 81 90 91 23 59 27 41 12 19 85 86 79 77 28 100 76 57 58 71 73 87 60 78 95 61 69 16 89 83 52
21 51 97 95 55 91 14 87 52 71 56 38 94 84 17 43 0 46 6 48 40 39 72 100 68 44 58 45 35 74 0 79 92 4 61 65 96 78 85 76 31 90 66 13 86 3 25 29 57 26 32 70 5 60 80 59 83 16 93 15 62 69 77 41 42 0 73 22 19 37 47 24 67 75 20 8 9 7 2 1 28 50 12 36 98 63 33 54 88 10 89 99 11 64 49 27 53 18 23 81
55 27 96 36 82 68 77 70 22 42 98 56 63 34 47 40 0 93 88 62 15 29 92 18 46 95 11 0 83 9 0 14 1 17 60 39 20 37 0 32 52 76 8 0 31 4 90 84 69 54 41 0 35 43 74 57 87 13 91 71 81 75 50 49 99 0 61 51 16 7 10 64 89 85 3 44 80 0 78 23 28 6 12 73 30 26 67 21 59 38 66 0 45 65 58 86 100 2 0 24
55 73 0 62 43 20 94 9 0 5 0 0 81 48 96 56 0 8 0 0 0 97 15 4 60 92 0 0 2 0 0 0 78 0 44 0 0 0 0 54 10 0 72 0 34 11 58 46 35 61 18 0 69 14 90 47 64 3 59 100 19 16 0 26 51 0 50 83 23 37 76 38 93 98 91 74 17 0 28 0 99 82 1 0 0 25 71 41 52 0 0 0 40 0 0 0 67 12 0 0
99 87 11 1 49 44 29 64 89 58 0 0 41 65 92 82 0 69 45 0 0 36 15 8 23 75 48 0 19 90 0 0 74 98 32 0 59 0 0 62 52 0 86 0 72 55 73 37 80 17 27 0 0 14 35 56 6 61 96 100 13 79 9 67 5 0 94 85 68 25 88 46 3 77 71 63 78 0 0 81 47 91 24 26 0 97 18 54 4 0 0 0 30 83 34 0 0 12 0 0
0 57 0 12 40 0 0 39 0 7 0 0 75 36 69 10 0 72 37 0 92 74 0 78 0 0 0 0 27 0 0 0 64 0 97 0 0 0 0 0 11 0 49 0 34 15 51 48 62 87 0 0 0 68 8 41 14 45 26 30 47 93 0 0 21 0 35 85 86 0 0 0 88 60 76 13 98 0 0 91 52 54 0 0 0 22 65 46 23 0 0 0 38 0 89 0 0 77 0 0
55 14 38 27 21 45 9 57 56 35 0 47 67 59 82 49 0 7 6 85 80 12 4 42 46 8 23 24 48 70 0 1 44 36 11 73 95 65 0 16 66 72 19 98 41 51 37 62 34 52 2 0 94 31 92 39 87 5 53 20 89 3 100 28 25 0 32 91 93 15 78 99 18 40 26 10 81 29 86 84 43 63 69 60 33 54 76 61 96 0 74 0 77 64 97 75 17 88 0 13
91 48 70 34 51 58 77 53 8 55 3 44 35 5 86 10 24 60 16 89 9 49 28 2 94 97 62 11 20 74 0 57 26 18 63 39 14 13 36 64 82 56 59 33 15 46 37 75 22 17 68 0 72 100 96 1 92 31 12 93 25 95 32 27 81 0 90 38 52 7 83 99 84 6 54 42 40 69 66 73 45 88 23 78 79 85 47 50 29 87 67 0 30 98 19 41 61 43 76 65
0 31 0 5 78 86 12 24 0 19 69 74 10 65 64 100 0 91 0 0 60 33 21 9 83 55 38 0 6 0 0 0 1 40 88 0 43 0 0 87 66 0 13 0 11 90 50 62 72 76 2 0 17 97 7 98 41 8 53 56 77 15 18 36 46 0 82 51 81 96 0 4 14 85 67 47 32 0 99 94 52 95 37 0 89 44 29 58 61 0 0 0 3 26 92 0 84 20 0 0
50 47 0 59 77 70 44 42 0 19 0 0 100 60 63 18 0 64 0 0 84 46 94 73 40 30 0 15 25 88 0 0 92 95 65 0 29 12 0 31 9 0 4 0 38 68 34 80 27 49 78 0 75 86 55 93 62 36 35 22 23 6 26 8 17 0 11 14 39 76 0 37 97 82 28 33 98 0 3 69 13 90 52 0 0 87 43 5 51 0 0 0 58 7 89 21 0 20 0 0
26 62 14 78 92 95 29 20 67 60 33 58 9 57 81 34 0 54 6 90 17 73 87 21 44 23 13 88 64 46 0 82 31 55 84 11 12 63 15 72 65 37 42 100 10 36 3 70 18 41 93 0 16 35 61 47 85 49 38 96 89 30 91 99 53 0 77 1 19 83 50 28 75 39 2 32 5 71 48 25 79 7 43 22 74 40 56 59 24 51 86 0 69 98 8 76 97 94 0 68
92 53 16 38 37 23 55 65 47 18 70 80 3 40 90 61 4 69 7 44 79 19 58 51 91 71 62 94 14 8 0 21 41 87 54 50 75 99 1 24 83 43 63 34 100 48 10 77 29 28 73 0 86 68 11 96 32 49 52 59 27 5 57 88 30 0 78 25 36 15 42 56 76 33 64 98 93 82 45 89 46 26 97 66 84 6 2 31 12 81 72 0 85 22 39 74 35 9 67 95
57 28 93 29 88 79 98 17 77 59 73 63 33 24 52 27 38 8 92 9 2 6 100 26 55 91 5 85 19 30 0 65 15 18 90 48 83 56 37 44 4 50 81 32 11 39 64 46 76 16 66 0 3 89 67 23 12 43 42 21 34 99 94 35 68 0 45 10 41 60 31 71 47 61 78 75 13 80 7 86 84 69 96 14 36 70 51 82 40 97 95 0 87 72 74 54 22 62 53 20
99 24 41 87 85 14 22 21 42 32 44 88 52 81 2 95 0 93 67 74 19 97 28 46 83 48 54 36 70 64 0 16 49 38 65 53 92 25 78 62 30 61 100 84 94 15 73 9 35 34 4 0 29 37 56 66 58 26 12 50 3 80 40 5 77 86 72 8 1 39 10 59 60 57 68 33 51 13 90 63 20 76 96 79 43 45 69 31 89 82 91 0 7 71 11 27 6 55 75 23
84 64 53 29 62 95 12 7 6 73 98 96 14 68 59 60 0 42 88 10 51 49 4 92 46 61 87 74 22 1 0 94 19 78 8 79 20 50 52 31 11 35 86 89 85 36 24 28 15 30 32 44 33 21 75 48 3 65 71 100 26 77 18 69 9 83 67 13 37 2 43 58 47 93 45 72 56 16 27 5 63 99 66 91 38 17 80 23 82 76 25 0 70 39 90 54 57 97 41 34
70 62 61 10 52 1 99 66 92 39 0 93 19 27 100 25 0 53 88 36 95 17 30 9 2 98 45 65 37 13 0 54 23 24 44 58 94 77 0 12 20 43 38 8 49 86 85 97 4 57 87 18 96 41 79 51 35 69 89 59 84 64 29 15 47 67 16 50 22 80 11 90 71 55 76 34 83 63 72 73 46 7 68 75 74 3 6 28 40 0 82 0 33 56 32 21 60 14 0 81
0 3 13 98 72 0 4 85 0 51 0 54 6 57 67 43 0 87 0 0 0 1 41 56 63 22 16 0 26 0 0 0 100 5 92 0 62 0 0 74 19 0 14 0 69 21 27 45 9 83 78 0 76 23 2 11 55 44 93 73 17 29 0 49 18 0 95 15 8 80 33 64 58 71 97 65 68 0 24 32 61 66 89 0 91 7 79 81 39 0 0 0 37 52 31 0 59 88 0 0
48 42 20 67 46 100 15 41 55 8 0 93 65 90 75 84 0 88 14 33 37 56 18 70 85 83 0 0 80 99 0 0 69 98 66 35 32 0 0 31 68 94 61 44 30 10 87 52 26 50 47 0 27 21 82 34 1 11 3 58 2 38 96 78 64 0 51 97 6 54 86 72 5 4 39 22 77 0 45 95 7 17 49 0 0 91 62 43 57 0 89 0 73 29 12 36 0 24 0 0
0 69 0 26 0 0 0 70 0 67 0 0 96 0 0 0 0 4 12 56 0 95 17 9 0 0 0 0 30 0 0 0 5 49 72 0 0 0 0 0 0 0 87 0 57 80 24 37 63 25 84 0 0 13 0 64 100 82 18 0 38 0 68 98 21 0 32 41 3 50 0 88 62 54 71 53 33 0 0 86 59 19 0 0 0 29 20 66 0 0 0 0 6 0 40 0 0 35 0 0
28 58 72 40 76 48 86 63 12 56 18 99 82 22 26 89 53 17 31 9 61 54 67 32 24 71 84 57 81 68 47 29 11 65 59 85 52 42 75 37 5 4 34 41 93 14 21 91 79 80 100 0 43 95 90 27 55 39 66 15 45 74 10 73 23 87 3 25 6 64 60 98 1 38 35 70 13 7 20 92 97 50 96 44 19 49 83 77 88 2 46 36 78 30 62 69 51 8 33 94
15 92 77 2 24 84 93 14 41 55 3 34 44 59 68 21 0 61 23 18 75 51 88 82 42 46 50 47 13 78 0 0 5 11 56 20 79 28 12 89 53 37 70 0 97 8 87 35 49 27 54 0 19 17 62 1 26 45 100 33 25 32 96 72 9 0 39 74 6 36 4 48 65 80 66 71 95 0 31 76 40 73 91 67 16 38 81 43 7 60 90 0 22 69 58 83 64 30 52 86
46 87 22 71 1 80 41 57 45 33 73 55 95 48 60 70 34 15 23 9 38 5 61 6 10 42 91 77 53 43 0 82 40 79 88 36 93 59 65 16 37 83 62 19 31 4 28 30 64 27 84 21 85 7 14 44 17 69 63 68 86 99 100 58 56 8 39 3 54 67 96 92 26 94 50 11 13 49 89 52 75 72 47 98 35 51 74 18 25 24 32 20 81 29 78 97 2 66 90 12
82 64 25 30 84 47 34 56 77 70 78 61 21 67 52 62 39 38 91 88 40 80 41 97 35 29 45 81 33 46 98 69 42 8 43 93 58 7 13 92 72 76 85 87 4 36 51 16 1 66 83 19 86 12 63 27 15 54 48 74 9 11 75 28 89 0 53 32 49 24 65 71 90 73 44 37 20 2 22 31 17 79 100 57 94 26 68 50 95 18 3 6 55 60 10 23 14 5 59 96
36 19 7 47 92 68 16 17 54 59 30 41 100 40 56 15 0 77 38 57 95 64 31 61 48 60 80 1 18 72 27 69 12 55 53 85 99 86 58 25 91 34 5 37 76 20 87 79 81 3 13 23 35 46 50 42 2 45 39 98 32 82 83 90 78 73 84 21 8 49 67 70 96 33 51 4 24 52 11 97 44 88 94 22 43 9 89 93 29 62 10 0 26 6 63 66 75 14 74 28
75 47 58 79 72 93 60 71 97 2 86 53 91 92 30 85 13 3 36 90 82 32 88 63 18 83 76 64 52 38 0 34 65 62 46 89 40 42 14 73 19 96 78 98 99 9 50 31 17 37 67 12 35 56 39 25 59 16 87 74 27 33 66 94 48 41 81 20 21 68 45 61 24 77 100 44 8 51 29 22 11 69 54 55 43 10 26 84 5 0 80 49 6 7 95 28 57 15 4 23
72 65 80 9 60 13 34 46 57 58 0 40 69 18 98 68 0 92 30 94 26 7 91 43 73 31 82 99 83 71 0 0 59 79 32 50 62 56 48 8 20 52 10 93 77 27 22 84 3 11 49 0 41 75 29 61 54 47 55 85 6 100 78 90 14 0 37 15 2 5 45 4 23 64 67 25 86 53 97 28 33 74 16 39 24 95 17 44 36 63 12 0 42 81 87 19 89 1 70 21
78 23 29 48 58 2 61 40 83 7 0 51 3 63 30 8 0 64 28 100 95 5 77 36 82 0 0 74 6 0 0 0 42 38 35 72 45 0 0 46 59 22 52 0 75 19 99 15 56 20 86 0 12 96 76 34 32 65 21 10 53 97 0 49 98 0 9 84 66 94 31 89 93 1 13 62 91 0 26 50 11 79 92 0 69 37 39 17 71 0 54 0 4 67 47 85 33 41 0 0
85 48 95 27 78 64 91 81 8 50 84 66 60 46 68 77 0 31 100 47 71 82 70 11 80 15 98 18 36 42 0 22 19 72 58 59 10 69 62 83 37 92 55 79 1 45 17 49 35 38 73 0 56 67 94 97 29 41 6 90 2 54 96 87 51 24 5 43 32 26 39 14 57 93 99 28 20 89 65 21 9 4 74 86 7 61 12 63 33 76 52 0 88 44 30 40 16 3 75 25
42 32 4 45 85 76 73 44 69 21 0 38 53 80 99 57 0 6 52 12 95 56 46 64 62 29 75 0 58 39 0 0 8 86 88 28 43 0 0 2 79 0 81 0 49 3 7 93 98 54 91 0 74 37 17 27 30 5 84 40 25 94 78 31 48 0 72 14 67 19 55 71 77 24 60 59 16 0 87 68 61 9 15 92 33 20 26 34 63 0 70 0 36 97 13 82 22 1 0 0
44 7 99 13 78 64 57 68 5 30 9 28 19 98 77 61 0 29 100 76 88 75 66 22 33 65 42 84 79 81 2 0 31 86 82 62 92 17 0 43 59 51 72 85 32 69 16 55 54 18 95 0 80 56 25 14 27 60 24 8 37 96 4 94 21 0 45 70 36 49 26 40 87 74 97 63 93 41 12 46 67 1 10 35 73 38 20 15 83 91 6 0 90 52 47 23 53 34 39 11
51 96 58 35 86 5 57 37 62 15 48 22 87 45 72 79 0 16 83 98 53 31 29 66 42 30 20 21 61 32 26 2 49 56 71 43 25 14 63 3 40 88 64 99 54 9 81 80 82 38 55 7 67 100 78 50 36 39 84 93 44 41 47 52 8 92 69 91 23 75 1 94 27 19 65 89 85 6 33 73 18 74 59 11 13 10 95 46 97 70 68 76 60 77 90 17 4 12 24 34
22 70 37 38 94 95 39 46 52 85 99 36 17 11 9 35 0 5 18 100 82 32 92 54 73 45 4 10 14 60 0 44 23 97 77 96 53 86 21 79 93 26 48 25 68 43 57 42 71 27 66 20 74 16 34 78 61 50 81 83 24 75 91 33 87 8 76 41 72 88 65 84 89 69 90 2 56 59 3 13 31 12 1 6 7 64 80 19 30 98 63 40 51 62 58 67 55 28 0 15
80 44 86 40 4 71 88 6 79 23 99 34 24 27 50 85 0 54 60 96 37 64 77 81 17 82 76 0 38 15 0 0 51 59 2 73 91 0 0 42 65 52 74 67 94 19 89 75 66 10 41 0 28 12 47 70 93 95 8 32 57 100 48 97 25 0 29 98 78 68 30 46 26 69 21 31 3 0 20 63 11 36 33 92 61 39 90 58 43 0 56 0 14 9 16 0 18 22 0 72
2 7 28 98 99 31 82 30 69 45 90 74 65 85 56 71 4 10 60 50 26 14 62 9 43 57 97 5 72 66 0 6 87 93 76 33 1 100 21 15 25 88 17 44 91 13 46 84 12 35 29 27 37 77 89 8 86 59 79 23 42 3 53 95 94 0 34 55 68 81 38 41 78 47 80 24 22 52 19 75 63 40 83 49 48 92 20 16 67 11 18 0 51 32 61 64 36 39 73 96
23 31 93 68 21 42 12 14 38 55 0 67 29 54 57 28 0 87 50 72 16 84 71 75 37 78 11 59 20 82 0 6 74 56 76 58 90 89 49 83 13 17 44 3 47 66 85 70 25 8 40 2 62 97 30 81 43 96 32 39 9 95 63 41 24 0 27 33 69 60 88 77 48 36 100 35 26 4 1 99 34 45 79 94 80 19 91 92 98 61 18 0 46 86 73 53 51 10 15 22
100 64 94 2 82 85 89 25 40 81 0 95 58 6 51 19 0 70 23 0 87 65 27 29 88 49 12 0 52 0 0 0 5 80 9 92 54 73 0 59 71 0 55 0 7 60 96 37 44 46 14 0 68 20 98 53 3 15 47 93 48 21 83 30 76 0 91 8 74 16 4 62 56 57 18 35 13 0 50 86 33 31 67 99 0 24 11 39 22 0 1 0 43 28 66 36 63 72 0 0
97 24 70 65 80 96 52 48 12 1 33 60 98 99 55 32 0 89 35 100 94 11 69 54 4 30 29 31 26 88 0 95 37 86 64 18 79 91 83 6 22 2 82 92 63 15 50 46 51 74 90 72 25 44 57 9 20 56 59 84 23 85 78 93 49 0 38 5 3 36 16 42 77 68 66 39 61 40 53 17 8 43 62 81 47 21 75 14 73 41 76 0 58 13 27 34 87 19 0 28
19 30 7 17 33 3 29 22 67 8 74 42 63 79 55 39 46 18 50 11 48 35 61 75 1 94 96 44 77 40 0 76 87 49 14 64 93 69 0 83 34 24 4 25 78 38 66 73 26 16 71 0 57 92 45 54 82 23 47 13 5 86 100 62 95 0 51 43 2 15 70 10 80 9 98 12 27 20 84 99 60 6 68 21 89 31 41 85 65 97 72 0 53 59 90 88 36 37 56 28
0 28 0 89 37 71 53 73 0 42 0 98 97 63 79 19 0 9 96 0 0 88 1 47 4 41 30 0 17 0 0 0 7 77 67 0 0 0 0 22 39 0 68 0 34 40 56 64 78 21 35 0 84 51 49 29 18 52 3 66 72 60 94 27 25 0 75 10 14 43 87 65 46 100 99 38 58 0 0 55 20 61 15 0 91 23 80 45 24 0 0 0 26 62 70 0 0 57 0 0
43 20 96 71 30 66 67 4 74 35 0 33 95 27 40 15 0 83 8 0 69 37 76 94 46 7 13 0 19 0 0 0 80 99 34 98 22 0 0 92 72 6 1 0 41 32 87 57 56 2 25 0 81 45 53 16 75 86 42 65 12 39 60 47 5 0 70 44 90 10 23 64 38 91 29 14 26 0 0 3 28 59 88 82 0 63 58 93 51 0 24 0 21 85 68 0 100 36 0 0
72 50 6 67 7 75 70 62 59 57 81 42 88 24 48 91 0 47 49 95 28 78 83 53 10 80 96 0 4 74 0 0 97 66 16 92 22 0 0 52 41 65 26 0 30 5 87 32 9 46 86 0 77 58 29 85 15 21 3 38 51 34 76 23 36 0 31 8 11 73 45 94 69 99 17 2 79 0 1 100 27 18 25 0 14 84 40 71 43 0 35 64 68 20 93 55 60 44 0 0
76 85 69 7 20 78 97 6 29 36 70 33 19 68 66 55 0 50 83 92 28 47 25 72 14 35 86 89 62 31 22 80 79 65 82 26 77 100 60 67 49 75 41 40 88 37 94 15 8 10 58 12 90 32 96 81 38 30 17 56 51 52 27 34 61 1 44 71 46 21 3 4 57 87 74 45 5 73 23 95 39 42 98 13 54 18 84 99 59 93 11 0 43 48 63 24 16 9 2 91
0 44 0 7 82 17 0 43 0 95 0 0 0 94 30 93 0 15 0 0 0 96 29 48 0 0 0 0 99 0 0 0 80 0 62 0 0 0 0 1 22 100 46 0 18 71 64 36 89 51 74 0 8 53 9 75 56 72 57 98 60 16 0 24 35 0 39 41 6 66 70 91 87 4 3 12 58 0 0 0 77 19 83 0 0 37 50 52 59 0 0 0 13 45 47 0 0 10 0 0
0 58 0 36 37 0 0 91 0 73 0 0 79 89 81 87 0 6 0 0 0 31 98 100 0 0 0 0 38 0 0 0 47 66 24 0 0 0 0 0 21 0 65 0 56 27 0 8 45 72 0 0 0 57 4 5 19 68 41 0 1 46 18 0 82 0 67 10 35 40 50 20 74 39 61 96 88 0 0 62 75 92 77 0 0 23 26 30 11 0 84 0 54 99 69 0 0 48 0 0
17 59 10 79 100 60 25 45 61 3 68 27 52 93 85 15 0 80 87 42 26 84 24 49 78 40 72 14 63 29 11 77 18 8 69 35 70 32 57 51 39 55 75 90 41 43 99 76 86 5 81 22 83 54 16 56 82 30 44 12 46 64 36 33 62 95 19 28 13 2 91 21 48 7 66 38 23 98 74 9 89 50 71 20 92 31 4 67 65 47 1 37 58 88 6 73 94 34 96 53
91 47 71 2 27 80 0 12 6 33 0 0 5 95 50 35 0 24 7 0 0 92 14 41 55 39 100 9 30 0 0 0 38 21 73 0 79 0 0 32 90 0 23 0 85 29 98 97 52 94 49 0 0 74 78 93 96 67 56 36 66 70 88 84 51 0 99 20 31 87 64 72 75 45 43 8 42 0 86 0 81 62 59 58 0 68 61 25 57 0 0 0 54 11 60 0 44 22 0 0
2 72 75 24 61 7 37 30 44 27 31 71 17 65 64 50 0 85 26 89 86 45 82 11 40 66 87 80 35 53 0 62 41 42 33 48 52 10 4 56 69 6 25 13 95 5 12 96 28 19 18 97 38 21 88 14 34 90 98 3 15 70 58 51 99 0 43 16 59 54 1 91 83 47 39 76 81 68 94 9 46 93 92 22 100 32 84 74 20 0 73 67 55 49 29 57 77 60 0 78
29 70 6 28 23 41 55 98 13 72 0 15 16 52 84 95 0 4 18 75 22 19 76 81 11 57 82 96 50 100 0 0 49 47 1 78 74 58 36 53 37 89 86 91 17 26 90 93 92 31 94 0 27 79 77 85 30 66 64 35 67 46 88 45 68 0 83 33 51 7 43 25 60 34 3 2 62 0 24 97 21 5 61 71 32 87 39 10 12 0 14 0 20 63 44 42 80 38 0 69
1 1 1 1 1 1 1 1 1 1 1 1 1 1 1 1 1 1 1 1 2 1 1 1 1 1 1 1 1 1 1 1 2 1 1 1 1 11 1 1 2 1 1 1 1 1 1 1 1 1 1 1 1 2 1 1 3 28 1 1 1 3 1 1 1 1 1 1 1 9 1 3 2 1 1 1 2 3 1 6 4 1 3 1 5 1 2 1 3 9 20 4 46 17 79 12 5 98 8 61
100 50
1 2 1 2 1 2 2 2 1 1 2 1 1 2 1 1 1 1 1 1 2 1 1 2 2 2 2 2 2 2 1 1 2 1 2 2 2 1 1 2 1 1 2 1 2 1 1 2 1 1
50 38 0 29 32 45 47 21 10 40 0 44 30 19 46 13 9 8 0 1 2 49 34 27 35 42 0 41 7 48 18 15 28 22 0 26 20 4 16 31 39 0 33 0 5 3 43 36 23 24
11 30 22 35 43 6 37 1 0 18 8 44 5 26 20 32 47 33 0 17 45 12 40 34 25 10 48 23 21 38 13 39 31 28 0 50 0 36 27 29 41 0 7 24 4 0 2 0 16 9
37 9 49 0 11 1 17 0 43 0 44 0 16 14 0 6 5 35 0 7 8 48 24 41 40 26 31 46 32 50 20 47 28 34 33 25 30 2 3 13 19 0 29 42 0 23 18 22 4 45
25 7 10 17 0 8 19 46 4 6 29 42 43 49 0 32 0 1 13 30 26 37 3 50 22 33 47 15 23 0 14 0 27 31 38 41 0 0 39 16 21 9 0 24 5 18 28 40 44 35
36 3 23 47 0 21 20 28 8 15 0 37 7 39 14 11 30 10 29 32 12 16 43 24 35 4 42 44 46 26 40 27 25 6 34 13 38 9 41 19 33 49 0 31 0 50 5 0 45 22
0 7 5 20 0 35 43 18 0 0 0 28 48 42 0 25 0 19 0 40 27 11 34 44 17 49 0 24 0 0 31 46 8 37 0 16 45 30 6 1 47 33 4 3 0 29 12 0 26 36
27 11 0 14 43 46 29 41 0 0 33 44 34 0 47 16 0 37 0 50 26 9 22 0 30 2 32 15 19 48 4 12 17 23 3 35 6 31 5 49 24 18 7 20 0 42 0 13 8 25
45 32 20 13 14 39 17 1 27 29 37 42 35 28 34 24 18 50 0 12 11 19 44 9 25 48 10 46 30 22 49 15 41 5 31 38 26 21 23 3 43 36 33 2 8 40 16 4 7 47
43 25 49 15 33 4 14 19 23 30 21 42 0 3 22 26 31 11 44 18 24 39 48 20 1 38 0 41 37 16 17 27 47 45 12 10 5 40 7 2 9 35 13 28 50 32 0 6 46 36
12 0 2 44 0 0 47 17 22 0 14 28 0 32 39 26 42 0 0 16 7 38 15 0 40 50 0 0 34 9 10 11 30 23 0 13 41 5 0 0 31 45 19 0 46 0 27 0 20 6
8 4 15 38 20 2 36 39 45 35 9 43 11 0 25 18 0 5 16 37 28 46 44 33 32 1 49 23 40 22 13 48 24 30 19 21 29 6 34 41 10 3 50 0 42 7 47 27 26 17
50 12 34 7 41 32 26 30 48 0 0 49 13 5 21 16 43 28 46 22 0 31 8 24 20 37 0 17 4 0 9 0 29 2 14 0 47 27 38 6 18 0 39 19 0 40 33 1 25 3
37 1 36 11 27 19 45 2 43 46 25 39 41 50 21 34 3 16 0 18 15 42 26 44 6 13 5 12 10 4 49 8 24 33 22 30 38 28 7 48 23 20 47 9 29 32 17 31 40 14
12 22 2 15 26 0 34 19 49 0 0 42 0 0 0 27 31 28 0 3 36 10 24 21 48 14 0 13 40 0 0 0 30 16 0 47 0 5 0 0 50 35 8 37 0 7 29 25 18 23
5 46 1 11 30 15 12 34 0 7 43 17 0 49 0 10 0 4 31 45 18 27 47 39 0 38 35 28 33 0 9 29 23 19 0 20 41 26 6 0 13 0 3 24 0 2 32 0 22 16
50 43 42 36 40 45 5 48 41 0 21 17 32 9 25 37 12 34 10 22 20 27 7 30 29 8 28 14 15 23 6 2 31 47 16 13 33 24 35 39 1 44 19 18 26 46 49 3 11 38
0 20 44 43 23 25 36 46 45 0 24 13 15 47 5 16 0 9 30 19 42 35 49 31 11 48 0 33 28 0 40 50 7 10 6 41 39 26 18 38 3 4 32 37 17 2 8 14 29 27
0 28 0 0 0 16 0 23 0 46 0 0 42 0 0 14 0 35 43 0 27 6 33 24 0 18 44 8 22 30 45 47 17 0 20 48 37 1 13 0 38 0 0 0 0 39 0 4 10 40
29 49 31 45 44 34 6 18 47 25 15 32 50 17 43 35 37 38 9 10 3 19 14 16 11 23 42 2 48 28 7 20 8 5 12 22 41 13 33 30 40 24 0 26 46 27 21 1 36 39
13 0 0 10 43 44 35 39 31 0 0 48 12 0 24 20 0 27 40 22 36 45 41 1 2 23 30 38 47 0 11 50 34 42 0 49 46 7 25 26 14 18 29 8 16 33 5 17 0 6
10 35 7 49 3 21 20 47 11 18 13 22 0 14 0 1 2 45 8 31 5 28 26 15 24 6 38 4 34 41 37 16 12 33 27 46 42 32 44 29 50 0 25 0 0 36 0 17 9 30
1 10 31 5 24 12 6 42 49 26 30 9 45 15 23 14 0 13 29 48 40 25 33 21 4 8 35 32 37 46 22 11 39 36 0 27 41 44 19 2 7 0 18 50 47 3 28 34 20 43
0 21 25 15 0 23 9 11 50 24 0 19 39 0 0 1 0 38 28 17 44 14 13 27 7 34 12 48 16 10 41 37 8 45 20 0 18 42 47 31 49 40 35 0 26 36 2 4 30 22
18 27 42 4 0 2 31 6 0 0 0 46 0 13 0 0 10 21 0 0 36 38 15 35 1 9 0 0 39 37 0 11 45 25 0 20 0 50 26 14 33 0 28 30 29 34 41 0 44 40
21 0 30 26 35 48 11 27 0 0 0 0 0 3 8 29 0 12 19 25 16 7 14 41 10 2 0 37 36 45 4 23 42 32 18 50 39 20 6 15 34 33 0 0 17 47 9 46 13 24
22 25 18 30 45 20 10 33 24 34 21 6 0 32 0 19 38 13 39 11 27 14 37 43 1 8 0 16 5 2 7 12 17 15 49 9 4 44 36 0 48 46 0 47 31 26 42 40 23 41
21 22 45 10 2 14 29 13 7 36 15 32 8 9 47 5 27 18 49 46 20 6 24 41 37 38 0 26 34 30 39 28 11 33 3 12 48 31 1 40 43 44 23 16 4 25 50 35 19 42
11 3 24 35 0 26 32 40 13 39 0 49 4 1 46 50 16 21 34 2 10 12 42 9 44 41 0 18 37 15 8 33 31 20 25 17 36 28 0 43 30 6 27 47 48 7 19 5 14 22
26 35 20 25 38 17 32 18 31 36 41 14 49 39 50 6 34 11 0 9 1 7 4 42 3 30 12 2 47 33 45 40 22 8 27 23 28 10 44 43 24 13 5 29 15 37 21 16 19 46
43 5 10 50 49 2 42 24 0 38 15 34 20 1 47 37 18 39 29 9 27 17 26 32 35 30 19 48 25 21 13 44 22 12 16 8 41 46 3 45 28 6 40 4 14 33 7 36 31 23
44 30 43 13 21 9 14 29 6 24 32 41 16 23 35 19 4 34 47 7 37 20 22 46 27 10 0 25 18 3 33 50 36 39 8 5 45 12 31 48 28 2 38 11 26 15 1 42 17 49
38 27 0 42 0 19 6 0 0 0 45 17 0 16 1 23 28 0 0 0 3 12 21 46 37 0 0 0 0 29 35 13 22 30 0 20 47 50 26 48 2 40 0 33 4 10 5 0 11 36
15 16 2 49 0 4 50 0 40 47 0 39 14 28 0 33 0 38 0 46 48 27 18 20 31 35 36 6 0 34 45 17 7 42 26 37 21 22 12 19 24 0 44 30 1 10 5 25 9 11
0 44 42 7 10 12 22 0 11 24 3 19 21 0 14 16 0 0 15 35 5 31 25 49 6 20 27 40 26 50 43 4 34 1 41 38 29 0 36 9 8 0 0 30 47 17 13 46 32 28
20 5 43 0 18 39 34 46 0 38 17 23 27 44 35 48 45 10 47 36 7 9 6 24 42 33 13 16 32 41 21 8 0 2 22 29 50 49 11 28 26 0 25 3 40 12 19 1 37 14
32 16 21 50 0 48 3 10 15 0 20 36 0 4 42 34 29 28 30 7 5 31 40 14 23 24 46 1 9 33 37 39 27 25 0 8 41 6 26 22 13 2 19 18 11 35 43 49 17 47
7 37 8 47 0 45 2 0 0 34 25 0 24 32 39 29 0 21 3 4 23 27 43 31 44 41 0 18 40 0 16 19 5 6 0 15 22 48 50 11 26 49 17 1 35 0 10 33 13 36
14 0 38 15 0 43 18 4 0 0 0 7 0 0 0 24 0 0 0 28 13 45 40 0 0 21 12 23 8 37 46 50 11 39 0 0 48 25 32 0 33 34 0 0 0 47 0 0 1 49
31 1 0 37 0 47 10 15 42 46 23 30 0 0 0 8 0 44 14 24 34 0 13 0 7 0 26 0 0 0 0 0 9 0 0 2 33 19 38 20 28 0 0 49 0 0 0 22 0 39
37 31 2 41 44 38 30 15 14 3 0 7 45 26 21 20 34 22 40 35 25 5 28 50 48 6 29 23 42 18 49 13 8 12 0 19 1 36 39 9 4 10 24 43 17 46 11 32 47 33
9 21 11 7 17 14 48 12 6 47 50 37 44 0 28 36 39 8 0 5 40 1 13 19 30 20 0 16 4 0 26 41 42 18 32 33 3 35 46 23 29 31 24 34 2 43 45 15 10 25
4 15 12 18 41 31 28 50 45 37 44 29 36 25 16 3 7 24 34 40 9 23 17 21 47 27 49 19 8 11 1 43 42 22 32 48 46 33 35 38 20 26 5 0 2 13 14 39 10 30
0 12 49 7 0 22 0 0 30 0 10 0 0 41 8 15 0 0 0 0 31 37 46 0 0 33 0 0 6 0 50 44 35 42 23 9 38 19 1 0 27 0 0 25 0 0 0 0 43 17
48 29 3 0 13 11 0 0 36 0 0 2 0 0 0 15 0 0 0 27 18 30 9 0 16 50 38 0 49 5 42 0 23 20 0 44 33 0 0 40 32 0 0 39 37 0 0 0 21 47
50 18 0 0 0 0 36 0 0 0 0 42 17 31 0 24 0 5 0 7 0 13 8 46 15 0 0 29 27 30 45 4 48 43 0 14 49 6 0 0 22 0 9 0 39 0 0 0 28 20
28 3 16 15 14 39 25 30 4 49 0 42 9 27 44 8 35 5 34 21 40 22 13 37 24 26 45 38 47 0 46 2 43 29 6 31 17 48 23 11 20 12 36 33 1 32 41 18 10 19
28 0 0 0 0 45 23 0 0 18 29 4 0 0 0 0 0 0 0 35 21 50 40 34 37 19 0 0 6 0 33 36 14 20 46 9 0 0 47 43 0 24 16 30 0 7 49 0 0 0
34 35 15 27 30 44 37 47 24 0 14 7 32 0 42 19 0 0 40 23 39 20 25 31 29 36 43 12 0 50 1 8 41 33 2 21 5 22 48 38 18 3 0 0 28 13 49 4 16 6
0 44 31 2 17 0 25 40 0 0 23 28 47 35 0 5 0 11 39 48 32 50 18 43 26 45 0 33 29 0 15 4 0 36 0 6 20 7 21 30 13 14 41 0 27 24 19 3 42 8
13 0 8 41 0 39 18 0 19 0 3 31 0 0 0 4 0 0 0 49 25 1 44 0 10 23 0 0 0 7 11 42 17 0 0 38 12 32 5 6 43 50 0 28 0 47 0 0 46 9
38 17 45 0 0 11 10 8 0 41 13 0 43 1 12 19 3 16 0 24 6 28 22 48 15 33 18 4 0 25 0 30 39 34 0 9 35 21 23 0 26 0 0 0 40 42 32 2 46 50
19 40 21 14 29 8 17 44 43 0 0 5 22 28 46 37 31 13 38 10 4 1 11 16 25 48 41 20 34 49 39 47 35 33 6 26 42 27 12 50 45 30 3 32 23 9 15 7 18 36
9 3 2 19 5 1 26 15 23 27 22 11 18 0 0 6 30 17 0 49 48 43 40 29 24 46 25 10 35 16 28 45 21 42 37 4 36 31 7 41 8 0 32 44 12 20 39 0 0 47
41 15 34 1 26 39 2 36 6 10 27 45 40 28 0 5 42 11 17 16 3 13 19 25 44 31 20 32 9 18 29 37 46 35 21 23 43 22 24 8 14 33 7 50 38 4 47 48 12 49
1 16 35 17 25 24 40 3 47 28 31 23 22 36 0 8 14 9 46 19 41 43 18 38 32 10 11 4 7 12 15 45 37 33 39 34 50 26 20 30 13 44 29 6 5 48 49 0 21 2
10 25 4 39 12 43 45 37 50 0 44 6 0 0 19 29 36 27 0 15 26 42 48 13 31 18 24 46 8 14 3 33 7 40 0 20 16 0 32 0 1 22 38 0 47 0 23 34 21 28
43 26 27 9 32 25 16 38 10 0 40 36 47 15 0 24 46 33 5 37 3 20 18 21 30 17 49 50 28 48 7 34 8 19 22 11 35 23 13 14 44 12 6 39 29 4 31 1 2 42
12 10 50 43 35 8 14 17 6 2 5 47 32 0 42 31 37 23 9 27 7 16 26 45 21 19 38 22 1 28 36 34 44 33 4 18 39 25 41 46 24 30 49 40 13 15 3 29 11 48
24 44 0 47 0 29 1 31 11 37 26 10 50 0 39 15 0 0 0 41 7 32 23 35 5 0 0 2 0 0 8 18 12 4 0 45 30 21 20 22 9 6 43 46 14 19 28 33 40 16
5 19 50 24 47 15 34 14 36 2 3 7 0 33 30 18 26 25 0 48 44 31 8 13 28 10 40 21 35 23 43 0 9 38 42 17 1 46 4 41 11 29 22 20 12 27 32 6 39 45
49 14 25 34 20 40 7 16 13 37 29 27 36 46 33 2 0 3 15 12 11 8 41 24 50 42 21 22 45 48 18 35 30 28 10 23 6 17 4 5 31 26 43 39 9 38 19 44 32 47
8 42 19 38 0 50 39 6 24 47 4 0 17 2 9 27 5 41 0 44 20 16 0 23 48 33 11 21 25 29 34 45 7 26 0 22 15 14 32 37 13 43 3 18 0 36 28 0 40 0
4 31 44 45 46 27 19 35 15 24 9 10 25 50 3 37 0 30 8 48 38 7 20 17 22 12 43 14 34 2 42 21 5 1 47 39 32 28 16 18 6 33 40 36 13 49 11 41 29 23
19 18 28 0 0 37 20 35 22 47 6 2 13 0 48 3 0 12 0 21 49 41 5 9 24 40 36 7 14 0 34 29 44 46 0 0 45 38 15 0 4 1 0 0 10 39 31 32 0 27
46 20 27 39 15 47 10 11 50 0 13 23 5 43 22 8 0 25 0 28 26 30 16 12 17 31 2 44 33 0 21 36 48 4 37 49 0 38 19 32 14 35 3 7 0 40 24 0 45 34
12 15 1 20 34 40 4 26 50 0 16 24 31 49 42 21 43 45 23 7 13 17 10 38 32 36 8 5 18 0 25 9 28 46 44 39 2 29 22 37 41 0 33 48 6 3 27 0 47 30
1 12 29 38 27 42 31 46 47 37 19 26 48 35 13 10 36 20 32 11 16 34 23 0 45 41 0 24 14 7 2 49 8 39 44 33 50 40 43 17 22 25 3 21 5 6 18 30 4 9
13 9 19 0 45 12 3 20 47 0 0 33 0 34 31 46 50 38 2 0 43 21 0 22 15 0 0 32 0 0 4 8 0 23 14 48 0 0 29 16 18 0 25 0 35 28 6 0 42 27
35 2 44 15 0 4 12 28 22 0 25 14 9 37 0 36 46 0 48 13 20 26 6 45 7 5 29 23 27 32 47 43 11 31 0 8 16 39 30 19 34 0 49 3 50 33 0 0 1 41
43 48 30 39 47 18 12 8 16 13 50 2 19 23 42 33 40 41 0 28 29 27 45 46 24 5 15 11 14 0 6 4 44 31 17 26 38 22 10 9 21 20 35 0 34 36 37 1 25 7
0 0 46 12 30 6 17 43 0 22 0 0 0 26 0 0 0 0 49 38 3 5 21 0 42 0 29 11 31 9 0 20 23 44 0 1 10 40 28 33 45 0 0 4 8 0 0 35 0 0
0 1 37 47 46 35 43 31 23 0 33 2 12 17 7 36 0 42 19 14 28 4 39 25 24 10 0 6 16 0 21 9 11 44 8 34 22 48 40 50 30 3 32 0 13 5 18 27 38 15
6 8 7 46 34 43 45 26 20 19 50 9 0 17 29 13 16 39 5 47 42 32 36 33 15 23 11 25 1 41 18 37 2 40 35 28 4 12 49 24 48 38 10 44 30 3 27 22 21 31
0 0 0 0 3 0 20 41 0 0 0 0 5 42 0 23 0 13 8 29 50 18 2 38 0 10 0 0 0 27 0 19 46 0 39 43 0 30 1 21 49 0 0 7 0 0 34 0 35 0
16 0 10 38 6 28 37 4 11 12 9 46 34 17 39 14 22 27 45 20 15 2 0 5 19 48 18 3 13 0 21 41 49 26 31 36 43 7 50 47 1 29 44 25 32 40 35 42 30 23
40 27 13 9 26 0 28 10 35 43 0 17 0 4 34 45 8 7 48 20 21 49 15 32 42 29 41 19 37 25 0 16 0 31 0 11 0 12 2 0 36 46 0 0 0 30 1 24 23 50
38 13 36 27 15 34 42 19 47 29 46 37 0 20 41 28 31 18 22 11 9 2 1 35 48 45 17 33 39 14 49 3 6 16 40 30 21 50 5 10 8 23 32 43 25 24 44 12 26 7
27 8 36 3 26 10 17 22 5 1 0 33 30 29 34 16 19 39 44 32 43 50 35 6 11 40 31 9 23 4 47 20 46 18 41 24 13 14 38 25 28 45 37 49 12 0 7 2 15 42
14 25 31 18 38 48 37 49 44 33 0 13 24 22 23 43 36 42 39 9 27 29 10 16 11 34 35 50 5 26 30 3 12 4 8 7 21 41 45 2 1 0 46 17 19 28 20 40 47 6
6 25 30 27 26 2 42 23 45 0 38 34 12 21 46 31 10 43 0 19 14 15 5 22 4 18 11 32 44 8 1 33 9 16 13 47 7 35 41 39 40 49 37 24 48 28 20 50 17 36
47 49 17 32 45 46 25 50 36 0 13 1 0 41 39 29 30 48 15 22 42 4 14 16 43 7 0 9 23 0 38 2 20 21 18 44 12 24 19 0 3 6 37 5 35 27 0 34 28 40
11 0 7 33 1 15 41 28 23 0 40 29 18 25 0 20 30 45 6 19 47 12 10 26 46 35 37 22 48 0 16 13 9 36 42 50 27 2 21 39 14 0 3 38 43 0 34 5 32 4
26 42 47 15 32 19 17 44 30 45 48 35 10 18 7 38 0 8 5 24 3 4 37 31 27 43 41 49 20 22 16 46 1 29 39 23 6 21 12 11 9 28 34 33 25 14 2 0 40 50
14 7 0 9 0 18 42 44 16 0 29 17 37 0 4 0 8 27 46 12 34 21 2 31 0 25 41 45 28 33 36 50 48 38 32 1 3 35 39 15 23 13 43 0 22 24 11 26 49 30
0 46 11 37 0 0 0 7 44 0 50 0 0 0 0 16 0 42 0 13 14 32 1 0 27 48 0 2 4 20 23 0 21 47 0 39 34 12 0 45 35 0 5 10 0 0 9 18 0 0
23 0 45 31 38 2 44 20 42 0 32 36 41 33 34 10 0 49 28 43 21 37 27 29 26 30 40 24 15 1 6 22 50 19 0 11 16 5 9 46 35 39 0 0 3 12 4 13 8 18
0 0 50 47 0 0 40 15 0 0 32 6 0 0 0 23 16 0 0 0 1 0 39 9 12 36 30 0 18 37 0 0 21 0 0 0 0 7 4 0 0 0 22 35 26 29 33 11 10 45
49 0 48 32 0 13 0 21 35 0 29 9 11 0 8 26 0 33 0 4 28 44 6 14 40 22 47 39 10 18 19 31 37 24 30 0 7 46 42 3 25 0 0 15 43 12 38 20 1 50
42 21 0 47 4 46 17 49 19 0 40 0 23 28 0 12 0 26 41 25 9 15 35 0 44 14 34 48 38 29 0 0 22 27 0 6 7 16 43 32 39 0 8 20 31 45 10 0 18 5
13 4 26 44 43 45 49 38 19 7 28 16 42 22 24 35 15 1 23 18 2 32 46 8 25 34 0 40 29 10 14 36 39 30 48 20 31 47 11 33 6 9 0 5 50 12 41 37 21 17
49 42 39 8 19 1 29 11 0 18 9 24 0 13 0 23 0 40 46 25 47 48 21 5 41 30 3 44 0 28 50 4 31 45 35 15 27 17 38 16 10 0 14 22 33 36 43 0 20 37
33 13 36 1 45 30 23 25 38 26 9 6 29 5 34 12 20 22 35 46 32 8 27 24 15 2 17 10 14 19 7 48 31 41 40 44 49 18 42 16 4 0 0 0 47 21 28 39 43 50
8 32 45 6 0 37 43 11 50 28 33 38 14 44 41 42 12 35 16 5 20 23 13 36 10 49 47 34 24 46 25 48 22 31 7 21 3 15 26 19 29 30 17 2 40 9 27 4 39 18
22 8 45 13 42 50 47 6 5 10 46 3 32 27 0 4 44 49 11 43 28 23 12 48 37 15 0 25 34 0 21 26 24 29 41 17 18 20 33 31 30 0 36 1 16 2 39 35 7 19
2 40 42 11 33 45 7 32 0 18 9 23 14 30 43 19 0 15 38 24 16 6 50 10 27 41 0 5 1 26 22 17 37 31 20 12 21 49 46 34 3 35 47 39 44 48 25 4 8 28
0 19 16 36 35 8 0 0 7 0 22 45 0 10 0 21 0 0 0 43 20 47 4 0 49 0 34 38 33 40 28 0 25 42 0 9 41 32 2 23 0 31 0 0 0 0 26 13 0 39
20 40 36 28 7 25 46 39 19 26 49 18 44 50 12 6 24 0 22 3 0 37 17 13 29 5 42 31 23 35 10 33 43 15 4 14 41 47 8 2 38 34 27 0 45 16 9 21 0 48
39 6 15 14 0 11 4 20 28 36 40 32 22 13 37 1 0 35 41 19 44 18 50 31 46 33 16 29 24 47 48 38 30 5 21 42 43 9 2 8 49 17 10 34 25 27 26 12 3 7
47 35 23 50 49 41 19 29 11 0 27 20 44 48 30 24 15 40 13 31 1 22 36 43 6 9 21 37 28 39 26 4 34 10 46 14 7 12 42 2 16 32 33 8 17 25 5 45 38 18
47 34 50 26 6 18 3 1 16 32 5 10 14 38 13 12 31 46 36 30 8 43 9 4 35 23 42 24 11 33 48 37 39 27 7 44 15 22 49 17 29 19 25 20 41 0 40 45 2 28
1 1 1 1 1 1 1 1 1 1 1 1 1 2 1 1 2 3 1 1 1 1 1 1 1 1 1 1 1 1 1 1 1 1 1 1 1 1 1 1 1 1 3 1 2 1 3 1 1 1 1 2 1 1 1 3 1 1 1 1 2 1 4 2 1 7 18 1 8 8 28 6 16 39 40 44 46 30 49 32 48 49 27 50 48 26 43 44 30 28 42 48 26 35 49 31 27 29 31 34
100 10
5 6 9 5 4 5 10 9 4 1
5 6 9 10 7 8 3 0 4 2
3 6 2 7 10 0 5 0 9 0
10 1 5 4 2 3 6 0 7 9
5 3 4 9 1 0 10 0 6 7
8 10 3 0 1 0 5 0 2 0
1 2 8 10 3 0 9 0 4 5
1 9 8 10 7 0 5 0 2 0
9 0 3 5 8 0 6 0 1 4
9 8 3 10 1 0 5 0 6 7
4 1 9 2 5 10 8 0 3 6
0 0 10 8 2 0 1 0 7 4
10 2 7 3 4 1 5 0 6 9
8 0 1 4 7 0 3 0 6 0
5 3 7 6 4 10 9 0 8 1
3 5 10 1 0 0 9 0 4 0
10 7 3 1 6 4 8 0 2 5
2 10 3 5 4 8 9 0 6 7
10 4 1 9 3 8 5 0 7 2
8 6 5 9 2 4 1 0 7 3
6 8 1 0 4 0 5 0 10 3
2 1 9 6 3 0 8 0 7 4
6 5 3 1 9 0 2 0 7 10
2 5 4 6 8 9 10 0 1 7
2 3 6 10 1 0 4 0 5 7
3 2 4 5 1 9 8 0 6 10
4 10 0 0 3 0 9 0 6 1
8 5 7 10 1 4 6 0 9 3
5 10 2 0 9 0 8 0 7 0
8 4 1 6 3 0 7 0 0 0
8 6 7 10 2 1 4 0 9 3
3 10 8 7 6 5 2 0 9 4
1 9 10 2 8 0 4 0 6 0
9 6 7 2 4 8 1 0 3 10
3 10 7 5 8 0 4 0 6 0
6 2 9 10 1 4 7 0 5 8
6 9 7 0 4 0 5 0 1 8
7 8 1 6 5 2 4 0 9 10
10 6 7 8 2 0 4 0 0 5
4 9 7 5 6 8 2 0 3 10
4 1 8 7 10 5 2 0 3 9
1 5 9 4 7 10 8 0 3 2
2 9 7 1 6 0 5 0 4 10
6 0 0 5 8 0 7 0 10 2
2 10 8 4 9 0 3 0 5 6
9 4 5 7 1 10 8 0 3 2
9 4 8 5 6 0 10 0 3 7
4 10 1 5 3 8 7 0 6 2
1 10 4 7 8 2 6 0 3 9
5 9 7 0 8 0 10 0 4 3
10 3 6 7 2 0 1 0 8 4
5 4 8 2 1 0 9 0 3 0
9 5 2 6 4 0 10 0 1 8
7 8 3 10 9 0 6 0 1 5
9 0 4 8 7 0 3 0 1 0
1 0 5 0 9 0 4 0 3 10
1 0 4 5 6 0 3 0 9 0
8 1 9 5 7 6 2 0 3 4
0 5 6 7 8 0 10 0 2 3
7 0 8 6 5 0 1 0 10 0
3 2 4 6 1 5 8 0 9 10
2 6 5 7 8 4 10 0 1 3
0 8 3 9 1 0 2 0 5 0
9 1 7 6 4 0 5 0 8 3
6 9 8 4 5 7 3 0 1 10
5 3 1 7 9 2 6 0 8 4
5 1 4 6 8 0 7 0 9 3
6 9 10 8 7 3 1 0 4 5
5 10 2 1 6 9 4 0 7 8
4 8 1 10 7 6 5 0 9 0
1 5 7 4 6 9 2 0 3 8
6 1 3 10 5 0 7 0 2 9
1 2 8 10 7 0 3 0 9 5
10 9 7 2 1 4 8 0 3 6
0 4 2 5 3 0 8 0 7 9
4 7 10 8 6 3 5 0 1 0
9 2 3 8 10 0 1 0 6 4
4 8 6 7 9 5 10 0 1 2
2 5 8 6 9 0 1 0 3 10
4 6 8 7 10 2 5 0 9 1
3 9 2 10 6 7 4 0 5 1
9 0 4 3 7 0 10 0 2 0
3 7 10 0 2 0 6 0 4 1
7 6 2 0 5 4 9 0 10 8
3 2 6 10 1 0 8 0 9 0
6 3 7 1 8 4 10 0 2 9
8 2 9 7 3 10 1 0 5 6
9 2 8 7 3 0 1 0 4 10
3 9 7 8 4 2 6 0 1 5
10 8 9 5 2 1 3 0 4 6
0 10 9 2 8 0 3 0 6 4
10 5 8 7 6 9 3 0 2 1
2 4 7 9 10 5 8 0 1 6
10 4 2 9 7 0 5 0 3 8
9 0 5 3 6 0 10 0 7 0
1 8 7 0 2 0 6 0 3 0
0 9 5 0 2 0 4 0 3 6
10 8 9 6 3 7 1 0 5 4
10 0 6 1 3 0 2 0 4 8
6 5 4 9 7 2 1 0 3 8
5 4 8 9 3 0 7 0 6 1
1 1 1 1 1 1 1 1 1 1 1 1 1 2 1 1 1 1 1 1 1 1 1 1 1 3 2 1 1 1 1 1 1 1 1 1 1 3 1 1 1 1 3 2 3 7 4 1 6 5 10 10 6 6 9 6 3 7 9 8 9 6 6 10 6 6 5 5 7 9 6 8 6 9 5 9 8 8 5 5 6 6 6 9 6 10 9 7 9 6 6 5 7 8 5 7 5 10 8 8
99 49
2 1 2 5 2 7 4 7 6 4 2 4 3 6 6 7 5 8 8 2 2 4 4 8 3 7 5 3 1 4 2 2 5 3 6 6 1 2 4 6 5 6 1 7 3 7 6 7 6
15 11 28 38 35 46 22 18 0 10 12 2 45 19 25 24 4 1 14 3 17 27 43 0 37 26 7 32 39 44 40 49 23 36 41 20 8 29 21 6 47 33 9 31 16 48 42 0 0
0 48 2 20 22 19 0 0 31 28 11 0 0 18 16 43 9 47 25 26 40 29 44 0 0 32 36 12 37 41 4 42 45 7 5 13 33 0 3 6 30 0 10 46 17 38 14 34 0
39 5 29 38 19 35 24 10 33 47 23 0 0 7 9 49 6 32 21 1 26 37 40 45 27 30 11 28 34 15 14 22 43 3 46 20 48 17 25 8 44 4 13 2 31 41 12 36 0
33 40 4 39 18 9 0 0 49 42 30 24 35 1 3 34 0 11 38 17 21 19 2 31 44 46 13 32 6 29 48 26 5 7 28 36 16 20 12 37 22 14 43 47 45 27 10 41 23
0 30 37 28 7 10 20 2 22 32 40 48 0 38 11 26 34 43 8 15 25 4 18 27 5 9 42 31 46 6 0 21 19 23 33 24 45 3 36 13 14 44 49 35 47 17 29 1 0
38 43 41 23 28 6 26 21 30 36 15 45 10 39 33 3 7 14 1 16 49 27 13 47 34 46 12 24 35 17 8 44 22 31 20 42 29 37 40 11 2 19 25 48 9 32 5 18 0
48 5 46 32 20 47 25 0 6 16 37 12 8 44 13 4 23 2 33 36 21 41 34 14 10 15 11 39 28 42 31 18 45 35 38 1 24 0 30 40 22 17 27 29 3 9 7 49 26
25 16 28 19 36 37 39 0 15 26 40 22 20 18 17 32 24 8 5 23 31 21 6 0 43 9 47 42 49 44 48 7 35 11 46 3 33 29 34 1 38 2 13 30 45 12 27 14 41
5 38 49 33 15 14 25 31 37 9 21 41 48 10 35 39 45 16 19 8 40 22 30 7 17 28 23 32 42 2 20 27 18 11 1 29 24 13 43 47 12 6 46 26 4 3 34 36 0
16 3 4 25 28 19 14 9 11 35 21 15 2 27 22 40 26 8 18 42 34 13 32 47 10 7 36 17 44 5 38 45 43 49 33 12 39 30 29 48 46 41 6 23 0 20 31 24 37
0 29 16 10 0 15 0 0 30 31 20 0 28 38 0 34 11 6 35 0 0 49 0 17 7 22 0 27 14 21 44 8 42 13 12 4 25 41 33 32 23 39 47 37 40 46 18 0 0
14 15 32 9 3 1 40 25 0 29 13 35 0 21 23 6 39 24 11 38 12 42 36 31 20 19 2 48 44 34 45 49 5 26 47 43 16 46 18 8 7 37 27 22 17 30 10 33 28
0 27 37 3 1 23 0 41 35 4 7 11 29 17 33 49 45 25 16 38 21 24 10 46 30 34 31 12 9 40 42 47 20 15 8 26 2 13 18 19 14 44 5 48 0 32 36 28 39
46 4 28 24 23 29 38 0 7 27 39 40 25 47 41 45 31 30 18 34 10 44 36 8 20 42 49 1 43 26 14 22 33 15 21 3 6 16 11 2 9 17 32 13 35 19 5 12 48
34 35 36 15 9 0 20 1 6 13 42 18 48 30 0 40 17 21 19 41 24 14 26 3 32 22 46 33 28 27 7 25 12 39 45 23 2 5 11 44 8 38 10 37 0 31 29 0 0
34 46 25 28 41 0 24 10 18 6 16 42 0 17 32 20 36 35 23 38 47 44 2 0 29 0 37 15 27 21 39 49 11 0 3 14 9 5 7 33 22 31 40 12 13 1 30 0 48
0 10 39 4 45 0 0 0 0 3 0 0 0 37 0 41 15 31 47 0 1 23 0 0 19 0 20 0 43 2 38 0 9 21 7 32 0 0 25 0 29 17 33 0 34 12 0 27 0
16 19 20 13 32 25 18 39 45 36 22 34 33 9 37 5 46 31 7 8 4 11 17 0 23 1 6 10 29 48 24 15 49 28 14 3 44 35 2 41 30 42 38 26 47 43 27 12 40
8 1 33 7 42 0 0 0 34 41 32 47 12 37 0 44 39 0 46 36 31 23 5 0 14 0 43 25 38 6 29 26 45 22 28 17 11 0 4 19 40 35 49 20 27 21 24 13 30
27 36 8 5 18 33 39 40 0 3 29 30 2 4 11 7 46 49 12 41 16 13 38 15 1 0 44 10 23 26 22 6 21 48 14 47 24 32 43 31 37 25 19 35 28 17 45 20 9
19 26 20 13 42 14 0 0 24 0 37 0 45 0 5 0 6 0 9 31 16 34 41 12 29 0 0 27 0 47 0 0 23 0 18 1 40 0 8 33 3 25 15 10 39 0 11 0 0
25 1 36 15 6 12 31 42 22 44 11 0 0 38 0 21 23 35 17 29 28 14 3 26 4 7 24 47 43 10 0 41 5 32 37 20 39 9 2 34 27 49 8 48 0 13 16 19 33
47 36 10 44 11 0 28 25 0 45 46 17 0 32 31 26 34 12 2 0 39 37 0 40 42 15 1 3 29 38 9 23 41 22 33 20 30 0 48 16 21 7 35 18 4 6 43 8 14
5 27 9 40 49 16 15 39 2 3 44 1 0 21 29 45 43 6 46 47 30 11 13 37 32 23 24 42 12 14 31 4 34 35 38 7 41 33 25 36 22 10 48 28 17 20 8 26 19
0 5 47 37 45 0 0 33 0 27 38 42 21 35 15 0 34 19 7 9 0 12 0 48 29 0 0 31 13 11 2 46 26 32 23 22 8 0 24 17 6 4 25 3 43 18 44 16 0
0 25 20 0 0 0 15 3 1 0 45 0 35 0 0 16 17 42 33 6 23 10 0 0 0 28 49 24 31 14 5 0 26 39 0 0 0 0 13 4 48 43 47 0 0 37 0 2 0
14 45 22 0 24 0 39 18 0 41 15 0 0 29 2 9 0 0 10 0 0 30 6 48 0 36 25 0 0 8 16 47 20 0 0 27 26 0 35 32 0 7 5 4 17 38 12 0 0
30 14 20 42 17 25 37 36 12 44 34 45 0 31 49 41 35 0 19 21 43 1 11 3 48 13 33 6 15 28 18 2 47 5 32 16 46 4 23 22 29 26 8 24 9 40 39 10 0
36 26 32 0 0 10 0 49 0 0 4 19 0 1 0 38 29 0 28 0 31 18 12 0 16 44 22 24 0 47 0 7 9 0 23 37 43 30 41 13 0 25 27 3 0 2 5 14 0
0 45 21 0 12 0 0 0 28 31 43 0 0 42 0 38 47 0 25 23 0 29 13 0 30 0 26 32 22 6 8 37 27 4 7 15 5 17 18 44 20 14 11 24 40 1 3 46 16
3 33 37 46 38 0 29 0 0 49 21 31 19 23 0 13 17 24 34 12 28 20 4 42 22 36 26 45 30 44 41 8 18 39 14 15 9 0 11 1 16 43 40 7 27 32 0 25 0
0 34 14 38 21 0 23 30 27 10 29 0 0 0 0 9 16 3 7 49 0 5 0 0 40 0 45 0 36 17 0 32 2 42 46 44 11 0 41 24 6 20 43 1 18 33 37 15 0
32 28 5 14 2 23 7 27 26 30 10 16 0 33 43 12 42 44 37 18 25 45 22 24 9 35 19 13 49 41 39 21 3 36 29 8 1 31 6 4 34 17 46 47 15 20 38 40 0
0 2 32 0 6 0 0 0 0 0 20 0 0 14 39 0 26 11 43 0 18 0 28 0 46 48 47 0 0 12 1 0 33 16 34 44 0 45 0 42 13 0 23 0 27 5 0 15 0
40 28 37 45 18 15 17 43 12 27 44 24 11 23 19 25 9 46 38 39 16 4 49 1 7 21 6 36 2 22 34 42 14 20 33 3 8 35 31 29 32 10 41 30 48 26 13 5 0
0 28 21 14 40 0 38 48 43 37 35 31 18 32 11 41 24 33 39 44 47 6 5 15 10 20 25 17 8 3 13 16 4 19 45 46 9 7 22 1 42 2 23 27 36 34 29 49 12
34 6 0 17 0 0 0 20 0 32 47 0 24 11 0 23 0 0 13 28 35 44 19 0 7 0 0 18 0 5 0 2 0 43 36 12 29 0 1 41 0 0 0 15 0 46 38 0 0
18 14 37 26 29 17 10 7 40 24 32 21 28 15 2 36 16 35 22 5 8 39 41 6 38 25 45 4 0 31 13 47 23 33 9 19 11 12 27 34 42 44 30 20 46 48 1 49 0
41 19 11 31 24 36 40 21 37 5 44 0 26 39 18 10 3 0 22 15 45 8 47 12 27 35 28 25 48 6 13 2 30 49 16 17 34 46 32 20 1 38 29 23 42 9 14 43 0
0 10 8 35 15 0 26 0 4 3 0 49 0 7 0 28 39 0 30 12 36 22 23 0 5 0 41 32 21 44 33 48 2 16 6 31 40 27 29 14 37 0 9 0 45 34 46 38 0
25 20 11 6 16 10 30 45 44 46 34 49 31 41 39 12 19 29 37 18 27 2 0 48 3 32 24 8 4 22 9 43 36 14 13 17 47 23 21 1 42 15 38 35 40 28 33 0 0
34 17 35 33 21 0 0 47 0 20 6 39 0 2 36 43 31 27 24 1 12 13 26 46 18 45 16 25 48 30 29 44 7 10 37 9 22 0 23 40 49 4 3 28 11 15 5 41 32
11 0 2 0 21 0 0 0 0 28 7 0 0 34 0 12 0 16 31 0 0 0 0 0 0 47 18 0 9 19 0 25 8 23 4 30 22 0 36 41 39 43 6 10 38 42 0 1 0
9 31 29 27 13 0 48 0 26 7 46 0 0 0 32 14 8 30 47 49 15 42 0 0 22 24 20 37 0 23 19 12 1 45 2 5 34 0 6 18 41 10 21 3 44 4 28 33 16
32 35 24 48 38 40 31 45 28 9 44 23 4 39 2 15 37 41 46 22 27 10 47 36 6 30 49 0 12 26 16 34 7 20 17 14 13 42 3 18 43 8 11 25 1 5 21 29 19
19 35 27 5 25 8 38 13 0 37 20 24 47 10 45 33 2 12 21 41 0 14 36 39 30 42 32 28 1 7 9 31 15 0 3 26 16 0 11 49 48 29 46 43 17 23 6 0 0
26 10 44 9 47 2 12 32 48 35 3 24 0 29 0 11 6 39 27 13 0 33 34 4 16 37 41 8 25 28 30 14 46 49 23 5 19 7 38 43 0 36 20 18 45 21 31 15 0
22 14 13 27 25 7 3 9 43 19 33 38 4 49 12 8 17 42 1 11 32 24 48 44 34 45 16 41 31 37 29 39 5 47 10 2 21 40 15 6 26 18 30 20 28 23 35 0 0
0 0 48 0 0 0 24 0 37 15 7 0 0 5 44 49 12 41 22 19 4 1 29 27 0 31 20 0 23 26 13 46 43 0 6 0 9 0 36 11 0 32 3 0 35 30 33 38 0
0 27 34 36 9 0 0 33 16 20 1 0 0 40 0 43 30 44 18 41 5 2 6 0 24 7 8 48 31 13 0 12 22 29 3 11 49 0 15 17 35 47 26 28 25 37 46 23 45
35 44 33 30 24 11 0 9 42 32 37 21 0 0 34 8 17 0 20 46 48 19 27 39 23 26 22 43 7 13 2 38 15 47 36 25 3 28 31 18 40 14 1 45 49 6 0 12 0
49 43 47 16 15 36 10 0 24 27 2 38 7 5 18 41 30 9 1 14 34 25 48 44 0 0 28 32 33 29 0 35 26 40 3 21 37 6 17 12 0 19 46 11 45 42 39 0 0
0 4 46 9 42 25 12 28 2 16 36 0 0 7 38 13 8 24 17 21 11 26 31 20 6 37 40 27 19 43 3 33 47 5 44 48 10 45 22 30 23 18 39 15 14 49 41 34 0
40 5 45 6 33 14 0 38 23 24 2 18 16 43 15 44 37 3 1 46 22 19 48 4 28 27 39 25 7 9 17 21 42 32 20 36 11 26 10 13 30 49 34 41 29 47 12 31 35
0 19 31 13 0 0 0 22 0 10 0 6 12 2 0 1 14 26 43 49 0 44 4 38 28 0 36 0 17 47 0 7 42 0 0 27 21 24 35 0 0 46 25 16 9 30 39 0 0
47 11 36 33 18 8 42 0 26 44 7 0 41 49 34 24 19 45 1 46 0 25 0 29 23 48 22 37 4 28 2 27 21 13 17 10 40 5 39 43 31 12 3 15 14 38 20 16 6
9 22 26 7 3 32 13 5 48 45 17 47 10 35 0 30 23 42 21 37 49 44 36 34 39 40 43 20 24 19 46 18 8 2 6 29 27 1 12 25 11 16 41 33 14 31 28 4 38
49 30 11 46 38 0 45 42 37 9 2 31 0 6 44 23 26 40 48 7 3 4 39 34 18 29 33 22 27 5 35 32 16 17 8 25 21 10 1 20 43 41 28 19 24 14 36 13 0
0 28 46 40 15 0 11 20 19 27 4 9 10 42 24 21 7 44 3 30 17 32 6 1 29 0 18 48 25 2 43 26 38 37 45 8 33 0 36 49 22 31 35 12 41 47 23 39 13
9 47 26 30 21 17 20 32 10 40 8 34 37 42 0 43 2 28 16 13 0 48 29 49 31 0 6 0 39 14 4 5 45 0 33 24 46 19 18 15 41 12 36 1 22 27 25 35 11
0 47 46 0 48 36 33 23 17 49 27 1 0 40 37 30 12 45 15 2 22 21 35 0 29 0 0 3 5 18 41 25 44 43 24 34 16 0 7 14 39 42 38 32 10 9 11 0 0
29 1 34 32 10 0 0 12 40 0 0 23 0 28 0 17 8 3 18 22 48 15 0 35 49 30 31 14 20 13 6 43 27 36 4 41 46 0 38 0 0 0 47 45 0 5 21 7 9
3 18 11 36 24 8 10 6 31 40 39 42 26 27 0 48 38 16 41 30 25 12 35 37 29 44 46 19 14 47 9 22 20 2 49 43 4 21 45 7 23 32 13 17 1 5 33 28 15
3 2 13 17 33 0 0 0 0 0 16 11 21 49 0 23 25 39 29 7 0 30 5 37 6 9 15 36 20 43 28 4 48 1 24 18 40 0 22 35 34 0 46 41 27 32 42 47 0
29 2 48 0 0 0 13 0 36 20 39 37 0 12 5 0 1 19 26 40 0 10 4 0 14 0 41 43 23 30 0 0 22 0 0 49 38 0 46 0 44 15 18 17 27 11 0 0 0
45 46 38 14 43 0 0 0 10 11 21 4 18 12 0 32 24 7 35 47 16 5 30 0 22 42 27 25 37 17 6 19 13 29 41 23 9 48 26 36 44 1 40 2 0 33 0 34 0
26 21 16 25 18 27 39 31 12 20 17 0 3 40 14 2 34 37 44 11 30 19 28 10 0 5 41 42 38 47 33 4 15 0 8 6 24 1 9 36 32 23 13 7 48 29 35 49 43
2 26 27 7 48 16 0 34 9 15 6 25 35 41 18 5 49 30 33 13 22 20 8 0 11 3 19 29 23 42 39 1 12 17 46 10 14 43 44 36 28 38 45 31 47 37 21 40 0
39 21 31 22 19 44 8 36 14 41 15 48 26 2 42 35 9 24 10 43 7 11 0 28 32 47 49 27 45 13 29 3 46 38 33 12 30 37 1 20 4 5 34 25 0 23 6 17 18
20 39 22 21 46 27 25 32 48 3 29 18 0 17 1 42 45 6 41 2 16 15 49 11 47 23 40 44 8 35 9 5 19 12 28 34 26 43 31 33 38 14 4 30 13 10 36 37 24
26 15 42 6 29 11 24 41 32 35 17 38 0 25 46 40 20 10 43 8 44 7 4 28 18 30 2 1 13 22 14 37 21 31 19 34 16 45 23 49 9 12 47 27 48 3 33 36 5
18 40 29 33 49 0 24 39 3 35 16 0 38 42 26 7 13 48 11 31 0 36 27 0 6 4 45 37 2 12 23 32 30 25 41 34 28 8 21 43 19 1 44 15 47 22 14 17 46
19 20 48 24 4 11 44 16 0 30 1 0 0 36 13 34 23 15 31 14 25 45 38 5 42 35 32 17 22 39 28 49 2 8 12 40 37 47 6 18 3 10 7 27 46 26 33 0 29
40 1 26 2 0 0 31 0 29 0 13 12 0 18 0 36 23 25 28 47 4 35 0 0 9 0 45 0 21 8 43 5 34 14 15 38 22 42 7 0 20 0 10 24 39 16 44 37 0
48 42 3 0 33 35 0 40 30 2 38 11 32 45 0 13 7 36 20 4 47 43 34 0 18 0 0 22 14 6 5 39 16 0 8 26 41 0 24 15 0 46 21 17 27 23 31 19 0
36 29 2 16 48 3 17 23 0 40 39 6 41 37 22 30 33 44 25 12 10 11 7 46 9 45 19 14 20 21 34 42 13 1 26 18 32 49 4 8 47 15 31 27 43 38 35 24 5
12 3 5 31 29 46 45 48 10 2 17 7 0 38 14 6 32 24 30 21 34 9 8 13 20 37 15 36 19 27 43 49 25 35 23 11 1 28 44 33 41 42 26 4 16 39 40 18 22
0 38 31 0 46 5 0 0 0 8 18 0 0 48 0 43 44 13 7 17 6 24 0 0 40 12 47 45 1 11 0 0 21 0 10 0 9 0 42 0 14 3 0 0 20 27 30 4 0
0 17 0 0 45 0 0 0 36 0 30 2 0 31 0 46 14 7 49 32 0 39 27 28 0 11 10 0 6 41 3 24 9 15 0 35 13 0 0 0 0 25 0 29 26 0 23 12 0
17 11 23 40 16 33 49 19 27 45 32 25 31 47 46 42 43 39 13 22 5 6 36 4 37 34 15 29 21 7 44 30 9 35 14 24 3 28 38 20 48 2 8 18 1 12 41 26 0
15 24 9 28 10 5 44 0 20 12 26 37 42 49 34 6 14 0 32 31 35 13 39 25 17 38 3 27 41 33 45 22 4 16 47 7 29 19 46 43 1 18 36 21 2 8 23 40 11
0 15 28 0 3 0 0 44 34 0 12 0 0 46 0 16 18 0 23 39 0 0 0 0 0 0 47 0 0 29 0 38 14 0 20 0 41 0 22 7 32 19 4 35 17 0 36 0 10
0 33 42 4 39 0 0 0 21 28 26 0 16 29 0 49 23 0 36 37 0 41 0 3 8 22 5 0 6 19 0 38 40 15 31 43 20 0 30 13 48 34 0 47 44 2 1 0 0
39 29 45 36 46 33 14 9 4 7 12 20 0 48 41 42 2 1 32 35 26 43 3 49 27 17 11 8 15 16 38 23 5 22 34 31 10 25 28 18 40 47 19 13 21 24 37 44 0
0 2 12 22 28 0 8 0 0 0 32 29 0 9 39 14 0 45 7 48 0 26 38 20 19 3 24 27 15 0 0 0 46 49 34 13 10 5 25 0 1 41 36 17 4 33 6 18 0
32 33 48 7 42 0 34 0 26 10 15 0 0 19 39 45 6 13 29 35 28 20 40 27 18 17 22 25 4 16 37 46 2 12 38 3 9 0 47 43 1 30 24 31 49 23 8 11 0
0 7 47 1 0 0 0 0 39 30 23 49 13 0 0 11 24 0 17 16 45 35 0 6 31 25 19 48 28 22 33 0 36 8 0 15 0 46 41 29 4 10 0 43 0 14 38 44 0
3 17 39 21 37 18 7 8 42 2 16 9 0 14 45 32 25 19 47 1 28 49 22 26 15 4 11 40 24 29 38 44 33 13 46 43 20 6 41 10 23 36 27 34 12 35 31 48 30
17 19 38 34 7 26 13 29 41 33 37 42 0 1 11 16 49 27 6 2 43 25 22 31 3 4 30 48 9 5 39 32 24 28 23 14 10 0 20 44 18 35 47 21 36 46 40 45 8
30 8 6 29 27 0 49 21 5 39 37 46 31 17 48 1 14 34 23 13 26 33 20 24 16 45 25 3 40 18 36 38 35 7 10 4 41 2 28 47 19 11 15 44 9 43 22 12 42
14 11 27 29 15 21 1 48 46 32 22 10 30 20 35 13 16 33 12 49 37 42 43 25 36 41 28 6 8 17 31 44 34 3 24 19 4 47 18 5 39 38 45 2 40 9 23 7 0
32 42 26 41 30 0 35 4 9 23 14 18 37 2 25 27 28 46 36 22 6 13 48 10 1 45 5 11 20 39 43 19 17 47 3 38 31 12 49 34 16 29 21 40 33 7 44 8 24
29 36 11 41 39 2 17 0 14 24 13 28 0 5 0 32 38 0 10 27 25 23 26 15 3 1 43 34 16 47 0 9 7 19 42 6 49 0 8 44 31 48 37 33 18 45 30 4 12
0 43 19 12 0 0 37 0 0 36 35 34 0 26 13 3 28 30 5 38 27 47 42 45 48 10 16 15 18 2 4 14 7 17 25 24 31 20 9 8 0 0 23 46 6 39 22 40 41
15 16 6 12 14 28 4 39 5 19 35 36 49 44 0 8 27 1 17 43 31 13 42 3 34 24 25 30 48 22 18 9 21 10 2 23 20 40 33 32 37 47 45 38 29 7 11 26 0
8 38 15 14 48 21 35 2 0 12 18 29 22 7 25 39 47 24 46 36 26 45 0 10 40 43 11 17 19 37 6 4 13 41 27 1 23 34 32 20 16 44 9 42 31 5 49 28 0
2 19 6 29 21 26 45 38 9 11 28 41 49 44 4 46 25 15 18 8 30 39 17 24 0 7 40 34 5 23 36 47 1 33 3 16 22 20 35 14 32 31 42 48 13 27 12 37 0
0 38 33 0 0 0 43 40 0 4 20 0 0 37 22 8 10 2 25 44 0 41 42 9 19 0 18 0 7 0 14 13 0 0 11 12 17 0 0 39 0 47 5 45 0 16 6 0 0
0 28 18 0 48 0 0 0 0 5 22 0 0 9 0 34 0 0 2 39 0 49 27 0 6 32 11 14 1 43 20 47 45 3 4 44 16 12 42 0 21 38 0 30 0 19 41 0 0
1 1 1 1 1 1 1 1 1 1 1 1 1 1 1 1 1 1 1 1 1 1 1 1 1 1 1 1 1 1 1 1 1 1 1 1 1 1 1 1 1 1 1 1 1 1 1 1 1 1 1 1 1 1 1 1 1 1 1 1 1 1 1 1 1 1 1 1 1 1 1 1 1 1 1 1 1 2 1 1 1 1 1 1 1 1 1 1 1 1 1 1 1 1 1 1 1 1 1
