5 10
100 100
100 100 100 100 100 100 100 100 100 100 100 100 100 100 100 100 100 100 100 100 100 100 100 100 100 100 100 100 100 100 100 100 100 100 100 100 100 100 100 100 100 100 100 100 100 100 100 100 100 100 100 100 100 100 100 100 100 100 100 100 100 100 100 100 100 100 100 100 100 100 100 100 100 100 100 100 100 100 100 100 100 100 100 100 100 100 100 100 100 100 100 100 100 100 100 100 100 100 100 100
66 66 66 66 66 66 66 66 66 66 67 67 67 67 67 67 67 67 67 67 68 68 68 68 68 68 68 68 68 68 69 69 69 69 69 69 69 69 69 69 70 70 70 70 70 70 70 70 70 70 71 71 71 71 71 71 71 71 71 71 72 72 72 72 72 72 72 72 72 72 73 73 73 73 73 73 73 73 73 73 74 74 74 74 74 74 74 74 74 74 75 75 75 75 75 75 75 75 75 75
24 24 24 24 24 24 24 24 24 24 25 25 25 25 25 25 25 25 25 25 26 26 26 26 26 26 26 26 26 26 27 27 27 27 27 27 27 27 27 27 28 28 28 28 28 28 28 28 28 28 29 29 29 29 29 29 29 29 29 29 30 30 30 30 30 30 30 30 30 30 31 31 31 31 31 31 31 31 31 31 32 32 32 32 32 32 32 32 32 32 33 33 33 33 33 33 33 33 33 33
33 33 33 33 33 33 33 33 33 33 34 34 34 34 34 34 34 34 34 34 35 35 35 35 35 35 35 35 35 35 36 36 36 36 36 36 36 36 36 36 37 37 37 37 37 37 37 37 37 37 38 38 38 38 38 38 38 38 38 38 39 39 39 39 39 39 39 39 39 39 40 40 40 40 40 40 40 40 40 40 41 41 41 41 41 41 41 41 41 41 42 42 42 42 42 42 42 42 42 42
43 43 43 43 43 43 43 43 43 43 44 44 44 44 44 44 44 44 44 44 45 45 45 45 45 45 45 45 45 45 46 46 46 46 46 46 46 46 46 46 47 47 47 47 47 47 47 47 47 47 48 48 48 48 48 48 48 48 48 48 49 49 49 49 49 49 49 49 49 49 50 50 50 50 50 50 50 50 50 50 51 51 51 51 51 51 51 51 51 51 52 52 52 52 52 52 52 52 52 52
52 52 52 52 52 52 52 52 52 52 53 53 53 53 53 53 53 53 53 53 54 54 54 54 54 54 54 54 54 54 55 55 55 55 55 55 55 55 55 55 56 56 56 56 56 56 56 56 56 56 57 57 57 57 57 57 57 57 57 57 58 58 58 58 58 58 58 58 58 58 59 59 59 59 59 59 59 59 59 59 60 60 60 60 60 60 60 60 60 60 61 61 61 61 61 61 61 61 61 61
68 68 68 68 68 68 68 68 68 68 69 69 69 69 69 69 69 69 69 69 70 70 70 70 70 70 70 70 70 70 71 71 71 71 71 71 71 71 71 71 72 72 72 72 72 72 72 72 72 72 73 73 73 73 73 73 73 73 73 73 74 74 74 74 74 74 74 74 74 74 75 75 75 75 75 75 75 75 75 75 76 76 76 76 76 76 76 76 76 76 77 77 77 77 77 77 77 77 77 77
38 38 38 38 38 38 38 38 38 38 39 39 39 39 39 39 39 39 39 39 40 40 40 40 40 40 40 40 40 40 41 41 41 41 41 41 41 41 41 41 42 42 42 42 42 42 42 42 42 42 43 43 43 43 43 43 43 43 43 43 44 44 44 44 44 44 44 44 44 44 45 45 45 45 45 45 45 45 45 45 46 46 46 46 46 46 46 46 46 46 47 47 47 47 47 47 47 47 47 47
70 70 70 70 70 70 70 70 70 70 71 71 71 71 71 71 71 71 71 71 72 72 72 72 72 72 72 72 72 72 73 73 73 73 73 73 73 73 73 73 74 74 74 74 74 74 74 74 74 74 75 75 75 75 75 75 75 75 75 75 76 76 76 76 76 76 76 76 76 76 77 77 77 77 77 77 77 77 77 77 78 78 78 78 78 78 78 78 78 78 79 79 79 79 79 79 79 79 79 79
16 16 16 16 16 16 16 16 16 16 17 17 17 17 17 17 17 17 17 17 18 18 18 18 18 18 18 18 18 18 19 19 19 19 19 19 19 19 19 19 20 20 20 20 20 20 20 20 20 20 21 21 21 21 21 21 21 21 21 21 22 22 22 22 22 22 22 22 22 22 23 23 23 23 23 23 23 23 23 23 24 24 24 24 24 24 24 24 24 24 25 25 25 25 25 25 25 25 25 25
48 48 48 48 48 48 48 48 48 48 49 49 49 49 49 49 49 49 49 49 50 50 50 50 50 50 50 50 50 50 51 51 51 51 51 51 51 51 51 51 52 52 52 52 52 52 52 52 52 52 53 53 53 53 53 53 53 53 53 53 54 54 54 54 54 54 54 54 54 54 55 55 55 55 55 55 55 55 55 55 56 56 56 56 56 56 56 56 56 56 57 57 57 57 57 57 57 57 57 57
90 90 90 90 90 90 90 90 90 90 91 91 91 91 91 91 91 91 91 91 92 92 92 92 92 92 92 92 92 92 93 93 93 93 93 93 93 93 93 93 94 94 94 94 94 94 94 94 94 94 95 95 95 95 95 95 95 95 95 95 96 96 96 96 96 96 96 96 96 96 97 97 97 97 97 97 97 97 97 97 98 98 98 98 98 98 98 98 98 98 99 99 99 99 99 99 99 99 99 99
88 88 88 88 88 88 88 88 88 88 89 89 89 89 89 89 89 89 89 89 90 90 90 90 90 90 90 90 90 90 91 91 91 91 91 91 91 91 91 91 92 92 92 92 92 92 92 92 92 92 93 93 93 93 93 93 93 93 93 93 94 94 94 94 94 94 94 94 94 94 95 95 95 95 95 95 95 95 95 95 96 96 96 96 96 96 96 96 96 96 97 97 97 97 97 97 97 97 97 97
3 3 3 3 3 3 3 3 3 3 4 4 4 4 4 4 4 4 4 4 5 5 5 5 5 5 5 5 5 5 6 6 6 6 6 6 6 6 6 6 7 7 7 7 7 7 7 7 7 7 8 8 8 8 8 8 8 8 8 8 9 9 9 9 9 9 9 9 9 9 10 10 10 10 10 10 10 10 10 10 11 11 11 11 11 11 11 11 11 11 12 12 12 12 12 12 12 12 12 12
43 43 43 43 43 43 43 43 43 43 44 44 44 44 44 44 44 44 44 44 45 45 45 45 45 45 45 45 45 45 46 46 46 46 46 46 46 46 46 46 47 47 47 47 47 47 47 47 47 47 48 48 48 48 48 48 48 48 48 48 49 49 49 49 49 49 49 49 49 49 50 50 50 50 50 50 50 50 50 50 51 51 51 51 51 51 51 51 51 51 52 52 52 52 52 52 52 52 52 52
7 7 7 7 7 7 7 7 7 7 8 8 8 8 8 8 8 8 8 8 9 9 9 9 9 9 9 9 9 9 10 10 10 10 10 10 10 10 10 10 11 11 11 11 11 11 11 11 11 11 12 12 12 12 12 12 12 12 12 12 13 13 13 13 13 13 13 13 13 13 14 14 14 14 14 14 14 14 14 14 15 15 15 15 15 15 15 15 15 15 16 16 16 16 16 16 16 16 16 16
20 20 20 20 20 20 20 20 20 20 21 21 21 21 21 21 21 21 21 21 22 22 22 22 22 22 22 22 22 22 23 23 23 23 23 23 23 23 23 23 24 24 24 24 24 24 24 24 24 24 25 25 25 25 25 25 25 25 25 25 26 26 26 26 26 26 26 26 26 26 27 27 27 27 27 27 27 27 27 27 28 28 28 28 28 28 28 28 28 28 29 29 29 29 29 29 29 29 29 29
79 79 79 79 79 79 79 79 79 79 80 80 80 80 80 80 80 80 80 80 81 81 81 81 81 81 81 81 81 81 82 82 82 82 82 82 82 82 82 82 83 83 83 83 83 83 83 83 83 83 84 84 84 84 84 84 84 84 84 84 85 85 85 85 85 85 85 85 85 85 86 86 86 86 86 86 86 86 86 86 87 87 87 87 87 87 87 87 87 87 88 88 88 88 88 88 88 88 88 88
39 39 39 39 39 39 39 39 39 39 40 40 40 40 40 40 40 40 40 40 41 41 41 41 41 41 41 41 41 41 42 42 42 42 42 42 42 42 42 42 43 43 43 43 43 43 43 43 43 43 44 44 44 44 44 44 44 44 44 44 45 45 45 45 45 45 45 45 45 45 46 46 46 46 46 46 46 46 46 46 47 47 47 47 47 47 47 47 47 47 48 48 48 48 48 48 48 48 48 48
81 81 81 81 81 81 81 81 81 81 82 82 82 82 82 82 82 82 82 82 83 83 83 83 83 83 83 83 83 83 84 84 84 84 84 84 84 84 84 84 85 85 85 85 85 85 85 85 85 85 86 86 86 86 86 86 86 86 86 86 87 87 87 87 87 87 87 87 87 87 88 88 88 88 88 88 88 88 88 88 89 89 89 89 89 89 89 89 89 89 90 90 90 90 90 90 90 90 90 90
48 48 48 48 48 48 48 48 48 48 49 49 49 49 49 49 49 49 49 49 50 50 50 50 50 50 50 50 50 50 51 51 51 51 51 51 51 51 51 51 52 52 52 52 52 52 52 52 52 52 53 53 53 53 53 53 53 53 53 53 54 54 54 54 54 54 54 54 54 54 55 55 55 55 55 55 55 55 55 55 56 56 56 56 56 56 56 56 56 56 57 57 57 57 57 57 57 57 57 57
18 18 18 18 18 18 18 18 18 18 19 19 19 19 19 19 19 19 19 19 20 20 20 20 20 20 20 20 20 20 21 21 21 21 21 21 21 21 21 21 22 22 22 22 22 22 22 22 22 22 23 23 23 23 23 23 23 23 23 23 24 24 24 24 24 24 24 24 24 24 25 25 25 25 25 25 25 25 25 25 26 26 26 26 26 26 26 26 26 26 27 27 27 27 27 27 27 27 27 27
63 63 63 63 63 63 63 63 63 63 64 64 64 64 64 64 64 64 64 64 65 65 65 65 65 65 65 65 65 65 66 66 66 66 66 66 66 66 66 66 67 67 67 67 67 67 67 67 67 67 68 68 68 68 68 68 68 68 68 68 69 69 69 69 69 69 69 69 69 69 70 70 70 70 70 70 70 70 70 70 71 71 71 71 71 71 71 71 71 71 72 72 72 72 72 72 72 72 72 72
30 30 30 30 30 30 30 30 30 30 31 31 31 31 31 31 31 31 31 31 32 32 32 32 32 32 32 32 32 32 33 33 33 33 33 33 33 33 33 33 34 34 34 34 34 34 34 34 34 34 35 35 35 35 35 35 35 35 35 35 36 36 36 36 36 36 36 36 36 36 37 37 37 37 37 37 37 37 37 37 38 38 38 38 38 38 38 38 38 38 39 39 39 39 39 39 39 39 39 39
6 6 6 6 6 6 6 6 6 6 7 7 7 7 7 7 7 7 7 7 8 8 8 8 8 8 8 8 8 8 9 9 9 9 9 9 9 9 9 9 10 10 10 10 10 10 10 10 10 10 11 11 11 11 11 11 11 11 11 11 12 12 12 12 12 12 12 12 12 12 13 13 13 13 13 13 13 13 13 13 14 14 14 14 14 14 14 14 14 14 15 15 15 15 15 15 15 15 15 15
5 5 5 5 5 5 5 5 5 5 6 6 6 6 6 6 6 6 6 6 7 7 7 7 7 7 7 7 7 7 8 8 8 8 8 8 8 8 8 8 9 9 9 9 9 9 9 9 9 9 10 10 10 10 10 10 10 10 10 10 11 11 11 11 11 11 11 11 11 11 12 12 12 12 12 12 12 12 12 12 13 13 13 13 13 13 13 13 13 13 14 14 14 14 14 14 14 14 14 14
72 72 72 72 72 72 72 72 72 72 73 73 73 73 73 73 73 73 73 73 74 74 74 74 74 74 74 74 74 74 75 75 75 75 75 75 75 75 75 75 76 76 76 76 76 76 76 76 76 76 77 77 77 77 77 77 77 77 77 77 78 78 78 78 78 78 78 78 78 78 79 79 79 79 79 79 79 79 79 79 80 80 80 80 80 80 80 80 80 80 81 81 81 81 81 81 81 81 81 81
68 68 68 68 68 68 68 68 68 68 69 69 69 69 69 69 69 69 69 69 70 70 70 70 70 70 70 70 70 70 71 71 71 71 71 71 71 71 71 71 72 72 72 72 72 72 72 72 72 72 73 73 73 73 73 73 73 73 73 73 74 74 74 74 74 74 74 74 74 74 75 75 75 75 75 75 75 75 75 75 76 76 76 76 76 76 76 76 76 76 77 77 77 77 77 77 77 77 77 77
30 30 30 30 30 30 30 30 30 30 31 31 31 31 31 31 31 31 31 31 32 32 32 32 32 32 32 32 32 32 33 33 33 33 33 33 33 33 33 33 34 34 34 34 34 34 34 34 34 34 35 35 35 35 35 35 35 35 35 35 36 36 36 36 36 36 36 36 36 36 37 37 37 37 37 37 37 37 37 37 38 38 38 38 38 38 38 38 38 38 39 39 39 39 39 39 39 39 39 39
23 23 23 23 23 23 23 23 23 23 24 24 24 24 24 24 24 24 24 24 25 25 25 25 25 25 25 25 25 25 26 26 26 26 26 26 26 26 26 26 27 27 27 27 27 27 27 27 27 27 28 28 28 28 28 28 28 28 28 28 29 29 29 29 29 29 29 29 29 29 30 30 30 30 30 30 30 30 30 30 31 31 31 31 31 31 31 31 31 31 32 32 32 32 32 32 32 32 32 32
20 20 20 20 20 20 20 20 20 20 21 21 21 21 21 21 21 21 21 21 22 22 22 22 22 22 22 22 22 22 23 23 23 23 23 23 23 23 23 23 24 24 24 24 24 24 24 24 24 24 25 25 25 25 25 25 25 25 25 25 26 26 26 26 26 26 26 26 26 26 27 27 27 27 27 27 27 27 27 27 28 28 28 28 28 28 28 28 28 28 29 29 29 29 29 29 29 29 29 29
73 73 73 73 73 73 73 73 73 73 74 74 74 74 74 74 74 74 74 74 75 75 75 75 75 75 75 75 75 75 76 76 76 76 76 76 76 76 76 76 77 77 77 77 77 77 77 77 77 77 78 78 78 78 78 78 78 78 78 78 79 79 79 79 79 79 79 79 79 79 80 80 80 80 80 80 80 80 80 80 81 81 81 81 81 81 81 81 81 81 82 82 82 82 82 82 82 82 82 82
26 26 26 26 26 26 26 26 26 26 27 27 27 27 27 27 27 27 27 27 28 28 28 28 28 28 28 28 28 28 29 29 29 29 29 29 29 29 29 29 30 30 30 30 30 30 30 30 30 30 31 31 31 31 31 31 31 31 31 31 32 32 32 32 32 32 32 32 32 32 33 33 33 33 33 33 33 33 33 33 34 34 34 34 34 34 34 34 34 34 35 35 35 35 35 35 35 35 35 35
44 44 44 44 44 44 44 44 44 44 45 45 45 45 45 45 45 45 45 45 46 46 46 46 46 46 46 46 46 46 47 47 47 47 47 47 47 47 47 47 48 48 48 48 48 48 48 48 48 48 49 49 49 49 49 49 49 49 49 49 50 50 50 50 50 50 50 50 50 50 51 51 51 51 51 51 51 51 51 51 52 52 52 52 52 52 52 52 52 52 53 53 53 53 53 53 53 53 53 53
6 6 6 6 6 6 6 6 6 6 7 7 7 7 7 7 7 7 7 7 8 8 8 8 8 8 8 8 8 8 9 9 9 9 9 9 9 9 9 9 10 10 10 10 10 10 10 10 10 10 11 11 11 11 11 11 11 11 11 11 12 12 12 12 12 12 12 12 12 12 13 13 13 13 13 13 13 13 13 13 14 14 14 14 14 14 14 14 14 14 15 15 15 15 15 15 15 15 15 15
72 72 72 72 72 72 72 72 72 72 73 73 73 73 73 73 73 73 73 73 74 74 74 74 74 74 74 74 74 74 75 75 75 75 75 75 75 75 75 75 76 76 76 76 76 76 76 76 76 76 77 77 77 77 77 77 77 77 77 77 78 78 78 78 78 78 78 78 78 78 79 79 79 79 79 79 79 79 79 79 80 80 80 80 80 80 80 80 80 80 81 81 81 81 81 81 81 81 81 81
54 54 54 54 54 54 54 54 54 54 55 55 55 55 55 55 55 55 55 55 56 56 56 56 56 56 56 56 56 56 57 57 57 57 57 57 57 57 57 57 58 58 58 58 58 58 58 58 58 58 59 59 59 59 59 59 59 59 59 59 60 60 60 60 60 60 60 60 60 60 61 61 61 61 61 61 61 61 61 61 62 62 62 62 62 62 62 62 62 62 63 63 63 63 63 63 63 63 63 63
40 40 40 40 40 40 40 40 40 40 41 41 41 41 41 41 41 41 41 41 42 42 42 42 42 42 42 42 42 42 43 43 43 43 43 43 43 43 43 43 44 44 44 44 44 44 44 44 44 44 45 45 45 45 45 45 45 45 45 45 46 46 46 46 46 46 46 46 46 46 47 47 47 47 47 47 47 47 47 47 48 48 48 48 48 48 48 48 48 48 49 49 49 49 49 49 49 49 49 49
33 33 33 33 33 33 33 33 33 33 34 34 34 34 34 34 34 34 34 34 35 35 35 35 35 35 35 35 35 35 36 36 36 36 36 36 36 36 36 36 37 37 37 37 37 37 37 37 37 37 38 38 38 38 38 38 38 38 38 38 39 39 39 39 39 39 39 39 39 39 40 40 40 40 40 40 40 40 40 40 41 41 41 41 41 41 41 41 41 41 42 42 42 42 42 42 42 42 42 42
28 28 28 28 28 28 28 28 28 28 29 29 29 29 29 29 29 29 29 29 30 30 30 30 30 30 30 30 30 30 31 31 31 31 31 31 31 31 31 31 32 32 32 32 32 32 32 32 32 32 33 33 33 33 33 33 33 33 33 33 34 34 34 34 34 34 34 34 34 34 35 35 35 35 35 35 35 35 35 35 36 36 36 36 36 36 36 36 36 36 37 37 37 37 37 37 37 37 37 37
2 2 2 2 2 2 2 2 2 2 3 3 3 3 3 3 3 3 3 3 4 4 4 4 4 4 4 4 4 4 5 5 5 5 5 5 5 5 5 5 6 6 6 6 6 6 6 6 6 6 7 7 7 7 7 7 7 7 7 7 8 8 8 8 8 8 8 8 8 8 9 9 9 9 9 9 9 9 9 9 10 10 10 10 10 10 10 10 10 10 11 11 11 11 11 11 11 11 11 11
91 91 91 91 91 91 91 91 91 91 92 92 92 92 92 92 92 92 92 92 93 93 93 93 93 93 93 93 93 93 94 94 94 94 94 94 94 94 94 94 95 95 95 95 95 95 95 95 95 95 96 96 96 96 96 96 96 96 96 96 97 97 97 97 97 97 97 97 97 97 98 98 98 98 98 98 98 98 98 98 99 99 99 99 99 99 99 99 99 99 100 100 100 100 100 100 100 100 100 100
52 52 52 52 52 52 52 52 52 52 53 53 53 53 53 53 53 53 53 53 54 54 54 54 54 54 54 54 54 54 55 55 55 55 55 55 55 55 55 55 56 56 56 56 56 56 56 56 56 56 57 57 57 57 57 57 57 57 57 57 58 58 58 58 58 58 58 58 58 58 59 59 59 59 59 59 59 59 59 59 60 60 60 60 60 60 60 60 60 60 61 61 61 61 61 61 61 61 61 61
14 14 14 14 14 14 14 14 14 14 15 15 15 15 15 15 15 15 15 15 16 16 16 16 16 16 16 16 16 16 17 17 17 17 17 17 17 17 17 17 18 18 18 18 18 18 18 18 18 18 19 19 19 19 19 19 19 19 19 19 20 20 20 20 20 20 20 20 20 20 21 21 21 21 21 21 21 21 21 21 22 22 22 22 22 22 22 22 22 22 23 23 23 23 23 23 23 23 23 23
25 25 25 25 25 25 25 25 25 25 26 26 26 26 26 26 26 26 26 26 27 27 27 27 27 27 27 27 27 27 28 28 28 28 28 28 28 28 28 28 29 29 29 29 29 29 29 29 29 29 30 30 30 30 30 30 30 30 30 30 31 31 31 31 31 31 31 31 31 31 32 32 32 32 32 32 32 32 32 32 33 33 33 33 33 33 33 33 33 33 34 34 34 34 34 34 34 34 34 34
79 79 79 79 79 79 79 79 79 79 80 80 80 80 80 80 80 80 80 80 81 81 81 81 81 81 81 81 81 81 82 82 82 82 82 82 82 82 82 82 83 83 83 83 83 83 83 83 83 83 84 84 84 84 84 84 84 84 84 84 85 85 85 85 85 85 85 85 85 85 86 86 86 86 86 86 86 86 86 86 87 87 87 87 87 87 87 87 87 87 88 88 88 88 88 88 88 88 88 88
82 82 82 82 82 82 82 82 82 82 83 83 83 83 83 83 83 83 83 83 84 84 84 84 84 84 84 84 84 84 85 85 85 85 85 85 85 85 85 85 86 86 86 86 86 86 86 86 86 86 87 87 87 87 87 87 87 87 87 87 88 88 88 88 88 88 88 88 88 88 89 89 89 89 89 89 89 89 89 89 90 90 90 90 90 90 90 90 90 90 91 91 91 91 91 91 91 91 91 91
45 45 45 45 45 45 45 45 45 45 46 46 46 46 46 46 46 46 46 46 47 47 47 47 47 47 47 47 47 47 48 48 48 48 48 48 48 48 48 48 49 49 49 49 49 49 49 49 49 49 50 50 50 50 50 50 50 50 50 50 51 51 51 51 51 51 51 51 51 51 52 52 52 52 52 52 52 52 52 52 53 53 53 53 53 53 53 53 53 53 54 54 54 54 54 54 54 54 54 54
83 83 83 83 83 83 83 83 83 83 84 84 84 84 84 84 84 84 84 84 85 85 85 85 85 85 85 85 85 85 86 86 86 86 86 86 86 86 86 86 87 87 87 87 87 87 87 87 87 87 88 88 88 88 88 88 88 88 88 88 89 89 89 89 89 89 89 89 89 89 90 90 90 90 90 90 90 90 90 90 91 91 91 91 91 91 91 91 91 91 92 92 92 92 92 92 92 92 92 92
6 6 6 6 6 6 6 6 6 6 7 7 7 7 7 7 7 7 7 7 8 8 8 8 8 8 8 8 8 8 9 9 9 9 9 9 9 9 9 9 10 10 10 10 10 10 10 10 10 10 11 11 11 11 11 11 11 11 11 11 12 12 12 12 12 12 12 12 12 12 13 13 13 13 13 13 13 13 13 13 14 14 14 14 14 14 14 14 14 14 15 15 15 15 15 15 15 15 15 15
48 48 48 48 48 48 48 48 48 48 49 49 49 49 49 49 49 49 49 49 50 50 50 50 50 50 50 50 50 50 51 51 51 51 51 51 51 51 51 51 52 52 52 52 52 52 52 52 52 52 53 53 53 53 53 53 53 53 53 53 54 54 54 54 54 54 54 54 54 54 55 55 55 55 55 55 55 55 55 55 56 56 56 56 56 56 56 56 56 56 57 57 57 57 57 57 57 57 57 57
13 13 13 13 13 13 13 13 13 13 14 14 14 14 14 14 14 14 14 14 15 15 15 15 15 15 15 15 15 15 16 16 16 16 16 16 16 16 16 16 17 17 17 17 17 17 17 17 17 17 18 18 18 18 18 18 18 18 18 18 19 19 19 19 19 19 19 19 19 19 20 20 20 20 20 20 20 20 20 20 21 21 21 21 21 21 21 21 21 21 22 22 22 22 22 22 22 22 22 22
55 55 55 55 55 55 55 55 55 55 56 56 56 56 56 56 56 56 56 56 57 57 57 57 57 57 57 57 57 57 58 58 58 58 58 58 58 58 58 58 59 59 59 59 59 59 59 59 59 59 60 60 60 60 60 60 60 60 60 60 61 61 61 61 61 61 61 61 61 61 62 62 62 62 62 62 62 62 62 62 63 63 63 63 63 63 63 63 63 63 64 64 64 64 64 64 64 64 64 64
89 89 89 89 89 89 89 89 89 89 90 90 90 90 90 90 90 90 90 90 91 91 91 91 91 91 91 91 91 91 92 92 92 92 92 92 92 92 92 92 93 93 93 93 93 93 93 93 93 93 94 94 94 94 94 94 94 94 94 94 95 95 95 95 95 95 95 95 95 95 96 96 96 96 96 96 96 96 96 96 97 97 97 97 97 97 97 97 97 97 98 98 98 98 98 98 98 98 98 98
9 9 9 9 9 9 9 9 9 9 10 10 10 10 10 10 10 10 10 10 11 11 11 11 11 11 11 11 11 11 12 12 12 12 12 12 12 12 12 12 13 13 13 13 13 13 13 13 13 13 14 14 14 14 14 14 14 14 14 14 15 15 15 15 15 15 15 15 15 15 16 16 16 16 16 16 16 16 16 16 17 17 17 17 17 17 17 17 17 17 18 18 18 18 18 18 18 18 18 18
34 34 34 34 34 34 34 34 34 34 35 35 35 35 35 35 35 35 35 35 36 36 36 36 36 36 36 36 36 36 37 37 37 37 37 37 37 37 37 37 38 38 38 38 38 38 38 38 38 38 39 39 39 39 39 39 39 39 39 39 40 40 40 40 40 40 40 40 40 40 41 41 41 41 41 41 41 41 41 41 42 42 42 42 42 42 42 42 42 42 43 43 43 43 43 43 43 43 43 43
74 74 74 74 74 74 74 74 74 74 75 75 75 75 75 75 75 75 75 75 76 76 76 76 76 76 76 76 76 76 77 77 77 77 77 77 77 77 77 77 78 78 78 78 78 78 78 78 78 78 79 79 79 79 79 79 79 79 79 79 80 80 80 80 80 80 80 80 80 80 81 81 81 81 81 81 81 81 81 81 82 82 82 82 82 82 82 82 82 82 83 83 83 83 83 83 83 83 83 83
9 9 9 9 9 9 9 9 9 9 10 10 10 10 10 10 10 10 10 10 11 11 11 11 11 11 11 11 11 11 12 12 12 12 12 12 12 12 12 12 13 13 13 13 13 13 13 13 13 13 14 14 14 14 14 14 14 14 14 14 15 15 15 15 15 15 15 15 15 15 16 16 16 16 16 16 16 16 16 16 17 17 17 17 17 17 17 17 17 17 18 18 18 18 18 18 18 18 18 18
26 26 26 26 26 26 26 26 26 26 27 27 27 27 27 27 27 27 27 27 28 28 28 28 28 28 28 28 28 28 29 29 29 29 29 29 29 29 29 29 30 30 30 30 30 30 30 30 30 30 31 31 31 31 31 31 31 31 31 31 32 32 32 32 32 32 32 32 32 32 33 33 33 33 33 33 33 33 33 33 34 34 34 34 34 34 34 34 34 34 35 35 35 35 35 35 35 35 35 35
40 40 40 40 40 40 40 40 40 40 41 41 41 41 41 41 41 41 41 41 42 42 42 42 42 42 42 42 42 42 43 43 43 43 43 43 43 43 43 43 44 44 44 44 44 44 44 44 44 44 45 45 45 45 45 45 45 45 45 45 46 46 46 46 46 46 46 46 46 46 47 47 47 47 47 47 47 47 47 47 48 48 48 48 48 48 48 48 48 48 49 49 49 49 49 49 49 49 49 49
75 75 75 75 75 75 75 75 75 75 76 76 76 76 76 76 76 76 76 76 77 77 77 77 77 77 77 77 77 77 78 78 78 78 78 78 78 78 78 78 79 79 79 79 79 79 79 79 79 79 80 80 80 80 80 80 80 80 80 80 81 81 81 81 81 81 81 81 81 81 82 82 82 82 82 82 82 82 82 82 83 83 83 83 83 83 83 83 83 83 84 84 84 84 84 84 84 84 84 84
57 57 57 57 57 57 57 57 57 57 58 58 58 58 58 58 58 58 58 58 59 59 59 59 59 59 59 59 59 59 60 60 60 60 60 60 60 60 60 60 61 61 61 61 61 61 61 61 61 61 62 62 62 62 62 62 62 62 62 62 63 63 63 63 63 63 63 63 63 63 64 64 64 64 64 64 64 64 64 64 65 65 65 65 65 65 65 65 65 65 66 66 66 66 66 66 66 66 66 66
88 88 88 88 88 88 88 88 88 88 89 89 89 89 89 89 89 89 89 89 90 90 90 90 90 90 90 90 90 90 91 91 91 91 91 91 91 91 91 91 92 92 92 92 92 92 92 92 92 92 93 93 93 93 93 93 93 93 93 93 94 94 94 94 94 94 94 94 94 94 95 95 95 95 95 95 95 95 95 95 96 96 96 96 96 96 96 96 96 96 97 97 97 97 97 97 97 97 97 97
6 6 6 6 6 6 6 6 6 6 7 7 7 7 7 7 7 7 7 7 8 8 8 8 8 8 8 8 8 8 9 9 9 9 9 9 9 9 9 9 10 10 10 10 10 10 10 10 10 10 11 11 11 11 11 11 11 11 11 11 12 12 12 12 12 12 12 12 12 12 13 13 13 13 13 13 13 13 13 13 14 14 14 14 14 14 14 14 14 14 15 15 15 15 15 15 15 15 15 15
62 62 62 62 62 62 62 62 62 62 63 63 63 63 63 63 63 63 63 63 64 64 64 64 64 64 64 64 64 64 65 65 65 65 65 65 65 65 65 65 66 66 66 66 66 66 66 66 66 66 67 67 67 67 67 67 67 67 67 67 68 68 68 68 68 68 68 68 68 68 69 69 69 69 69 69 69 69 69 69 70 70 70 70 70 70 70 70 70 70 71 71 71 71 71 71 71 71 71 71
39 39 39 39 39 39 39 39 39 39 40 40 40 40 40 40 40 40 40 40 41 41 41 41 41 41 41 41 41 41 42 42 42 42 42 42 42 42 42 42 43 43 43 43 43 43 43 43 43 43 44 44 44 44 44 44 44 44 44 44 45 45 45 45 45 45 45 45 45 45 46 46 46 46 46 46 46 46 46 46 47 47 47 47 47 47 47 47 47 47 48 48 48 48 48 48 48 48 48 48
14 14 14 14 14 14 14 14 14 14 15 15 15 15 15 15 15 15 15 15 16 16 16 16 16 16 16 16 16 16 17 17 17 17 17 17 17 17 17 17 18 18 18 18 18 18 18 18 18 18 19 19 19 19 19 19 19 19 19 19 20 20 20 20 20 20 20 20 20 20 21 21 21 21 21 21 21 21 21 21 22 22 22 22 22 22 22 22 22 22 23 23 23 23 23 23 23 23 23 23
44 44 44 44 44 44 44 44 44 44 45 45 45 45 45 45 45 45 45 45 46 46 46 46 46 46 46 46 46 46 47 47 47 47 47 47 47 47 47 47 48 48 48 48 48 48 48 48 48 48 49 49 49 49 49 49 49 49 49 49 50 50 50 50 50 50 50 50 50 50 51 51 51 51 51 51 51 51 51 51 52 52 52 52 52 52 52 52 52 52 53 53 53 53 53 53 53 53 53 53
82 82 82 82 82 82 82 82 82 82 83 83 83 83 83 83 83 83 83 83 84 84 84 84 84 84 84 84 84 84 85 85 85 85 85 85 85 85 85 85 86 86 86 86 86 86 86 86 86 86 87 87 87 87 87 87 87 87 87 87 88 88 88 88 88 88 88 88 88 88 89 89 89 89 89 89 89 89 89 89 90 90 90 90 90 90 90 90 90 90 91 91 91 91 91 91 91 91 91 91
64 64 64 64 64 64 64 64 64 64 65 65 65 65 65 65 65 65 65 65 66 66 66 66 66 66 66 66 66 66 67 67 67 67 67 67 67 67 67 67 68 68 68 68 68 68 68 68 68 68 69 69 69 69 69 69 69 69 69 69 70 70 70 70 70 70 70 70 70 70 71 71 71 71 71 71 71 71 71 71 72 72 72 72 72 72 72 72 72 72 73 73 73 73 73 73 73 73 73 73
83 83 83 83 83 83 83 83 83 83 84 84 84 84 84 84 84 84 84 84 85 85 85 85 85 85 85 85 85 85 86 86 86 86 86 86 86 86 86 86 87 87 87 87 87 87 87 87 87 87 88 88 88 88 88 88 88 88 88 88 89 89 89 89 89 89 89 89 89 89 90 90 90 90 90 90 90 90 90 90 91 91 91 91 91 91 91 91 91 91 92 92 92 92 92 92 92 92 92 92
25 25 25 25 25 25 25 25 25 25 26 26 26 26 26 26 26 26 26 26 27 27 27 27 27 27 27 27 27 27 28 28 28 28 28 28 28 28 28 28 29 29 29 29 29 29 29 29 29 29 30 30 30 30 30 30 30 30 30 30 31 31 31 31 31 31 31 31 31 31 32 32 32 32 32 32 32 32 32 32 33 33 33 33 33 33 33 33 33 33 34 34 34 34 34 34 34 34 34 34
56 56 56 56 56 56 56 56 56 56 57 57 57 57 57 57 57 57 57 57 58 58 58 58 58 58 58 58 58 58 59 59 59 59 59 59 59 59 59 59 60 60 60 60 60 60 60 60 60 60 61 61 61 61 61 61 61 61 61 61 62 62 62 62 62 62 62 62 62 62 63 63 63 63 63 63 63 63 63 63 64 64 64 64 64 64 64 64 64 64 65 65 65 65 65 65 65 65 65 65
24 24 24 24 24 24 24 24 24 24 25 25 25 25 25 25 25 25 25 25 26 26 26 26 26 26 26 26 26 26 27 27 27 27 27 27 27 27 27 27 28 28 28 28 28 28 28 28 28 28 29 29 29 29 29 29 29 29 29 29 30 30 30 30 30 30 30 30 30 30 31 31 31 31 31 31 31 31 31 31 32 32 32 32 32 32 32 32 32 32 33 33 33 33 33 33 33 33 33 33
72 72 72 72 72 72 72 72 72 72 73 73 73 73 73 73 73 73 73 73 74 74 74 74 74 74 74 74 74 74 75 75 75 75 75 75 75 75 75 75 76 76 76 76 76 76 76 76 76 76 77 77 77 77 77 77 77 77 77 77 78 78 78 78 78 78 78 78 78 78 79 79 79 79 79 79 79 79 79 79 80 80 80 80 80 80 80 80 80 80 81 81 81 81 81 81 81 81 81 81
4 4 4 4 4 4 4 4 4 4 5 5 5 5 5 5 5 5 5 5 6 6 6 6 6 6 6 6 6 6 7 7 7 7 7 7 7 7 7 7 8 8 8 8 8 8 8 8 8 8 9 9 9 9 9 9 9 9 9 9 10 10 10 10 10 10 10 10 10 10 11 11 11 11 11 11 11 11 11 11 12 12 12 12 12 12 12 12 12 12 13 13 13 13 13 13 13 13 13 13
16 16 16 16 16 16 16 16 16 16 17 17 17 17 17 17 17 17 17 17 18 18 18 18 18 18 18 18 18 18 19 19 19 19 19 19 19 19 19 19 20 20 20 20 20 20 20 20 20 20 21 21 21 21 21 21 21 21 21 21 22 22 22 22 22 22 22 22 22 22 23 23 23 23 23 23 23 23 23 23 24 24 24 24 24 24 24 24 24 24 25 25 25 25 25 25 25 25 25 25
45 45 45 45 45 45 45 45 45 45 46 46 46 46 46 46 46 46 46 46 47 47 47 47 47 47 47 47 47 47 48 48 48 48 48 48 48 48 48 48 49 49 49 49 49 49 49 49 49 49 50 50 50 50 50 50 50 50 50 50 51 51 51 51 51 51 51 51 51 51 52 52 52 52 52 52 52 52 52 52 53 53 53 53 53 53 53 53 53 53 54 54 54 54 54 54 54 54 54 54
33 33 33 33 33 33 33 33 33 33 34 34 34 34 34 34 34 34 34 34 35 35 35 35 35 35 35 35 35 35 36 36 36 36 36 36 36 36 36 36 37 37 37 37 37 37 37 37 37 37 38 38 38 38 38 38 38 38 38 38 39 39 39 39 39 39 39 39 39 39 40 40 40 40 40 40 40 40 40 40 41 41 41 41 41 41 41 41 41 41 42 42 42 42 42 42 42 42 42 42
54 54 54 54 54 54 54 54 54 54 55 55 55 55 55 55 55 55 55 55 56 56 56 56 56 56 56 56 56 56 57 57 57 57 57 57 57 57 57 57 58 58 58 58 58 58 58 58 58 58 59 59 59 59 59 59 59 59 59 59 60 60 60 60 60 60 60 60 60 60 61 61 61 61 61 61 61 61 61 61 62 62 62 62 62 62 62 62 62 62 63 63 63 63 63 63 63 63 63 63
79 79 79 79 79 79 79 79 79 79 80 80 80 80 80 80 80 80 80 80 81 81 81 81 81 81 81 81 81 81 82 82 82 82 82 82 82 82 82 82 83 83 83 83 83 83 83 83 83 83 84 84 84 84 84 84 84 84 84 84 85 85 85 85 85 85 85 85 85 85 86 86 86 86 86 86 86 86 86 86 87 87 87 87 87 87 87 87 87 87 88 88 88 88 88 88 88 88 88 88
37 37 37 37 37 37 37 37 37 37 38 38 38 38 38 38 38 38 38 38 39 39 39 39 39 39 39 39 39 39 40 40 40 40 40 40 40 40 40 40 41 41 41 41 41 41 41 41 41 41 42 42 42 42 42 42 42 42 42 42 43 43 43 43 43 43 43 43 43 43 44 44 44 44 44 44 44 44 44 44 45 45 45 45 45 45 45 45 45 45 46 46 46 46 46 46 46 46 46 46
68 68 68 68 68 68 68 68 68 68 69 69 69 69 69 69 69 69 69 69 70 70 70 70 70 70 70 70 70 70 71 71 71 71 71 71 71 71 71 71 72 72 72 72 72 72 72 72 72 72 73 73 73 73 73 73 73 73 73 73 74 74 74 74 74 74 74 74 74 74 75 75 75 75 75 75 75 75 75 75 76 76 76 76 76 76 76 76 76 76 77 77 77 77 77 77 77 77 77 77
86 86 86 86 86 86 86 86 86 86 87 87 87 87 87 87 87 87 87 87 88 88 88 88 88 88 88 88 88 88 89 89 89 89 89 89 89 89 89 89 90 90 90 90 90 90 90 90 90 90 91 91 91 91 91 91 91 91 91 91 92 92 92 92 92 92 92 92 92 92 93 93 93 93 93 93 93 93 93 93 94 94 94 94 94 94 94 94 94 94 95 95 95 95 95 95 95 95 95 95
47 47 47 47 47 47 47 47 47 47 48 48 48 48 48 48 48 48 48 48 49 49 49 49 49 49 49 49 49 49 50 50 50 50 50 50 50 50 50 50 51 51 51 51 51 51 51 51 51 51 52 52 52 52 52 52 52 52 52 52 53 53 53 53 53 53 53 53 53 53 54 54 54 54 54 54 54 54 54 54 55 55 55 55 55 55 55 55 55 55 56 56 56 56 56 56 56 56 56 56
73 73 73 73 73 73 73 73 73 73 74 74 74 74 74 74 74 74 74 74 75 75 75 75 75 75 75 75 75 75 76 76 76 76 76 76 76 76 76 76 77 77 77 77 77 77 77 77 77 77 78 78 78 78 78 78 78 78 78 78 79 79 79 79 79 79 79 79 79 79 80 80 80 80 80 80 80 80 80 80 81 81 81 81 81 81 81 81 81 81 82 82 82 82 82 82 82 82 82 82
80 80 80 80 80 80 80 80 80 80 81 81 81 81 81 81 81 81 81 81 82 82 82 82 82 82 82 82 82 82 83 83 83 83 83 83 83 83 83 83 84 84 84 84 84 84 84 84 84 84 85 85 85 85 85 85 85 85 85 85 86 86 86 86 86 86 86 86 86 86 87 87 87 87 87 87 87 87 87 87 88 88 88 88 88 88 88 88 88 88 89 89 89 89 89 89 89 89 89 89
28 28 28 28 28 28 28 28 28 28 29 29 29 29 29 29 29 29 29 29 30 30 30 30 30 30 30 30 30 30 31 31 31 31 31 31 31 31 31 31 32 32 32 32 32 32 32 32 32 32 33 33 33 33 33 33 33 33 33 33 34 34 34 34 34 34 34 34 34 34 35 35 35 35 35 35 35 35 35 35 36 36 36 36 36 36 36 36 36 36 37 37 37 37 37 37 37 37 37 37
56 56 56 56 56 56 56 56 56 56 57 57 57 57 57 57 57 57 57 57 58 58 58 58 58 58 58 58 58 58 59 59 59 59 59 59 59 59 59 59 60 60 60 60 60 60 60 60 60 60 61 61 61 61 61 61 61 61 61 61 62 62 62 62 62 62 62 62 62 62 63 63 63 63 63 63 63 63 63 63 64 64 64 64 64 64 64 64 64 64 65 65 65 65 65 65 65 65 65 65
89 89 89 89 89 89 89 89 89 89 90 90 90 90 90 90 90 90 90 90 91 91 91 91 91 91 91 91 91 91 92 92 92 92 92 92 92 92 92 92 93 93 93 93 93 93 93 93 93 93 94 94 94 94 94 94 94 94 94 94 95 95 95 95 95 95 95 95 95 95 96 96 96 96 96 96 96 96 96 96 97 97 97 97 97 97 97 97 97 97 98 98 98 98 98 98 98 98 98 98
3 3 3 3 3 3 3 3 3 3 4 4 4 4 4 4 4 4 4 4 5 5 5 5 5 5 5 5 5 5 6 6 6 6 6 6 6 6 6 6 7 7 7 7 7 7 7 7 7 7 8 8 8 8 8 8 8 8 8 8 9 9 9 9 9 9 9 9 9 9 10 10 10 10 10 10 10 10 10 10 11 11 11 11 11 11 11 11 11 11 12 12 12 12 12 12 12 12 12 12
54 54 54 54 54 54 54 54 54 54 55 55 55 55 55 55 55 55 55 55 56 56 56 56 56 56 56 56 56 56 57 57 57 57 57 57 57 57 57 57 58 58 58 58 58 58 58 58 58 58 59 59 59 59 59 59 59 59 59 59 60 60 60 60 60 60 60 60 60 60 61 61 61 61 61 61 61 61 61 61 62 62 62 62 62 62 62 62 62 62 63 63 63 63 63 63 63 63 63 63
60 60 60 60 60 60 60 60 60 60 61 61 61 61 61 61 61 61 61 61 62 62 62 62 62 62 62 62 62 62 63 63 63 63 63 63 63 63 63 63 64 64 64 64 64 64 64 64 64 64 65 65 65 65 65 65 65 65 65 65 66 66 66 66 66 66 66 66 66 66 67 67 67 67 67 67 67 67 67 67 68 68 68 68 68 68 68 68 68 68 69 69 69 69 69 69 69 69 69 69
84 84 84 84 84 84 84 84 84 84 85 85 85 85 85 85 85 85 85 85 86 86 86 86 86 86 86 86 86 86 87 87 87 87 87 87 87 87 87 87 88 88 88 88 88 88 88 88 88 88 89 89 89 89 89 89 89 89 89 89 90 90 90 90 90 90 90 90 90 90 91 91 91 91 91 91 91 91 91 91 92 92 92 92 92 92 92 92 92 92 93 93 93 93 93 93 93 93 93 93
38 38 38 38 38 38 38 38 38 38 39 39 39 39 39 39 39 39 39 39 40 40 40 40 40 40 40 40 40 40 41 41 41 41 41 41 41 41 41 41 42 42 42 42 42 42 42 42 42 42 43 43 43 43 43 43 43 43 43 43 44 44 44 44 44 44 44 44 44 44 45 45 45 45 45 45 45 45 45 45 46 46 46 46 46 46 46 46 46 46 47 47 47 47 47 47 47 47 47 47
58 58 58 58 58 58 58 58 58 58 59 59 59 59 59 59 59 59 59 59 60 60 60 60 60 60 60 60 60 60 61 61 61 61 61 61 61 61 61 61 62 62 62 62 62 62 62 62 62 62 63 63 63 63 63 63 63 63 63 63 64 64 64 64 64 64 64 64 64 64 65 65 65 65 65 65 65 65 65 65 66 66 66 66 66 66 66 66 66 66 67 67 67 67 67 67 67 67 67 67
63 63 63 63 63 63 63 63 63 63 64 64 64 64 64 64 64 64 64 64 65 65 65 65 65 65 65 65 65 65 66 66 66 66 66 66 66 66 66 66 67 67 67 67 67 67 67 67 67 67 68 68 68 68 68 68 68 68 68 68 69 69 69 69 69 69 69 69 69 69 70 70 70 70 70 70 70 70 70 70 71 71 71 71 71 71 71 71 71 71 72 72 72 72 72 72 72 72 72 72
42 42 42 42 42 42 42 42 42 42 43 43 43 43 43 43 43 43 43 43 44 44 44 44 44 44 44 44 44 44 45 45 45 45 45 45 45 45 45 45 46 46 46 46 46 46 46 46 46 46 47 47 47 47 47 47 47 47 47 47 48 48 48 48 48 48 48 48 48 48 49 49 49 49 49 49 49 49 49 49 50 50 50 50 50 50 50 50 50 50 51 51 51 51 51 51 51 51 51 51
10 10 10 10 10 10 10 10 10 10 11 11 11 11 11 11 11 11 11 11 12 12 12 12 12 12 12 12 12 12 13 13 13 13 13 13 13 13 13 13 14 14 14 14 14 14 14 14 14 14 15 15 15 15 15 15 15 15 15 15 16 16 16 16 16 16 16 16 16 16 17 17 17 17 17 17 17 17 17 17 18 18 18 18 18 18 18 18 18 18 19 19 19 19 19 19 19 19 19 19
59 59 59 59 59 59 59 59 59 59 60 60 60 60 60 60 60 60 60 60 61 61 61 61 61 61 61 61 61 61 62 62 62 62 62 62 62 62 62 62 63 63 63 63 63 63 63 63 63 63 64 64 64 64 64 64 64 64 64 64 65 65 65 65 65 65 65 65 65 65 66 66 66 66 66 66 66 66 66 66 67 67 67 67 67 67 67 67 67 67 68 68 68 68 68 68 68 68 68 68
56 56 56 56 56 56 56 56 56 56 57 57 57 57 57 57 57 57 57 57 58 58 58 58 58 58 58 58 58 58 59 59 59 59 59 59 59 59 59 59 60 60 60 60 60 60 60 60 60 60 61 61 61 61 61 61 61 61 61 61 62 62 62 62 62 62 62 62 62 62 63 63 63 63 63 63 63 63 63 63 64 64 64 64 64 64 64 64 64 64 65 65 65 65 65 65 65 65 65 65
65 24 34 43 51 69 39 71 16 47 90 87 4 42 8 21 78 40 81 48 19 64 30 6 5 73 67 31 22 21 74 25 45 5 71 55 40 32 29 3 92 52 15 25 79 82 45 84 5 48 13 56 89 9 33 74 9 26 41 75 58 87 6 63 40 15 45 81 63 84 25 57 25 71 4 15 45 34 54 80 38 67 86 48 72 81 27 56 90 4 55 61 84 37 58 63 42 9 60 56
91 91
1 1 1 1 1 1 1 1 1 1 1 1 1 1 1 1 1 1 1 1 1 1 1 1 1 1 1 1 1 1 1 1 1 1 1 1 1 1 1 1 1 1 1 1 1 1 1 1 1 1 1 1 1 1 1 1 1 1 1 1 1 1 1 1 1 1 1 1 1 1 1 1 1 1 1 1 1 1 1 1 1 1 1 1 1 1 1 1 1 1 1
11 11 11 50 8 8 50 50 11 45 37 59 50 37 55 8 35 15 22 45 3 58 9 11 16 0 51 24 8 11 8 59 55 37 37 11 16 9 4 11 9 29 2 51 15 9 10 11 50 15 9 59 0 16 4 22 50 9 0 58 41 24 55 2 40 44 50 44 55 2 4 18 16 28 8 26 34 18 8 25 28 58 15 55 50 2 15 18 11 9 9
34 15 16 16 8 3 9 35 14 22 32 35 32 28 35 6 16 1 32 35 9 37 14 4 6 37 32 15 15 9 17 36 35 35 16 15 9 8 10 4 10 6 14 34 14 16 6 35 34 6 9 37 0 15 8 19 30 6 37 35 15 17 33 6 15 29 35 32 33 15 3 10 9 14 1 10 21 16 17 29 33 35 15 29 14 10 15 16 16 11 1
43 36 23 40 16 4 40 46 8 23 45 46 40 23 44 7 32 18 40 40 16 46 7 21 15 0 43 7 4 2 18 45 28 44 29 15 16 5 2 7 7 7 7 45 23 23 18 41 43 4 20 47 46 7 16 32 32 5 49 45 23 18 43 15 40 40 40 40 44 1 7 1 23 15 1 44 41 31 1 25 29 46 16 41 40 1 16 8 7 32 16
47 13 12 39 4 12 43 52 12 43 48 52 24 18 49 12 23 22 25 43 9 53 38 25 13 53 42 23 4 4 35 45 38 47 25 13 9 4 5 12 4 5 13 49 4 24 5 43 45 12 38 0 0 39 15 38 43 22 53 49 24 4 24 25 30 42 35 39 45 4 12 12 43 21 4 22 18 25 12 24 43 48 22 47 13 4 18 9 12 25 24
0 23 47 62 37 13 18 0 8 37 0 0 12 44 0 41 41 37 52 59 40 0 26 27 48 0 62 23 12 48 62 0 65 0 41 27 12 46 34 48 37 36 27 0 8 48 12 47 59 8 37 0 0 58 19 62 62 27 0 0 40 48 0 48 62 0 62 62 0 26 8 9 41 12 41 59 52 37 37 48 62 0 12 0 58 6 47 26 31 23 13
64 29 24 10 2 7 38 0 17 43 69 0 57 37 0 24 1 12 68 64 32 0 29 22 46 0 43 17 22 22 17 0 71 64 58 12 18 23 28 50 17 2 37 70 22 2 12 68 71 17 10 0 0 13 7 40 43 38 0 0 56 64 68 7 48 58 64 68 71 32 21 23 68 24 2 69 37 46 40 19 57 0 53 38 43 8 23 23 12 38 13
50 22 1 41 41 21 44 58 13 27 58 58 50 46 0 35 38 27 42 21 37 0 21 13 39 0 44 44 1 21 44 0 58 58 19 21 7 13 23 22 13 43 7 58 17 32 20 44 39 2 27 0 0 13 13 20 49 27 0 61 13 44 58 19 23 43 50 44 57 19 2 1 43 12 22 53 44 13 41 12 27 27 50 50 47 17 23 13 13 44 2
0 25 29 24 33 24 30 0 5 0 11 0 0 5 0 24 0 30 0 0 11 0 5 28 29 0 0 8 5 30 25 0 0 0 0 5 8 29 28 8 8 29 8 0 8 8 24 0 0 28 11 0 0 8 11 0 33 11 0 0 0 5 0 11 0 10 0 30 0 14 14 10 33 28 11 0 8 5 29 8 5 0 0 0 29 24 10 28 11 35 28
0 16 30 0 48 46 0 0 48 0 0 0 0 48 0 48 47 16 0 21 13 0 13 34 0 0 0 32 10 27 0 0 0 34 0 11 33 45 48 33 27 33 11 0 30 37 30 0 0 16 45 0 0 48 13 48 0 21 0 0 48 37 0 31 33 23 0 0 48 30 16 34 30 0 30 0 13 0 34 33 48 0 21 0 0 21 21 1 31 0 21
46 27 30 46 8 33 46 54 1 43 48 54 46 32 48 30 1 6 42 46 6 54 30 1 38 0 39 37 1 25 45 54 46 49 39 25 22 17 30 8 6 1 30 52 16 27 33 30 46 17 19 54 54 27 6 37 33 33 54 48 33 30 49 22 42 46 39 17 47 6 1 17 46 22 33 47 30 45 16 38 16 52 43 46 27 2 32 33 6 16 17
69 37 50 58 46 41 68 0 44 55 68 0 35 34 71 41 54 53 55 57 52 0 15 31 37 0 69 33 37 41 58 0 69 0 37 37 22 52 19 35 34 32 14 0 17 27 22 63 68 31 31 0 0 53 46 68 69 22 0 0 46 53 0 41 52 20 69 58 0 10 22 27 67 44 15 55 53 46 44 27 56 0 44 46 63 15 56 7 4 34 22
74 6 42 58 40 1 51 79 26 58 79 0 67 33 75 24 20 33 74 67 33 0 6 3 1 0 74 42 6 61 51 0 4 61 42 11 26 4 41 11 1 34 6 0 11 33 6 20 67 10 40 0 0 51 18 32 75 19 0 0 67 67 55 11 51 63 67 51 67 4 27 11 64 43 4 68 44 6 51 40 33 79 73 72 65 4 18 34 6 67 11
26 28 23 9 25 23 38 0 28 3 49 26 56 30 0 30 34 31 35 38 26 0 14 17 18 0 43 9 6 30 32 0 34 48 32 25 6 17 25 31 3 25 24 48 3 17 3 32 0 12 32 0 0 29 24 37 35 25 0 0 32 25 12 25 6 42 42 38 48 12 24 3 43 3 12 47 12 31 25 31 38 24 38 47 44 17 23 6 12 30 15
36 7 15 34 22 15 36 44 7 33 40 44 33 29 44 7 28 22 33 10 22 44 15 15 21 0 42 15 15 15 33 44 44 42 22 13 5 5 21 5 7 23 7 42 7 21 7 36 44 2 21 0 0 21 17 34 36 16 44 34 33 33 34 5 28 31 36 34 42 15 1 3 21 5 25 36 22 33 1 28 31 44 33 18 33 7 16 10 7 5 7
0 53 42 54 53 1 0 0 8 0 16 0 0 54 0 31 0 26 0 0 28 0 1 1 48 0 54 1 42 7 53 0 0 54 53 8 22 1 31 8 1 31 31 0 1 31 8 54 0 31 7 0 0 27 28 0 54 5 0 0 41 49 0 31 53 49 0 0 0 26 28 22 0 28 42 0 42 54 49 31 54 0 0 0 53 8 16 53 35 54 42
33 8 13 35 28 3 35 50 8 38 45 50 45 33 45 20 12 8 38 28 12 0 19 12 10 0 45 13 12 25 37 50 45 41 23 4 12 8 13 4 17 28 13 48 13 23 9 20 35 12 8 0 0 33 13 23 28 9 0 0 37 37 45 10 20 13 45 19 50 12 4 3 28 4 13 13 34 35 4 23 12 0 12 45 35 3 4 28 28 12 9
23 17 12 33 23 3 27 0 11 45 0 0 0 43 0 4 11 33 40 0 33 0 22 16 17 0 43 30 11 17 45 0 0 0 40 27 20 23 4 4 23 4 12 0 30 13 22 40 45 12 23 0 0 34 23 40 45 17 0 0 18 31 0 20 45 18 0 40 0 10 27 22 45 22 32 0 43 33 32 18 17 0 45 0 0 11 32 40 31 26 31
55 39 36 4 39 4 57 0 33 39 61 0 0 1 0 33 36 44 0 57 1 0 20 39 17 0 0 44 17 54 44 0 0 0 54 4 1 29 47 47 36 20 33 0 4 33 43 39 0 4 8 0 0 44 4 54 55 4 0 0 54 30 61 39 54 55 54 29 54 4 22 4 57 1 4 0 49 36 33 36 33 0 57 0 57 8 36 43 1 33 29
45 35 37 37 31 6 35 62 2 37 50 62 54 49 62 6 35 23 31 32 9 62 31 1 27 64 35 12 6 31 46 62 56 54 35 8 14 28 37 1 21 6 29 54 2 35 27 44 50 2 2 64 0 35 27 31 50 34 0 62 37 44 59 37 45 35 50 46 54 27 16 6 37 14 6 49 44 29 37 21 37 60 35 37 30 31 30 29 21 45 31
36 6 6 14 29 3 1 60 6 54 55 0 55 52 0 4 54 49 60 47 29 0 5 6 23 0 29 38 6 2 13 0 60 61 43 29 5 8 29 1 29 13 6 61 13 29 4 59 63 13 9 0 0 6 6 51 47 43 0 0 42 22 60 22 52 59 60 51 59 6 5 8 20 22 3 49 60 29 22 43 50 0 5 61 43 4 8 13 59 60 2
23 15 11 15 20 3 16 31 14 23 23 33 23 11 22 10 15 14 23 14 1 36 14 16 20 0 27 20 14 1 20 35 26 23 16 11 16 11 15 16 11 10 11 25 8 20 14 18 27 5 16 35 36 23 1 13 22 3 36 27 22 18 23 18 14 20 23 18 23 5 11 15 22 3 5 24 16 14 22 3 22 32 22 26 22 14 3 1 11 22 11
5 58 58 66 13 24 60 0 47 63 0 0 46 70 0 22 63 58 70 43 13 0 13 43 20 0 50 26 43 8 60 0 0 0 8 58 8 30 13 47 40 44 13 0 8 13 52 70 70 6 50 0 0 13 26 8 8 12 0 0 51 58 0 47 68 58 72 47 0 8 35 22 58 58 30 64 68 58 13 50 30 0 53 64 63 26 57 35 58 63 6
50 16 25 42 12 18 24 51 8 47 51 58 50 42 53 19 42 8 44 42 16 59 8 12 16 0 47 8 30 24 10 0 51 43 23 33 18 10 10 8 8 42 8 53 10 18 10 47 51 18 2 59 59 33 25 16 25 8 60 59 42 19 53 8 10 42 50 50 51 8 18 10 44 14 10 29 49 42 18 33 33 54 25 3 42 16 2 19 10 42 30
37 35 9 28 9 3 35 0 2 42 43 0 42 9 0 22 16 37 42 3 5 0 22 22 20 0 0 38 9 31 27 0 52 22 35 9 19 16 22 22 9 3 2 0 16 22 2 52 0 22 3 0 0 27 3 38 45 5 0 0 2 42 45 30 42 53 0 45 0 9 9 20 42 35 2 3 32 42 35 31 42 0 42 22 42 9 30 35 30 22 27
44 18 19 46 16 3 31 50 19 26 52 57 51 34 50 38 26 33 49 46 14 57 16 4 32 60 46 43 14 33 20 0 52 50 15 26 26 3 15 3 4 15 29 49 3 32 15 46 46 16 32 60 60 26 3 32 43 3 0 55 29 33 54 3 33 33 46 44 53 10 3 10 44 3 15 46 44 14 34 19 19 55 33 44 43 19 3 18 14 26 30
42 1 32 22 31 1 33 55 13 30 50 56 42 25 54 11 37 19 42 21 13 54 13 13 32 0 50 15 18 25 25 56 52 50 19 25 17 15 13 19 19 19 12 54 25 14 1 35 38 15 1 56 0 1 1 37 34 4 56 42 31 31 52 1 33 35 45 33 50 18 1 1 30 25 13 35 42 20 22 11 34 52 32 35 11 13 25 25 25 25 30
64 27 16 52 20 28 52 0 53 46 0 0 0 60 0 33 49 27 0 17 28 0 6 17 33 0 0 16 16 10 60 0 0 0 62 40 12 27 33 27 10 48 16 0 1 33 27 53 0 4 60 0 0 27 33 60 66 37 0 0 33 33 0 47 60 66 60 48 27 27 27 33 46 52 12 64 64 60 64 27 60 0 0 0 60 16 52 62 4 66 7
74 60 19 5 3 24 30 0 24 70 0 0 0 32 0 23 0 26 70 26 3 0 25 26 30 0 0 31 15 73 70 0 0 0 60 23 9 15 52 26 9 23 3 0 52 24 52 75 0 30 25 0 0 26 24 0 0 30 0 0 56 75 0 57 0 0 70 0 0 26 23 26 0 42 8 30 70 24 27 23 0 0 0 57 0 9 15 25 15 75 30
50 6 32 41 31 17 37 0 7 38 55 63 55 37 0 8 5 26 43 53 8 63 30 6 41 0 51 23 26 1 38 0 61 60 8 30 28 36 7 5 7 6 5 60 1 30 27 32 61 30 32 0 0 32 41 53 41 37 0 46 37 45 60 17 27 30 41 30 62 8 32 4 38 32 31 55 50 6 38 42 43 0 42 45 42 17 36 8 36 38 27
64 6 6 52 1 10 45 0 10 63 0 0 0 50 0 15 20 37 64 64 18 0 16 35 18 0 0 45 6 16 58 64 0 64 29 45 6 30 1 30 2 10 6 0 6 16 18 49 0 1 16 0 0 33 30 10 18 20 0 0 52 45 0 33 26 58 45 37 0 16 10 10 18 34 17 64 46 34 45 50 6 0 37 0 50 2 40 45 26 37 16
50 22 6 55 11 10 32 0 31 52 0 0 0 52 0 6 43 43 52 43 9 0 6 49 42 0 0 10 10 12 47 0 0 0 52 49 19 11 10 12 6 43 42 0 9 22 10 52 0 10 47 0 0 47 22 6 0 24 0 0 21 31 0 47 49 50 52 43 0 24 42 21 47 12 43 0 0 16 43 49 22 0 56 0 43 10 43 19 24 56 9
12 2 7 6 19 9 14 36 9 36 24 47 44 31 47 6 10 12 25 38 14 45 6 10 21 45 39 27 4 10 21 47 44 36 10 8 7 14 11 8 14 8 8 44 10 10 11 21 44 10 10 0 0 22 8 31 12 6 47 47 7 19 44 11 18 31 36 22 39 7 8 8 27 7 8 39 17 11 20 22 24 47 39 20 25 2 10 22 10 24 9
32 25 26 52 22 9 53 54 10 52 49 55 53 27 54 30 22 24 44 44 12 53 27 7 32 59 53 29 24 39 41 55 54 52 42 10 24 34 7 14 12 22 6 54 27 5 14 53 53 24 26 59 0 39 30 34 41 28 59 59 32 30 53 28 44 52 41 53 44 14 22 15 32 6 32 41 41 41 34 24 42 59 17 53 53 1 27 32 7 46 28
29 28 19 34 28 17 28 37 29 31 34 37 34 29 0 9 29 31 35 30 19 0 28 19 31 0 31 13 3 13 34 0 35 37 29 3 17 28 19 29 9 20 4 37 3 12 9 29 37 3 29 0 0 31 8 34 9 19 0 37 28 25 35 8 29 34 35 4 35 13 9 4 31 8 28 34 28 31 4 28 31 0 31 37 17 28 13 9 9 29 9
36 3 24 18 25 4 36 65 13 25 48 65 57 38 57 35 36 3 45 36 24 65 18 5 31 0 45 26 12 25 25 65 49 48 36 13 3 17 25 18 25 36 12 42 25 26 13 38 45 18 25 65 0 36 26 29 4 13 0 54 38 28 46 25 43 16 45 43 52 25 21 13 36 26 3 45 38 36 36 35 35 65 38 49 43 4 35 24 28 21 3
49 24 24 43 35 4 52 0 36 62 0 0 0 46 62 22 39 39 46 43 41 0 21 4 29 0 0 39 6 35 39 0 0 46 43 29 1 1 34 9 6 39 4 47 36 22 38 41 0 4 38 0 0 41 13 36 43 35 0 0 43 39 0 39 38 35 58 46 52 4 31 22 39 6 38 46 35 39 29 21 39 0 31 0 49 6 13 7 36 35 6
51 48 27 22 7 3 49 0 21 29 53 0 53 49 0 22 49 31 7 51 27 0 24 7 42 0 53 29 3 8 42 0 49 53 7 6 27 42 4 31 27 32 7 0 4 27 29 32 55 7 42 0 0 41 3 39 51 41 0 53 29 4 29 7 29 32 53 48 53 7 3 3 46 32 3 44 7 29 29 23 46 0 27 53 51 22 27 27 27 42 29
0 53 1 0 67 4 60 0 14 60 0 0 0 59 0 27 0 59 0 0 71 0 4 71 71 0 0 8 66 33 0 0 0 0 65 50 8 60 42 53 4 28 39 0 1 8 50 0 0 42 8 0 0 66 8 0 0 33 0 0 60 0 0 67 71 71 0 0 0 33 8 50 71 58 14 64 0 0 15 1 0 0 0 0 67 8 71 1 57 71 8
45 13 14 43 33 1 43 0 2 48 54 0 14 30 49 5 9 10 33 46 4 0 12 7 15 0 28 4 3 14 42 0 53 0 4 13 4 14 12 3 4 13 2 58 4 14 14 42 60 2 14 0 0 13 13 39 45 1 58 58 30 30 44 15 30 30 49 29 58 3 3 14 33 28 4 45 39 30 4 42 13 0 39 54 33 9 29 34 1 14 3
41 17 5 33 20 15 19 45 16 41 41 44 43 33 41 2 17 15 32 33 9 44 4 15 33 47 33 17 4 1 33 45 16 41 37 1 1 11 4 4 4 17 8 43 15 13 8 33 41 16 15 47 47 33 15 17 37 11 0 44 17 23 44 17 37 37 41 4 41 6 5 2 27 27 17 41 33 23 19 17 29 45 37 41 27 4 17 16 27 33 14
0 45 35 39 45 51 58 0 1 0 0 0 0 0 0 31 58 35 0 0 45 0 51 22 57 0 0 64 27 39 49 0 0 33 51 25 39 32 22 45 26 49 39 0 32 49 27 0 0 16 45 0 0 22 6 64 64 32 0 0 32 22 0 5 64 0 64 58 0 32 32 28 64 51 8 0 64 38 8 58 33 0 52 51 45 5 45 25 5 64 45
43 34 7 40 5 2 37 56 21 36 53 56 36 36 54 5 36 5 27 52 20 57 5 25 36 0 43 36 11 9 37 0 45 53 28 2 2 11 29 20 18 2 36 54 21 9 35 40 40 7 26 0 0 36 29 29 18 36 0 0 35 32 54 5 9 37 54 50 54 26 5 2 9 9 26 52 2 38 36 35 37 0 38 52 37 11 6 34 3 30 5
44 45 16 60 28 4 63 70 5 56 48 70 44 20 63 20 28 6 45 35 16 70 16 16 31 70 49 13 5 5 24 65 63 63 44 13 5 6 16 14 31 42 13 70 26 13 4 62 63 22 13 70 70 16 5 42 63 13 0 70 45 45 20 14 31 53 63 13 65 4 20 16 28 34 23 63 9 9 20 49 27 63 28 63 48 13 18 16 2 11 44
46 26 32 9 11 9 46 0 30 46 15 0 42 44 0 11 36 37 0 41 9 0 8 8 32 0 44 42 8 30 32 0 46 0 42 15 20 32 36 26 11 8 15 0 21 30 32 44 0 11 11 0 0 26 4 49 46 19 0 0 49 37 49 9 8 44 0 46 0 15 8 20 44 27 19 32 0 36 32 37 41 0 46 0 41 8 20 20 9 36 9
0 23 9 39 4 8 39 0 20 40 0 0 0 39 0 3 23 8 0 28 8 0 4 9 8 0 0 23 4 23 0 0 0 0 40 9 8 4 23 3 9 8 9 0 19 3 3 0 0 4 8 0 0 25 20 28 40 4 0 0 28 4 0 23 23 28 0 39 40 4 4 23 40 9 4 0 40 8 19 8 23 0 40 0 23 9 3 20 19 40 20
54 7 48 49 40 20 51 54 33 48 54 59 53 51 54 34 48 44 53 51 48 61 4 24 48 0 53 24 24 36 50 59 54 54 23 24 12 14 44 39 33 39 34 56 7 36 23 51 54 24 46 0 0 40 23 46 51 4 59 54 50 30 53 23 49 51 49 24 53 44 33 22 29 23 30 53 36 36 48 48 49 59 48 40 40 23 22 39 35 51 30
43 17 21 43 21 3 26 55 30 43 43 56 44 43 47 17 30 9 28 21 12 55 3 3 21 46 54 32 20 9 28 55 46 43 29 3 2 5 3 6 3 27 3 55 4 18 1 43 50 4 18 56 0 30 5 32 43 7 56 55 28 28 54 3 28 35 44 7 47 9 6 3 30 21 18 43 28 28 5 6 35 44 21 44 35 5 12 3 21 43 21
48 20 16 48 35 16 56 0 25 49 56 0 20 35 0 35 35 18 56 49 19 0 17 22 35 0 64 35 25 5 54 0 63 63 17 19 17 25 8 19 5 17 4 0 8 14 17 59 63 14 8 0 65 54 16 56 59 13 0 64 35 17 0 35 25 54 56 35 35 17 13 5 49 20 17 54 25 22 17 25 25 0 25 49 17 13 18 19 15 19 14
49 26 24 41 17 17 40 28 21 32 51 0 45 38 51 17 13 17 32 41 17 0 24 27 27 0 51 38 24 21 32 0 51 51 32 13 13 32 22 7 18 32 10 0 3 7 13 38 40 17 33 0 0 22 17 27 17 21 0 51 38 13 52 32 40 7 51 38 51 11 13 7 24 27 7 49 41 5 27 32 35 51 40 51 38 32 33 32 28 40 13
45 20 5 23 21 4 41 31 5 21 29 58 57 44 58 5 23 2 43 21 20 0 4 5 31 61 41 29 20 21 29 45 31 48 26 14 21 5 23 3 21 31 14 58 2 10 2 26 57 5 21 58 0 14 5 33 41 18 57 43 33 45 51 19 23 22 45 43 45 2 11 14 6 5 5 45 31 29 12 30 33 57 22 48 29 2 31 5 18 44 4
38 14 12 37 32 18 31 46 15 37 43 41 44 37 46 25 12 15 37 37 14 45 15 15 25 0 46 6 15 31 31 48 45 38 31 15 10 15 1 6 24 37 3 41 16 15 15 25 44 2 12 48 48 31 31 18 31 3 42 42 14 37 46 12 37 37 38 37 44 14 14 14 18 3 10 42 41 31 15 35 25 48 31 42 35 1 3 12 6 35 6
30 28 12 11 23 16 28 0 11 28 0 0 0 0 0 23 12 5 0 0 21 0 17 17 21 0 0 5 5 30 23 0 0 0 35 16 18 18 29 19 16 16 28 0 4 25 18 36 0 18 35 0 0 30 18 31 30 30 0 0 23 4 0 18 0 23 35 24 0 19 4 18 30 17 23 0 0 30 18 5 35 0 30 0 30 23 18 11 18 30 17
35 24 21 50 3 6 14 53 13 38 47 58 52 24 56 9 41 23 50 34 9 56 23 13 23 0 23 23 13 13 35 57 50 53 36 3 8 23 21 31 2 24 16 50 14 13 17 50 50 7 23 58 0 35 14 41 24 21 58 38 34 7 50 17 35 21 50 35 41 2 21 2 47 3 21 31 35 34 17 33 38 56 50 50 45 10 24 2 13 36 7
62 26 4 44 59 18 47 0 28 61 51 0 0 61 0 18 36 5 61 61 36 0 34 13 30 0 67 8 31 18 12 0 70 44 51 43 18 43 45 28 20 44 10 71 29 29 38 44 71 5 8 0 0 37 36 28 44 37 0 0 54 60 71 18 38 61 61 61 70 20 23 30 44 44 34 61 61 60 44 4 44 0 51 61 44 13 30 43 43 60 38
53 35 49 49 49 8 50 0 7 51 0 0 0 51 0 17 51 27 53 54 1 0 35 8 43 0 0 53 17 34 53 0 0 0 41 13 17 17 43 10 6 48 13 0 8 48 8 0 0 8 17 0 0 51 8 53 51 7 0 0 27 51 0 20 53 49 0 53 0 17 8 20 15 10 10 53 49 53 51 43 51 0 51 49 51 10 41 49 13 34 35
0 35 47 51 39 22 34 0 30 46 0 0 0 49 0 49 0 40 0 49 30 0 46 49 0 0 0 44 30 37 0 0 0 0 47 40 25 48 40 40 22 47 39 0 44 30 27 0 0 30 40 0 0 33 44 0 0 11 0 0 52 33 0 40 44 39 0 0 0 49 22 36 51 47 40 0 34 0 49 51 51 0 0 0 51 33 47 18 18 0 49
45 20 21 42 3 20 45 47 11 44 45 53 53 36 53 13 27 20 52 20 12 53 12 13 10 0 52 7 12 13 27 56 45 50 45 20 13 7 7 20 2 20 10 53 12 12 8 51 44 8 10 61 61 43 11 27 19 12 0 53 26 20 53 27 42 12 51 27 52 11 10 23 36 25 20 44 38 48 12 42 44 53 36 20 36 10 27 12 19 25 12
47 27 37 57 38 6 42 0 6 42 57 0 0 46 0 6 38 9 0 25 8 0 25 36 38 0 47 19 23 15 46 0 0 47 33 32 9 30 8 10 25 6 39 0 12 37 30 41 47 25 37 0 0 42 9 47 47 38 0 0 39 38 0 32 38 47 47 28 47 8 16 6 39 9 38 55 39 10 32 33 42 0 46 47 37 23 12 25 8 12 37
43 13 23 26 24 3 30 0 8 0 0 0 0 34 0 13 5 23 0 45 13 0 5 33 27 0 0 24 5 5 34 0 0 0 23 13 8 24 21 5 8 20 7 0 20 21 5 36 0 13 13 0 0 21 20 27 33 21 0 0 21 34 0 20 45 21 0 0 0 5 17 8 21 26 8 0 26 13 21 20 24 0 36 0 36 5 3 5 13 33 5
49 9 14 27 21 18 0 0 26 35 49 21 0 43 0 14 42 1 49 26 18 0 40 17 7 0 37 43 12 7 48 0 49 49 49 17 18 14 39 17 1 21 18 0 7 21 21 47 48 18 7 0 0 18 14 48 18 7 0 0 37 48 0 17 26 49 48 49 0 7 4 14 48 26 14 48 47 42 18 47 48 0 48 48 49 14 21 21 9 42 14
33 20 10 31 10 8 40 60 17 44 40 59 40 40 49 17 37 10 45 37 2 61 8 20 2 0 37 30 8 31 7 62 48 49 39 12 2 31 20 18 17 17 22 37 10 31 19 45 49 20 20 62 62 22 14 8 44 22 62 61 45 22 12 9 37 34 41 17 45 2 18 20 29 2 2 44 37 37 22 37 17 61 37 45 40 8 7 20 8 37 4
26 29 29 62 17 7 39 0 17 65 62 0 14 62 0 48 50 4 62 41 4 0 14 7 26 0 65 3 14 1 56 0 62 66 62 48 36 26 48 14 18 17 36 67 1 47 14 62 66 36 41 0 0 43 42 42 64 14 0 66 47 47 66 29 49 65 66 49 65 41 7 21 62 47 47 65 65 47 24 50 62 0 48 65 47 17 18 61 34 62 17
36 8 15 39 15 8 36 52 3 39 32 0 15 36 0 5 36 24 36 20 16 52 6 13 34 0 48 28 4 5 34 0 49 36 16 3 25 12 6 4 5 28 16 0 15 25 5 35 41 15 15 0 0 8 14 36 37 29 0 0 8 15 0 3 6 28 30 34 46 20 3 23 34 33 15 46 23 36 20 5 36 0 23 40 36 5 15 16 32 35 15
41 39 19 23 31 19 14 62 19 46 37 0 54 46 0 12 46 31 46 52 19 55 1 11 12 0 56 26 15 39 46 0 56 60 46 22 12 18 39 15 10 34 10 62 1 1 43 45 60 18 23 0 0 52 14 52 12 23 0 62 40 40 60 19 39 22 60 46 60 21 19 31 46 37 39 46 52 52 39 39 43 62 52 58 18 14 39 39 14 39 12
59 5 10 56 32 3 57 68 5 57 59 65 56 57 72 29 51 13 57 59 34 64 5 43 11 69 61 18 2 34 56 70 59 63 56 2 45 2 40 52 19 3 5 59 11 29 32 56 61 43 49 0 72 35 5 41 59 11 75 64 9 49 64 32 57 56 48 56 62 9 5 34 40 48 7 56 57 52 34 23 59 64 57 59 56 29 56 49 5 52 3
32 26 29 32 29 10 26 59 9 32 54 59 47 21 54 19 19 1 39 39 16 54 5 6 9 0 31 26 10 6 26 59 54 52 31 6 20 2 9 6 16 14 11 54 19 6 24 32 47 14 31 61 0 31 6 26 32 19 61 54 25 14 24 16 26 11 39 31 54 2 6 12 32 26 15 31 32 31 11 24 31 61 30 32 6 6 1 14 6 26 9
47 28 6 34 31 2 36 48 8 8 34 48 47 33 49 16 33 33 33 9 18 52 8 8 23 48 33 28 18 16 45 0 48 40 28 28 6 31 8 28 6 29 6 48 1 28 6 33 40 28 28 0 54 8 26 4 47 4 48 48 8 34 48 16 5 34 47 45 47 8 8 18 34 26 1 34 16 34 5 34 31 48 31 48 47 6 9 9 8 34 5
52 23 10 44 12 19 52 56 19 49 23 0 56 6 56 11 9 25 18 52 1 0 21 3 35 0 55 19 3 17 3 0 52 54 32 23 1 13 23 21 17 9 21 0 23 35 21 52 54 4 25 0 0 46 4 6 18 9 0 0 18 49 52 25 35 44 39 21 55 6 13 1 45 23 9 52 52 45 9 9 45 0 45 55 49 9 21 39 17 18 10
20 17 20 21 20 1 24 43 8 17 42 43 36 1 42 15 20 15 24 22 3 39 5 8 1 0 40 22 8 1 21 43 42 38 17 7 15 1 18 20 1 4 1 42 3 20 5 36 36 4 17 0 43 24 17 34 19 9 0 38 21 20 42 20 21 15 36 34 43 1 7 17 22 9 8 36 8 34 20 20 36 36 27 36 36 1 3 15 8 24 1
55 51 1 55 50 33 21 55 33 53 55 54 0 38 57 21 28 49 55 54 38 0 14 23 48 0 55 51 14 23 54 0 56 55 54 11 29 23 33 21 29 50 21 0 14 33 16 14 59 29 11 0 0 50 23 47 49 23 0 61 50 11 59 21 49 54 55 50 55 42 2 25 30 11 2 50 53 25 49 49 42 0 50 55 54 38 50 25 15 50 50
0 33 1 47 26 30 38 0 26 30 48 0 0 48 0 28 38 31 47 31 24 0 38 11 11 0 0 47 4 31 16 0 48 50 40 31 11 11 16 11 22 38 22 0 1 27 28 40 0 4 28 0 0 27 28 48 48 26 0 0 40 40 0 31 48 47 47 40 0 11 28 31 40 38 31 48 0 40 28 4 48 0 40 0 47 16 38 31 33 31 38
46 21 22 45 38 13 58 66 8 42 58 66 61 42 66 22 34 21 49 55 29 66 4 42 22 0 62 34 1 34 20 66 61 55 45 42 6 20 30 22 22 16 20 55 9 39 4 22 55 34 35 66 0 41 40 49 34 41 66 66 42 10 62 41 34 49 62 55 66 20 34 41 35 20 11 61 55 29 44 42 45 66 49 63 45 34 41 20 22 44 38
45 26 9 45 28 41 28 0 25 6 47 55 54 45 54 43 44 37 19 14 28 0 12 13 10 0 55 43 7 25 37 0 54 47 47 25 6 19 28 28 28 10 28 47 13 7 6 30 54 25 26 0 0 12 26 44 28 19 0 0 41 45 55 43 44 47 45 44 54 12 10 21 46 28 7 47 47 13 8 28 45 0 37 47 43 10 13 13 7 45 13
41 9 13 41 21 16 27 51 5 29 51 51 41 32 41 24 32 30 27 41 4 51 7 17 27 0 42 19 10 21 30 51 41 42 21 13 10 21 27 11 29 32 17 48 21 5 24 40 41 13 24 0 0 13 25 27 41 13 0 51 30 30 47 4 41 21 5 18 47 7 1 1 35 38 17 27 38 38 27 27 32 51 39 45 41 10 10 17 13 29 13
27 21 22 36 32 19 27 49 6 32 47 50 49 19 52 10 17 22 45 36 17 53 2 22 36 53 48 17 19 31 34 53 45 10 31 27 10 10 14 18 32 17 18 49 6 17 17 32 47 12 17 47 0 31 27 42 28 3 0 52 17 31 45 14 43 43 44 41 49 17 18 27 27 36 19 45 27 28 12 31 43 52 45 32 44 3 27 6 17 36 19
0 31 27 32 31 27 13 0 31 53 0 0 0 0 0 18 24 27 0 0 5 0 21 31 34 0 0 27 24 24 50 0 0 51 16 5 8 25 19 21 25 31 27 0 22 31 19 0 40 21 27 0 0 41 13 41 45 31 0 0 25 40 51 41 0 0 0 0 0 21 16 21 31 34 40 0 0 41 27 41 24 0 40 45 31 16 40 31 24 22 25
43 34 37 42 23 37 49 56 27 33 55 64 49 13 65 24 8 3 56 1 37 0 14 11 34 0 56 14 27 24 17 0 56 56 49 24 14 7 41 1 6 20 11 56 8 37 23 42 56 7 32 0 65 41 29 49 55 1 0 56 42 42 56 17 6 55 49 49 56 11 13 29 42 43 35 44 55 39 43 37 6 65 39 49 13 6 6 3 1 43 26
53 10 42 44 5 6 43 55 10 43 53 62 53 10 60 6 10 6 42 30 28 0 8 4 18 0 56 30 4 17 33 0 56 48 43 3 30 10 28 12 10 43 8 61 6 27 30 53 55 20 19 0 0 3 22 42 42 21 0 62 29 38 61 15 48 50 38 53 61 6 10 12 48 4 10 30 53 42 22 33 53 61 18 60 38 4 33 10 8 10 30
40 15 27 38 14 14 26 50 14 35 50 44 41 27 51 14 35 1 40 24 1 53 16 21 27 53 50 15 4 16 38 0 42 50 33 15 16 1 1 15 16 5 15 50 27 26 14 38 50 14 35 0 0 27 4 38 40 14 53 50 21 16 50 5 27 35 44 31 50 14 4 6 33 16 27 40 14 1 33 27 31 50 38 36 38 15 5 14 15 35 16
27 16 26 27 2 4 12 37 6 21 27 37 27 27 36 21 26 13 25 32 24 44 7 12 21 0 27 13 4 7 27 44 37 37 26 4 1 6 23 7 13 23 24 41 7 23 5 27 36 13 1 0 44 26 7 23 24 6 44 40 27 23 37 25 27 24 24 36 36 21 4 13 24 26 7 37 32 26 13 4 4 44 13 26 21 7 24 25 26 26 23
44 3 1 15 22 9 15 56 5 1 47 49 40 3 49 1 30 22 39 34 21 57 15 21 21 52 47 15 4 15 21 56 44 5 6 3 1 3 15 3 1 34 15 47 22 29 22 4 47 1 34 0 0 28 1 33 34 3 0 56 21 15 49 22 28 22 34 34 47 3 1 15 34 22 4 30 22 34 29 3 37 56 36 36 1 15 4 10 5 1 22
47 1 10 49 10 10 38 56 12 39 36 56 56 28 56 5 35 12 48 49 12 56 10 35 35 58 57 10 12 24 36 58 38 56 31 25 1 10 17 35 15 28 3 35 20 29 19 36 49 10 28 0 58 35 24 49 53 12 58 57 36 31 57 10 24 4 35 36 54 12 12 12 1 24 3 53 36 35 35 12 49 57 43 56 39 25 8 12 35 43 17
0 44 53 4 49 7 0 0 49 0 0 0 0 53 0 41 53 7 4 0 53 0 53 18 33 0 0 8 21 6 53 0 0 0 8 17 7 49 30 49 33 8 8 0 3 31 17 0 0 8 17 0 0 49 7 49 0 8 0 0 44 30 0 49 0 4 0 0 0 7 18 8 54 54 44 8 53 53 30 53 53 0 52 0 31 31 49 31 4 6 52
60 27 27 48 17 37 48 0 29 55 0 0 0 60 0 15 49 25 55 57 5 0 9 27 48 0 0 37 9 37 27 0 0 0 60 15 26 5 17 21 16 23 48 37 2 17 16 60 48 5 17 0 0 48 13 49 18 9 0 0 18 49 0 27 28 60 60 57 60 33 21 9 60 5 5 60 0 53 17 38 48 0 60 0 26 5 55 21 9 48 37
49 14 17 34 17 12 38 50 14 36 38 49 50 38 53 4 32 8 38 36 23 53 12 14 15 53 36 17 12 15 18 53 49 50 15 8 13 12 17 12 14 15 17 53 16 12 15 44 38 16 18 53 57 17 16 9 23 9 0 49 27 38 43 16 38 38 39 36 36 10 8 13 36 17 5 44 38 23 17 18 36 49 38 50 14 13 5 22 5 35 8
47 34 22 12 34 17 12 47 11 37 49 0 47 41 47 22 22 12 41 41 14 0 17 26 17 0 46 24 4 26 34 49 45 47 34 8 8 1 24 8 23 4 1 47 8 11 23 26 41 20 8 0 0 17 26 34 34 24 0 49 31 37 47 10 12 34 45 38 47 4 26 26 45 24 4 34 37 34 20 37 26 49 37 23 37 4 11 12 1 34 10
0 35 18 0 30 6 0 0 28 0 0 0 0 0 0 13 0 35 35 0 6 0 6 35 6 0 0 6 13 4 35 0 0 0 4 39 4 4 6 13 13 23 27 0 18 13 27 0 0 4 13 0 0 28 18 13 13 4 0 0 28 15 0 35 27 39 0 0 0 6 13 4 0 4 4 0 35 35 29 4 0 0 0 39 0 1 13 35 18 0 35
0 32 33 49 46 17 58 0 17 60 0 0 60 28 0 45 46 23 57 57 40 0 10 18 28 0 0 40 29 34 38 0 0 63 13 38 32 32 32 57 28 31 17 0 2 25 3 57 0 3 32 0 0 25 38 29 58 23 0 0 3 40 0 36 3 58 63 57 0 2 32 10 57 45 2 0 49 57 13 57 45 0 58 63 58 33 49 3 2 58 11
57 51 28 0 22 22 56 0 25 57 0 0 0 0 0 34 0 2 0 57 22 0 51 25 28 0 0 48 48 28 51 0 0 0 0 22 2 42 48 51 22 59 22 0 13 48 2 0 51 9 24 0 0 65 22 51 51 48 0 0 57 30 0 50 64 59 0 0 0 22 3 19 56 51 25 0 31 0 22 30 0 0 0 0 0 22 48 48 28 48 24
50 20 11 30 7 1 13 50 24 30 47 51 47 34 50 20 20 33 36 30 20 0 9 5 33 0 50 31 11 13 35 0 34 13 35 7 7 7 22 11 6 14 13 51 30 4 4 14 50 20 11 0 51 33 7 50 36 2 0 50 33 5 30 14 33 36 36 49 50 7 4 7 47 33 7 33 36 33 15 14 36 50 30 49 33 9 2 9 20 11 15
48 29 10 38 27 10 23 0 13 46 52 52 52 48 57 20 27 7 43 51 5 0 5 20 14 0 43 29 6 2 20 0 53 47 46 2 6 13 26 1 1 27 6 38 6 23 5 47 57 5 6 0 0 27 17 13 34 27 0 0 34 43 46 13 38 46 52 48 0 10 2 7 14 25 23 48 5 29 13 23 27 57 38 52 14 20 23 27 13 38 20
1 1 1 2 3 1 1 4 1 1 3 1 1 1 1 1 2 1 1 1 1 3 1 1 1 1 1 2 1 1 5 1 2 2 2 1 2 1 1 1 1 1 1 2 2 2 1 3 3 1 1 3 1 7 9 36 10 6 22 10 3 13 2 8 27 18 6 16 15 9 22 29 46 24 4 29 30 46 30 14 25 54 49 90 32 39 79 73 62 36 56
100 66
1 1 2 2 1 1 2 2 1 2 1 2 1 1 1 2 1 1 1 2 1 2 1 1 2 2 2 1 2 1 2 2 1 1 1 2 2 1 1 2 2 2 1 2 2 1 2 2 2 2 1 2 1 1 1 2 2 2 2 2 2 2 1 1 2 2
31 15 0 0 6 6 0 6 0 4 6 15 4 21 0 6 42 19 0 0 0 20 34 8 15 31 30 31 15 8 15 42 13 30 21 30 0 31 0 15 37 18 6 8 31 15 6 34 42 0 34 0 0 34 15 0 0 4 0 6 8 18 42 6 6 41
22 30 63 0 22 0 52 33 41 25 46 22 0 0 36 60 52 22 34 22 0 47 20 12 21 30 21 63 35 16 0 54 22 24 63 30 32 4 24 30 24 66 34 29 49 24 0 13 0 21 32 52 0 0 59 66 63 22 0 30 20 29 6 52 64 41
26 28 7 19 31 38 9 37 25 26 9 2 36 19 24 32 5 8 8 11 29 24 24 26 8 24 26 29 31 36 24 18 19 26 24 19 38 26 5 26 38 31 31 7 36 2 37 19 0 19 10 36 0 8 37 8 24 2 36 7 8 24 2 2 36 8
34 32 34 33 34 39 21 10 0 10 34 26 34 31 34 21 34 37 30 13 32 10 11 5 31 10 32 37 34 13 5 2 21 25 37 32 26 13 9 5 16 9 21 30 3 30 37 11 34 36 21 32 38 32 10 37 26 10 3 32 25 3 9 3 32 3
48 33 4 50 33 48 15 32 50 18 32 8 50 4 30 33 25 2 15 24 41 48 12 50 12 33 30 32 33 33 17 12 18 5 25 30 50 5 23 10 25 50 43 32 4 47 0 36 47 10 32 18 50 33 50 32 33 30 4 12 2 50 32 30 30 50
4 17 44 43 29 0 4 21 44 21 29 43 17 5 43 44 29 17 17 37 43 29 29 26 20 21 2 25 43 44 43 27 27 17 15 28 37 29 27 43 23 11 29 26 27 26 29 26 29 5 24 37 37 37 15 44 17 37 12 17 27 17 17 37 27 15
18 31 49 40 2 0 40 1 30 32 24 40 31 26 40 8 1 38 27 30 42 8 8 26 40 11 42 49 40 3 42 17 31 26 26 2 40 2 8 29 31 42 49 8 31 30 0 26 18 5 21 2 40 4 27 42 1 40 42 4 27 38 2 40 31 42
29 29 30 3 30 34 34 3 0 9 42 10 0 38 9 41 28 37 15 30 0 29 3 10 28 41 3 0 9 4 30 30 25 4 29 28 38 37 29 3 45 15 23 10 15 6 45 39 31 19 29 29 34 3 10 30 31 0 21 3 3 9 15 21 30 42
24 7 22 0 0 0 20 29 0 22 19 22 22 13 11 0 9 20 11 9 13 9 17 22 22 31 22 8 20 20 8 8 0 22 9 24 24 9 17 9 22 7 20 20 20 7 17 12 24 24 9 20 0 24 20 0 8 24 20 8 22 17 9 17 25 9
38 24 0 38 38 0 0 0 30 31 31 33 0 3 0 0 21 0 16 0 0 26 30 21 26 0 33 38 0 9 39 3 31 0 0 30 0 9 0 0 31 16 0 16 0 26 0 9 0 24 31 31 0 30 31 0 0 0 21 0 0 0 38 31 0 0
40 11 40 37 22 10 22 2 11 22 11 32 33 10 11 31 22 4 21 30 0 11 2 30 40 37 32 21 37 38 10 22 37 10 4 32 10 10 35 32 10 33 2 2 34 35 40 21 37 32 0 27 37 32 41 35 39 10 31 35 22 4 10 32 22 30
4 10 44 10 36 29 1 36 51 4 36 3 47 20 46 45 29 34 3 27 37 29 44 1 37 37 4 1 44 10 4 47 27 18 24 27 43 3 10 4 27 36 46 6 36 34 4 37 1 28 14 46 24 37 4 51 8 49 49 44 29 29 51 8 0 14
18 29 29 22 27 0 27 28 0 37 32 18 0 34 38 29 37 5 18 5 34 32 34 29 32 37 21 32 37 18 34 20 32 34 32 18 25 18 25 37 35 8 18 34 35 34 37 37 37 18 0 5 37 1 27 0 38 18 37 32 18 34 34 27 32 28
32 25 8 38 15 53 45 27 37 24 37 15 53 25 53 49 33 13 32 27 51 22 15 31 49 37 32 15 15 42 27 42 53 42 4 49 48 15 12 4 24 33 22 29 36 44 53 15 23 15 34 53 53 48 32 53 53 0 5 13 8 18 8 32 48 36
19 8 39 13 30 0 15 22 36 15 13 13 30 15 15 39 14 8 15 28 22 11 2 22 13 27 13 15 14 36 22 15 22 8 19 15 39 15 28 11 2 28 13 3 19 2 32 23 13 35 36 28 31 31 11 36 8 29 31 22 27 23 22 21 31 39
46 36 40 4 40 0 27 5 0 3 27 49 0 27 26 4 4 2 30 27 0 12 4 6 28 35 39 4 5 40 28 41 30 50 27 1 0 0 27 0 27 36 4 15 4 27 30 4 36 50 0 12 0 4 36 0 0 4 0 27 48 40 3 46 35 28
44 19 32 10 14 26 24 12 0 7 13 14 12 30 12 32 19 11 14 26 24 12 48 23 19 30 19 12 26 45 12 13 23 24 19 44 48 8 24 12 11 13 37 44 48 40 50 12 44 42 12 15 49 44 14 41 12 1 26 30 30 11 37 30 14 48
4 20 18 18 41 0 19 44 0 17 34 35 18 44 25 49 36 44 48 17 49 18 0 46 17 6 25 47 47 20 47 17 44 0 18 30 17 47 44 25 18 17 25 17 47 6 7 18 44 7 18 44 0 44 19 0 44 18 18 0 4 41 34 4 29 0
30 3 14 27 33 39 20 13 0 19 31 27 12 23 14 48 4 33 23 18 40 31 12 22 30 12 4 19 3 21 25 5 20 20 14 5 27 4 4 16 3 14 20 22 33 27 31 19 31 12 4 22 0 22 6 0 0 31 40 9 20 5 13 20 33 14
30 19 27 32 0 37 14 14 37 21 30 8 32 22 4 27 19 15 22 30 30 21 14 12 21 22 22 21 25 15 7 21 37 36 4 30 30 30 19 14 4 14 19 21 21 15 37 2 27 21 14 4 37 25 22 0 30 21 19 4 27 19 14 8 37 32
42 3 0 44 23 0 45 40 0 45 3 3 39 36 46 46 36 36 43 46 0 23 45 20 23 8 45 44 20 36 45 40 0 40 6 23 43 10 8 17 18 40 17 6 20 20 46 17 36 46 8 45 0 45 23 0 45 40 29 8 20 36 45 20 46 42
21 21 14 8 14 21 2 9 0 20 14 4 21 8 21 19 4 9 3 15 14 9 11 9 3 15 9 14 9 21 11 15 4 8 8 3 20 15 5 9 11 15 2 8 17 11 20 11 14 4 4 14 2 11 20 21 21 4 11 4 8 9 9 4 11 9
27 26 27 27 31 47 33 27 53 17 51 14 42 17 42 51 44 14 18 2 23 12 1 17 20 44 14 24 17 29 18 12 11 41 30 47 44 36 41 8 27 24 29 29 41 41 42 51 11 29 47 49 60 29 29 0 21 59 51 30 60 3 42 30 42 31
22 8 42 25 7 47 25 37 0 9 17 41 18 39 25 44 37 8 11 25 44 44 8 25 43 37 11 48 25 7 41 37 48 39 12 44 44 8 25 47 2 7 17 25 8 8 49 49 39 9 8 42 0 25 13 0 17 7 25 37 0 17 44 18 49 44
37 16 0 0 10 27 2 4 0 2 3 17 21 27 27 0 30 37 27 16 0 0 21 2 21 0 0 2 2 21 0 0 27 27 0 27 0 21 2 13 0 0 0 2 0 2 2 37 0 27 16 17 0 17 37 0 37 0 0 17 2 13 16 16 0 0
21 8 28 33 9 0 9 6 5 26 19 7 19 9 41 13 19 6 4 6 12 33 16 9 22 31 8 13 40 4 6 22 2 16 2 7 12 6 6 26 31 7 28 28 28 22 40 7 7 28 13 33 2 12 9 41 26 13 2 15 6 7 22 6 31 43
23 10 27 34 37 0 6 31 34 4 5 4 23 23 34 21 1 27 18 23 27 23 5 30 6 34 25 6 6 25 1 4 37 14 6 18 6 4 4 23 23 14 14 4 5 6 34 12 40 37 25 1 37 1 13 33 37 4 6 2 14 34 18 37 4 37
34 35 0 37 0 37 7 12 34 11 8 10 24 24 11 39 10 24 24 24 37 4 6 14 10 11 10 10 10 14 37 31 24 12 8 24 31 4 6 11 10 11 31 11 37 14 37 10 4 6 14 24 34 4 10 28 24 8 24 11 11 31 37 4 5 31
27 19 37 35 21 6 0 15 0 35 14 13 21 37 0 0 0 38 37 21 0 0 13 33 6 29 6 19 30 37 29 30 0 19 22 33 13 19 17 28 21 30 29 30 0 33 0 35 15 30 15 22 0 30 37 30 29 37 22 33 37 15 37 19 19 38
45 32 0 8 29 0 45 36 0 19 9 19 0 40 25 52 40 13 53 0 19 9 19 45 19 61 52 1 19 9 0 50 5 52 1 56 52 2 19 38 45 16 36 18 56 1 57 9 60 9 52 52 57 18 19 0 53 57 23 28 15 28 30 2 40 13
19 4 17 7 34 0 14 9 36 4 14 8 34 17 12 34 19 9 9 9 29 13 4 9 9 34 14 12 12 2 34 3 9 3 12 11 12 9 12 7 12 12 3 3 35 16 19 9 23 14 9 11 0 3 3 0 7 3 3 23 23 12 30 14 4 12
16 21 14 38 4 0 15 19 0 4 16 4 42 38 0 19 33 16 15 19 24 21 33 21 21 0 14 38 0 7 28 19 1 0 15 15 0 19 4 14 26 33 33 19 0 33 0 15 1 7 1 24 0 7 28 0 1 28 4 19 26 33 40 1 0 0
40 1 0 41 45 0 5 18 18 33 8 33 42 34 33 33 18 43 40 26 38 0 1 36 34 1 34 26 8 0 36 32 17 32 5 1 36 33 1 32 33 33 5 1 1 26 0 1 22 16 41 34 34 0 18 48 36 45 25 14 0 22 1 1 17 41
16 12 16 34 34 0 34 9 35 18 13 2 12 35 12 34 6 9 19 6 31 13 13 9 16 35 13 2 35 2 16 16 13 34 16 9 13 12 12 13 12 19 34 12 35 34 12 6 8 2 34 13 36 16 9 35 16 2 34 32 9 9 13 6 9 35
27 13 20 23 20 0 17 2 26 20 16 13 16 2 19 28 12 20 5 34 19 2 9 11 16 26 5 28 28 28 2 11 30 11 2 16 28 20 12 16 16 16 28 11 10 2 20 8 8 26 9 28 5 19 28 30 0 9 9 20 5 23 5 28 11 20
45 43 47 44 19 0 38 19 43 43 43 16 19 43 42 1 15 43 5 38 31 48 22 38 1 43 31 47 44 45 1 33 16 17 27 15 4 17 19 31 1 2 31 27 39 43 47 13 17 32 45 30 48 40 47 1 27 1 27 17 35 31 45 31 43 45
13 34 0 36 7 0 9 2 46 29 7 21 26 34 29 44 44 19 34 28 46 34 19 41 46 46 44 9 44 19 41 9 23 29 29 1 29 9 9 16 34 28 36 29 0 46 9 29 41 40 29 36 46 41 34 0 46 16 18 43 23 19 38 29 29 44
38 27 13 38 0 18 27 14 27 4 14 27 28 20 0 28 2 33 4 4 29 10 38 20 27 35 4 38 38 27 10 4 38 19 13 4 35 0 19 13 27 27 18 9 14 10 35 19 29 4 38 9 8 29 4 35 9 18 9 29 20 27 29 11 4 29
5 21 31 40 41 0 11 12 34 1 10 36 41 10 34 1 0 11 4 10 41 12 1 11 14 36 5 34 4 27 0 19 45 19 32 4 34 19 12 31 31 40 17 19 36 5 19 1 4 1 19 17 25 21 17 0 36 36 12 5 31 1 17 17 19 0
12 17 12 12 17 37 23 12 33 12 18 17 0 4 0 23 13 12 4 16 9 4 4 12 13 35 9 14 12 17 17 6 13 0 15 4 16 0 17 17 13 9 13 16 13 34 34 6 39 17 29 4 35 13 31 18 39 34 23 14 6 12 17 12 29 39
38 7 21 6 0 0 26 45 0 12 17 7 43 45 34 31 12 7 59 39 17 7 17 17 17 17 13 14 21 7 17 14 21 31 1 45 0 26 31 23 1 14 7 21 54 29 0 6 0 6 7 57 0 17 28 22 17 21 7 7 35 23 33 38 59 45
42 2 5 0 0 5 11 3 0 54 54 0 0 35 0 0 2 0 0 10 0 0 5 2 0 0 42 42 0 0 21 0 3 0 0 42 2 5 42 42 42 0 11 38 0 42 0 25 50 42 0 0 0 0 42 3 7 11 19 5 50 5 50 0 2 0
27 30 39 0 15 27 15 31 0 19 5 7 27 32 15 2 32 15 12 15 0 14 27 11 2 39 12 32 31 40 0 22 15 15 7 14 30 5 2 11 14 14 27 14 0 41 17 2 31 5 14 46 0 39 15 0 15 17 15 2 17 11 19 46 0 10
37 21 12 37 9 37 4 2 0 2 9 2 24 4 24 0 36 4 9 1 0 35 24 24 27 18 16 1 24 27 1 27 20 37 24 37 20 21 33 24 1 27 18 1 4 1 37 14 0 13 1 34 0 14 18 21 13 4 34 17 13 13 21 13 24 0
30 10 33 1 37 43 19 35 10 19 29 29 0 29 43 33 1 32 30 12 19 30 7 10 19 43 13 36 29 29 19 11 13 13 12 10 0 29 1 12 30 29 14 30 38 30 0 29 36 36 40 30 29 19 1 37 32 39 1 19 8 23 8 1 19 29
31 25 33 37 12 0 33 14 0 43 12 25 20 25 12 0 0 12 32 0 0 30 43 37 10 0 37 38 20 25 0 0 43 25 25 0 0 33 30 25 19 43 25 4 30 30 37 10 33 33 30 43 0 30 22 0 0 37 4 0 37 25 33 25 16 0
3 22 33 37 36 15 9 6 0 13 9 21 41 36 41 13 33 33 36 6 0 36 36 6 22 39 24 34 23 24 22 19 21 6 22 34 37 24 33 14 24 24 34 14 34 7 36 25 22 22 19 1 16 3 31 0 36 23 23 34 23 23 15 19 24 36
10 5 22 15 21 23 15 22 21 22 21 6 7 10 22 23 22 6 15 21 0 15 21 26 4 6 15 0 6 15 10 22 6 21 15 0 21 10 10 15 22 6 10 6 23 21 23 20 18 21 7 22 0 10 14 20 21 6 10 22 5 22 6 20 6 0
45 9 18 38 16 0 24 39 0 45 30 16 0 9 0 0 45 8 45 16 0 12 16 0 5 18 9 0 45 45 50 29 18 0 9 5 12 4 4 8 10 0 4 30 38 28 0 0 8 16 38 0 16 24 34 0 0 9 16 18 38 18 9 9 18 39
3 19 13 21 5 29 3 17 32 1 22 5 22 22 22 3 13 22 6 17 21 14 5 21 17 22 11 6 3 22 24 6 29 3 3 29 25 5 3 2 19 5 21 5 14 29 32 18 22 5 19 14 0 21 4 0 22 3 5 1 17 17 22 14 0 29
15 15 24 34 0 0 35 5 43 27 43 15 0 29 0 34 43 5 3 27 24 1 21 24 4 0 27 43 43 21 22 24 24 27 23 27 23 17 15 23 22 17 5 1 0 43 29 12 24 0 27 22 0 24 15 27 0 24 24 27 23 27 27 17 22 11
15 1 30 21 12 0 0 9 33 31 34 2 0 2 1 12 37 0 15 22 22 42 21 18 0 18 42 30 15 39 0 42 5 33 28 31 1 22 26 30 18 21 4 31 0 0 0 22 18 33 37 18 37 18 21 0 23 0 0 39 34 30 33 13 15 33
2 19 0 25 0 0 25 1 0 9 1 0 0 19 9 19 0 9 9 0 0 0 2 0 9 0 0 0 9 19 9 1 0 19 0 0 0 0 23 31 31 25 27 31 9 31 0 0 0 31 25 0 0 9 19 0 0 0 0 27 31 0 19 0 2 27
33 23 0 32 33 0 12 32 0 16 10 19 19 33 32 0 32 17 7 19 33 19 26 16 19 17 29 7 25 21 30 10 23 0 19 17 33 17 33 33 29 16 32 19 7 32 0 19 17 19 30 17 17 23 10 0 32 15 18 3 32 29 25 30 29 19
0 36 0 34 26 0 8 22 0 32 1 10 0 8 36 0 22 26 32 0 49 21 7 34 0 34 22 22 36 36 36 26 22 36 34 48 0 26 0 7 21 22 22 41 48 40 0 19 0 8 22 22 0 49 39 0 28 36 8 1 32 26 22 27 0 0
35 4 33 5 0 5 14 2 0 4 12 40 13 14 0 14 13 4 17 14 0 7 12 12 0 4 4 0 17 0 0 12 17 40 14 12 12 17 12 9 1 33 0 14 4 12 0 4 0 4 14 4 35 9 12 0 0 13 15 14 12 14 17 33 0 4
19 19 24 0 59 57 31 28 0 15 15 53 0 48 59 55 59 53 0 55 55 50 23 55 59 23 8 0 19 35 15 14 38 55 5 0 38 19 55 6 12 7 15 15 28 57 0 53 59 57 35 0 0 18 5 0 0 0 15 55 5 15 1 35 35 0
29 28 30 4 50 50 29 41 0 29 37 30 50 16 0 16 44 48 39 35 10 10 41 48 7 0 16 2 44 22 44 16 44 4 30 44 10 21 44 48 16 50 23 23 48 44 45 41 16 42 35 10 0 29 28 22 44 16 44 2 44 28 23 10 50 41
30 18 0 27 8 0 6 6 0 6 4 1 0 37 25 10 18 22 4 18 25 21 0 6 21 0 11 44 19 21 38 25 25 18 11 27 4 45 18 20 27 6 21 11 6 21 0 24 44 1 8 44 33 19 25 0 45 0 22 8 24 10 19 18 33 18
7 11 32 40 10 0 27 17 17 24 30 40 42 5 0 36 41 20 32 28 40 28 32 40 43 32 20 3 26 3 30 36 40 40 40 3 45 24 8 20 26 41 20 26 26 28 40 32 42 24 42 32 0 42 27 32 31 43 7 10 5 32 42 32 0 0
8 17 14 20 17 8 3 25 28 19 8 17 20 25 28 29 3 4 17 17 30 21 12 19 17 29 17 28 28 28 14 19 19 21 15 14 30 14 28 3 3 14 1 20 25 19 19 20 17 17 17 28 14 25 3 0 28 28 30 19 14 19 14 14 14 28
14 1 7 14 6 0 3 16 0 7 7 5 7 6 2 37 5 1 7 6 5 0 37 37 2 7 5 0 14 5 6 1 5 7 28 3 16 40 3 5 16 7 12 5 0 5 0 37 0 11 5 6 16 30 14 0 7 10 6 10 14 12 16 12 3 0
20 8 28 0 25 0 2 29 0 24 17 18 25 8 23 0 28 17 29 20 0 4 8 11 0 29 10 29 28 20 8 11 23 23 29 8 23 22 2 5 20 11 23 6 20 20 0 22 6 28 11 5 8 2 29 29 29 2 23 4 4 5 6 20 20 2
14 18 15 30 14 41 1 2 22 2 1 6 18 39 16 41 6 11 2 1 30 41 16 31 2 6 2 14 32 28 6 23 5 15 0 31 41 6 2 22 18 2 14 3 24 25 6 22 14 6 41 30 0 6 22 41 41 30 32 3 22 39 22 22 6 31
3 12 14 11 0 29 1 6 11 32 1 12 15 27 6 29 4 29 14 7 1 1 1 10 11 11 1 7 3 10 10 12 14 27 1 13 29 1 3 14 6 7 14 14 6 6 25 10 11 3 6 3 29 14 14 29 16 29 3 11 14 1 7 3 1 29
22 0 0 22 0 5 0 36 0 0 4 31 0 16 0 0 0 0 31 22 0 0 22 22 22 37 4 0 0 22 7 31 0 0 0 36 13 0 5 0 31 22 16 0 0 0 0 16 0 0 4 16 0 22 0 0 0 37 23 7 22 36 36 0 31 0
11 0 0 11 3 0 14 14 0 0 0 1 0 20 2 0 0 24 3 11 0 14 0 1 0 0 1 20 24 0 3 15 0 14 14 0 0 24 2 3 3 20 3 16 0 0 0 3 0 14 1 0 0 15 15 15 15 3 0 1 0 24 9 2 0 24
0 2 9 40 0 0 17 15 34 2 7 0 0 17 17 0 0 9 17 33 2 0 17 0 19 9 34 27 2 9 2 0 45 0 17 31 26 3 34 0 6 7 9 0 0 9 33 27 3 45 0 0 0 3 45 9 0 17 26 3 0 17 0 0 33 2
26 16 0 23 0 0 6 3 0 26 15 16 35 15 34 0 34 9 15 13 15 6 26 15 29 9 26 34 34 27 27 26 20 9 6 20 15 34 6 3 29 13 15 13 26 29 0 9 26 15 3 13 0 23 9 0 9 34 0 20 9 15 15 23 27 0
9 21 41 0 2 0 0 23 0 4 23 16 0 16 4 0 24 43 2 0 0 23 15 4 9 0 16 43 2 0 23 0 24 22 4 4 0 41 38 22 9 41 30 34 0 0 0 0 0 4 5 0 0 3 9 0 0 15 24 4 4 4 0 38 34 0
36 8 1 6 5 47 4 40 0 1 10 4 7 5 12 4 28 5 6 21 33 40 23 8 33 25 38 47 17 1 10 40 21 25 40 7 7 8 23 26 33 12 2 40 10 2 38 1 4 18 40 18 0 40 10 38 38 3 36 38 4 38 1 2 47 23
4 11 14 32 11 21 18 11 0 14 18 11 33 11 33 28 30 11 25 4 18 14 12 4 4 11 21 4 32 11 2 19 7 21 11 14 7 18 4 21 33 4 31 4 33 25 31 12 14 8 32 30 33 30 4 0 33 13 32 8 14 32 28 13 11 20
46 17 47 27 26 0 17 31 0 26 33 17 0 46 33 44 17 0 33 44 41 0 29 17 8 33 38 17 36 17 33 13 28 17 15 41 8 41 29 17 26 15 26 33 15 12 17 26 13 29 1 15 42 33 46 44 28 0 33 20 8 18 13 1 29 33
33 6 1 36 17 0 41 2 0 11 5 19 19 3 1 43 22 3 17 24 21 1 17 20 24 27 6 5 41 36 1 17 1 28 1 22 36 6 17 5 11 5 27 1 41 28 32 14 6 17 41 25 14 11 6 24 36 5 25 11 17 17 17 20 24 17
36 2 45 56 37 45 15 40 0 4 32 10 0 9 0 61 32 36 37 52 15 37 27 14 15 49 4 6 11 49 19 2 10 32 6 15 60 6 32 33 30 40 10 3 45 37 58 11 19 42 30 48 0 45 50 49 56 45 10 48 45 19 42 10 6 56
21 24 23 10 27 0 10 11 42 10 18 26 42 5 45 42 5 18 45 23 44 35 26 34 20 10 13 45 27 10 9 18 34 34 3 3 27 13 9 3 20 11 3 3 0 31 45 11 26 26 45 11 45 5 9 45 42 26 1 9 27 6 19 42 27 10
22 22 1 21 22 38 22 11 40 9 9 21 22 13 38 15 15 4 15 38 22 10 1 5 11 21 5 22 11 21 27 10 10 15 15 10 38 5 10 21 5 5 11 4 22 22 3 17 5 9 9 17 43 7 21 0 22 9 9 9 19 15 10 9 30 27
28 8 40 26 45 0 25 21 0 19 17 30 45 19 8 18 46 37 30 19 37 28 26 26 18 40 1 49 0 42 10 37 37 42 34 40 37 28 45 1 41 8 37 30 45 26 50 26 40 45 1 29 45 19 26 52 41 8 37 1 25 37 42 1 37 37
24 21 22 45 21 0 8 22 43 45 12 12 46 12 0 35 23 22 3 43 30 22 24 3 26 24 22 46 24 43 23 8 28 28 3 3 24 21 22 22 3 21 0 12 34 46 30 21 0 28 28 28 18 18 24 0 28 28 23 3 28 24 3 12 22 28
43 24 38 24 24 38 7 32 51 1 24 5 43 15 3 19 46 15 21 32 43 1 16 21 38 19 16 46 33 7 25 34 43 38 16 3 46 43 19 11 34 17 34 11 46 38 16 2 35 1 38 38 0 21 24 37 21 16 46 11 43 24 36 25 36 46
38 47 0 0 30 0 50 37 0 37 44 0 0 44 0 44 44 6 44 44 19 38 2 39 38 45 14 44 0 44 1 0 1 2 37 38 0 44 22 37 38 0 37 20 50 30 0 2 2 44 2 0 19 7 2 0 0 0 22 6 2 2 38 22 0 39
0 9 21 0 38 27 21 38 0 7 9 14 22 9 33 21 0 12 12 30 7 7 20 30 22 38 9 11 30 38 21 22 14 37 9 21 27 16 2 22 21 14 24 27 33 12 0 9 36 0 36 0 2 22 27 21 36 9 38 21 30 9 9 2 33 36
37 52 18 0 0 39 2 41 0 2 34 9 32 35 29 2 47 2 41 41 24 46 9 3 35 39 10 3 4 16 34 10 16 24 24 35 54 14 9 32 29 10 16 34 16 47 53 16 38 35 24 52 19 38 15 0 14 24 13 9 24 29 52 2 38 34
35 18 0 1 35 0 22 10 0 21 22 21 22 35 21 36 35 39 21 40 1 21 40 21 36 40 21 36 22 21 22 35 23 0 20 40 40 31 28 34 21 22 20 22 17 0 0 22 23 22 0 0 20 35 35 40 35 21 40 28 35 20 10 35 4 0
16 42 14 47 24 41 9 9 9 2 14 33 42 9 24 38 47 9 42 9 41 24 20 41 14 16 41 46 46 2 42 34 6 46 19 41 6 2 34 42 10 2 30 2 46 44 34 6 41 39 38 47 46 27 42 0 9 41 38 6 19 9 2 34 41 42
1 29 1 37 41 41 35 2 37 31 34 16 1 2 41 30 6 19 2 37 39 41 1 3 34 29 37 35 41 31 2 3 24 2 34 12 37 31 11 31 12 2 34 12 41 16 8 16 31 28 1 34 0 29 29 0 37 1 23 41 31 31 31 2 37 31
24 10 0 21 12 21 27 0 0 27 33 6 33 41 19 21 24 24 10 1 0 27 0 10 38 14 29 0 38 27 33 32 21 12 33 27 0 29 10 16 16 27 27 21 32 41 41 11 32 29 9 32 32 27 41 0 29 0 15 6 10 30 27 24 32 25
0 31 31 40 26 0 24 40 41 28 6 15 24 7 26 32 21 28 15 0 40 28 40 28 0 0 7 16 15 31 24 38 16 32 28 11 0 32 7 3 0 28 40 28 0 26 0 15 0 20 0 0 0 22 28 0 32 32 21 40 7 40 15 11 28 23
12 29 0 0 0 0 0 12 0 0 11 11 0 12 0 11 11 5 12 11 0 0 4 5 29 0 12 11 21 10 0 20 10 0 29 4 12 10 0 0 12 12 11 0 0 0 12 0 0 0 33 0 0 11 21 0 0 0 0 12 10 0 0 4 10 0
28 11 57 0 13 0 0 0 0 0 19 41 0 10 22 0 38 19 35 45 5 19 41 0 52 57 0 0 57 5 0 0 0 0 35 37 53 57 45 57 19 35 0 0 0 22 0 13 53 38 0 0 0 5 19 0 57 45 5 9 31 28 0 5 0 5
10 13 5 20 31 0 10 5 0 20 10 5 31 1 0 5 23 14 23 20 23 23 20 0 31 5 5 0 20 10 0 23 20 0 27 7 31 0 23 30 26 0 5 20 23 23 0 1 30 10 20 30 26 0 20 0 23 20 31 28 27 23 0 7 26 27
36 13 38 44 36 24 24 36 36 18 14 4 9 20 31 48 9 35 36 36 18 31 36 9 44 47 13 40 17 25 27 35 24 24 27 25 41 35 36 9 9 47 20 27 0 38 38 24 0 24 25 48 0 18 35 0 9 27 36 20 18 24 47 26 38 36
17 5 0 0 0 23 23 4 0 5 0 0 5 0 0 0 17 12 28 29 0 0 0 12 19 23 28 28 0 23 0 28 0 0 5 0 28 5 4 28 28 5 5 5 0 0 0 28 28 0 0 28 0 0 0 0 0 19 0 5 5 12 19 0 0 0
4 42 21 3 3 0 18 4 0 3 25 20 0 0 0 9 25 35 42 0 20 0 28 20 0 4 0 29 18 21 25 9 0 14 21 25 28 7 20 17 35 14 20 30 0 29 29 20 9 35 3 25 0 42 3 0 3 22 28 3 4 18 28 18 20 0
24 9 26 12 39 0 10 1 0 13 17 19 9 4 0 30 19 35 19 26 37 21 9 18 35 28 26 21 26 18 15 10 6 26 21 18 35 18 10 18 15 17 10 20 39 29 24 18 24 9 29 19 37 19 4 37 37 37 35 19 4 10 26 1 28 28
0 20 0 8 0 0 0 4 0 30 4 30 0 0 4 0 0 0 31 27 0 20 0 31 8 0 8 0 4 0 20 20 1 0 22 23 0 16 16 0 30 8 0 30 0 0 0 4 0 20 8 0 0 0 8 0 33 31 22 9 9 27 31 4 15 0
6 21 37 8 37 0 13 5 28 5 13 2 9 37 5 9 4 17 28 5 0 6 5 31 21 8 2 13 32 9 2 9 37 37 9 13 0 0 5 5 0 35 35 2 0 5 32 9 5 14 0 21 36 17 9 0 0 28 31 9 14 31 9 5 10 9
18 4 15 0 2 0 13 13 0 23 0 4 4 8 0 4 0 16 0 13 0 16 0 8 0 13 15 16 0 23 4 16 4 13 2 16 18 4 4 0 16 4 0 0 0 15 0 16 13 16 0 15 0 23 12 0 16 15 0 0 13 16 0 1 4 18
23 22 39 22 7 39 12 29 0 13 24 1 24 41 24 35 41 39 24 23 3 24 7 22 39 18 35 12 32 43 39 24 43 39 22 24 23 23 3 18 12 11 32 3 44 39 39 18 32 7 41 12 44 11 9 40 3 32 22 7 22 22 12 11 4 39
44 5 10 44 38 0 42 44 0 40 31 31 44 8 60 40 45 2 32 29 45 33 56 8 31 62 34 60 38 13 30 40 34 60 7 31 43 30 44 44 60 40 31 44 4 45 60 49 40 7 2 39 62 18 44 0 62 34 44 45 20 44 34 3 31 55
1 3 1 1 1 1 1 2 3 1 1 1 1 2 1 1 1 3 2 1 2 1 1 1 1 1 1 1 3 1 1 1 1 1 1 1 1 1 1 1 1 1 1 1 1 1 1 2 3 1 1 1 1 2 1 1 1 1 1 2 1 1 1 1 1 1 1 1 1 1 1 1 1 1 1 1 1 1 2 1 1 1 1 1 1 1 1 2 4 4 1 10 8 2 9 14 4 7 25 2
94 9
8 7 1 7 8 3 9 1 9
8 0 2 2 8 0 3 2 0
7 7 3 7 2 0 2 3 0
5 5 5 5 5 0 5 4 0
1 4 5 0 1 1 1 1 0
6 6 6 6 3 6 6 1 0
8 9 2 8 1 9 1 2 0
7 7 6 1 4 0 4 7 0
4 0 4 4 4 0 4 4 0
2 8 8 8 8 0 8 8 0
1 0 1 2 1 0 1 1 0
4 7 1 7 4 7 1 1 0
3 0 3 3 2 0 2 3 0
4 3 3 5 3 0 3 3 6
2 3 3 3 3 0 3 3 0
2 0 6 3 2 6 6 2 6
5 4 1 6 1 6 5 1 0
5 5 5 6 3 0 3 5 0
2 7 7 7 3 7 3 7 0
1 1 1 1 1 1 1 1 0
1 7 3 7 2 7 1 1 0
8 8 1 8 8 8 5 8 0
3 4 3 3 3 7 3 1 0
4 0 4 4 4 4 4 4 4
5 0 5 5 5 0 5 5 5
4 0 4 8 6 9 6 6 7
3 4 3 4 3 0 3 3 0
1 3 3 7 8 0 7 8 0
4 7 5 5 2 5 2 2 0
3 7 1 1 1 7 3 1 0
7 0 7 8 3 0 8 3 0
1 1 1 1 1 4 1 1 0
5 5 4 5 4 0 5 5 0
9 0 6 5 4 0 5 5 0
9 0 4 9 4 0 4 8 0
2 2 2 2 2 0 2 2 5
6 2 6 6 5 0 3 6 0
6 7 6 7 6 0 6 5 0
1 3 8 6 3 8 3 3 0
8 6 8 9 7 9 6 7 0
2 9 9 7 9 9 9 8 0
1 6 1 1 5 6 1 5 0
1 9 3 3 3 9 1 2 0
5 5 3 5 3 0 5 5 0
2 0 2 2 2 0 2 2 0
1 3 3 3 1 0 1 1 0
5 5 5 5 5 0 5 5 0
5 7 5 4 5 0 4 3 1
1 0 4 9 1 1 3 2 1
2 0 2 0 3 3 2 2 0
3 3 3 3 1 0 3 3 0
3 7 3 3 3 0 3 2 7
7 7 7 7 1 0 7 7 7
1 3 1 1 1 3 1 1 0
5 9 1 8 8 0 1 8 7
3 6 2 5 3 3 3 2 0
1 0 1 1 1 0 1 1 0
8 9 6 9 6 0 8 1 6
4 9 1 6 6 9 6 6 0
5 0 2 5 5 0 1 5 0
5 9 1 9 2 0 2 2 9
2 1 6 6 4 1 3 3 0
8 9 1 9 1 9 1 4 0
3 8 8 8 3 0 3 3 0
1 3 1 3 1 3 1 1 0
6 6 6 6 6 0 6 6 0
1 3 1 3 1 0 1 1 5
3 0 3 3 3 0 3 3 0
1 1 1 1 1 0 1 1 0
3 0 3 3 3 3 3 3 0
4 4 4 4 1 0 1 1 0
1 1 1 1 1 1 1 1 0
3 0 1 3 1 0 1 3 3
7 7 1 7 2 7 2 1 0
1 2 4 7 1 0 1 1 0
1 0 2 1 1 0 1 1 0
4 4 2 4 2 4 2 2 0
7 0 7 0 3 0 2 1 7
6 8 6 6 6 9 6 3 0
5 6 4 5 4 6 3 4 0
8 0 8 8 2 0 2 8 0
9 9 7 5 5 9 2 2 0
6 6 3 6 3 0 4 4 6
2 0 2 0 2 8 2 2 0
1 0 3 6 3 5 3 1 0
3 0 0 3 3 3 4 3 0
4 0 2 4 2 4 4 2 0
5 8 2 5 2 0 2 5 5
5 7 5 8 7 0 5 5 0
2 0 2 9 9 0 2 3 0
2 3 2 2 2 0 2 2 3
6 0 6 6 6 6 5 6 0
4 8 4 4 4 0 2 4 8
7 7 1 5 2 9 2 2 0
5 5 5 5 5 0 1 5 0
1 1 2 1 1 1 1 3 1 1 1 1 2 1 1 1 1 1 1 1 1 2 1 4 2 2 1 1 1 2 1 3 2 3 1 1 4 1 3 1 1 1 4 1 1 5 1 1 1 7 4 6 4 3 5 4 4 6 6 5 9 7 5 8 9 7 8 5 5 9 5 6 9 9 5 8 4 5 8 5 7 7 9 7 4 5 6 5 4 7 8 8 8 7
97 48
6 3 4 6 8 4 6 8 2 8 4 8 3 5 5 7 4 6 3 5 2 1 2 6 1 6 4 8 5 3 3 3 5 7 8 4 2 5 3 3 5 6 3 7 3 7 5 6
18 13 25 5 29 11 3 13 13 4 16 18 23 4 13 11 13 25 23 10 1 0 4 4 25 10 25 18 29 23 11 11 24 29 28 4 3 10 13 0 23 29 24 11 13 11 23 25
13 13 19 19 6 27 6 35 22 13 22 8 19 13 13 13 7 13 7 6 22 4 33 9 19 27 34 2 19 19 6 2 6 7 31 19 2 13 22 13 8 6 35 0 13 27 19 19
11 14 24 4 0 14 16 4 15 13 15 15 17 2 15 14 23 32 20 15 16 38 4 2 27 4 14 7 18 16 24 24 7 15 27 15 15 32 36 34 17 13 34 16 6 16 2 7
40 26 26 26 34 0 25 0 0 7 11 0 25 26 26 33 33 0 7 25 26 0 32 7 0 16 0 26 0 26 7 7 0 42 26 41 7 26 42 7 19 7 0 7 30 12 7 11
12 12 8 23 23 3 12 23 12 5 14 2 8 23 12 12 16 23 8 16 14 0 5 20 8 5 18 8 14 18 18 18 14 5 12 10 12 8 14 3 5 8 12 12 5 21 3 5
19 0 13 29 29 26 38 0 0 29 29 21 27 14 3 3 29 29 14 27 29 24 29 14 0 0 27 19 3 32 34 14 0 0 0 29 21 13 5 0 4 29 0 0 19 27 34 0
12 20 0 0 7 12 0 0 0 7 0 38 20 0 12 7 0 8 0 12 0 0 0 38 0 0 0 0 0 38 0 35 30 7 0 1 33 12 0 0 18 12 12 6 0 0 1 12
3 25 33 18 0 0 40 32 32 20 0 18 20 4 18 4 0 3 17 36 36 0 24 0 4 20 36 20 4 18 27 36 32 18 26 33 33 33 32 36 22 25 5 20 28 0 22 20
16 16 0 2 0 0 23 31 11 15 12 3 0 34 2 3 34 2 20 31 4 2 34 31 0 16 31 16 2 23 16 3 0 32 20 16 16 23 34 31 16 20 23 11 1 15 16 0
1 14 1 1 20 0 3 0 28 14 1 1 20 1 14 20 7 23 20 1 9 1 23 3 0 1 0 14 0 20 24 20 23 20 9 2 3 9 22 0 1 14 3 20 23 9 23 24
17 0 18 12 22 0 18 0 4 4 16 0 16 16 21 16 4 0 26 10 4 0 0 0 4 17 4 26 0 26 4 16 4 0 18 17 16 18 0 0 4 0 4 17 0 16 16 0
19 3 18 19 2 22 18 0 3 3 3 18 20 19 2 14 3 18 18 3 19 0 19 17 20 20 23 8 20 3 17 2 19 3 8 17 8 19 2 20 19 15 20 8 18 19 19 20
7 22 30 27 30 33 4 7 17 9 33 12 28 30 1 1 4 7 7 4 7 28 3 7 0 28 33 28 33 7 7 20 30 28 19 15 7 22 1 33 0 1 1 5 4 30 1 22
29 24 30 20 13 10 13 2 24 20 22 7 30 7 18 24 7 24 30 15 7 30 24 7 24 20 24 18 30 7 2 2 18 24 2 24 7 7 15 0 7 28 2 2 7 2 22 24
3 45 15 25 48 27 45 45 2 20 0 19 19 8 42 3 8 39 41 20 9 0 2 43 45 20 0 15 39 18 5 35 25 35 45 41 21 2 42 5 9 39 2 37 37 30 32 35
13 9 19 1 4 2 4 0 3 21 8 19 0 19 4 4 1 2 3 4 15 0 3 21 4 8 0 2 0 21 8 21 19 3 20 2 20 9 16 20 3 4 9 17 15 15 21 0
18 0 0 14 0 15 0 22 14 0 0 0 22 0 14 15 18 22 4 0 14 0 22 0 0 14 0 14 0 23 15 14 22 14 0 22 0 0 0 14 10 0 10 0 4 22 22 22
21 13 22 8 23 25 18 0 9 10 25 8 13 18 8 11 8 8 4 9 25 0 21 4 21 8 28 11 8 27 18 18 27 21 0 21 8 25 4 27 13 8 9 4 9 25 8 21
22 27 23 10 0 17 14 31 22 8 10 27 0 8 10 7 30 10 27 0 7 0 19 10 0 0 22 15 0 0 0 10 7 14 7 8 7 22 0 31 7 25 15 8 15 8 8 0
6 6 16 14 31 16 30 0 7 24 23 20 5 20 20 30 24 5 6 30 14 31 7 14 31 23 23 14 31 14 16 28 5 20 31 5 5 20 21 31 20 30 20 18 30 6 6 27
21 10 6 15 0 23 0 27 21 18 22 21 21 10 31 21 22 21 6 15 0 15 15 10 0 21 0 27 14 7 7 6 15 23 22 21 10 0 6 0 21 3 0 15 21 10 0 15
10 19 12 10 20 19 18 0 10 10 0 14 12 19 10 14 10 9 25 18 8 25 10 3 20 3 26 10 3 18 14 14 10 2 0 8 18 20 26 20 10 3 14 18 14 19 18 26
16 0 18 5 0 18 16 0 24 5 16 19 24 18 5 5 5 7 19 16 5 0 16 7 24 19 19 19 8 0 7 24 19 24 0 13 24 27 27 0 27 19 19 16 18 28 21 5
27 4 18 17 0 27 15 32 32 5 17 11 32 15 11 18 22 27 13 15 32 6 26 11 32 18 3 15 6 22 15 22 18 3 32 26 22 9 0 0 19 22 27 9 22 21 22 27
0 0 0 20 0 0 24 0 1 12 0 1 0 1 14 6 12 1 1 8 6 0 1 0 0 1 0 20 0 0 0 6 0 8 0 24 6 20 0 0 6 6 6 1 1 24 24 6
34 16 14 7 11 31 31 0 24 5 9 2 8 11 8 19 11 24 33 0 20 0 8 20 5 14 0 0 0 0 20 11 0 24 8 31 33 8 0 0 20 7 8 0 14 0 33 24
3 14 32 3 18 18 0 0 33 9 12 18 14 0 14 9 14 14 9 3 33 0 9 0 0 0 0 0 18 10 3 14 21 19 26 31 33 0 22 34 33 26 10 10 14 9 14 26
9 0 13 0 0 9 0 24 10 4 13 12 15 9 15 10 15 8 0 12 15 0 0 0 0 4 9 12 0 4 0 10 4 10 0 4 4 9 0 0 15 0 0 0 4 4 12 0
8 11 27 8 0 0 0 18 11 11 31 18 0 16 9 0 11 30 0 8 12 0 0 26 0 31 0 11 0 0 0 0 27 8 18 26 18 26 0 0 26 30 12 26 0 0 0 12
30 0 3 15 15 8 30 0 11 25 17 18 8 25 30 10 0 33 15 15 16 3 0 0 0 0 26 17 30 15 11 30 25 8 1 30 30 25 3 0 28 28 25 17 28 30 1 10
6 7 15 1 0 21 29 21 29 21 29 7 1 21 13 10 29 13 29 15 16 27 7 0 0 7 26 29 21 16 21 16 13 21 7 12 10 15 12 29 17 7 7 18 6 27 15 6
17 29 24 16 17 35 33 0 14 14 1 12 23 5 12 14 17 37 16 24 35 35 0 35 23 20 30 0 0 17 30 17 33 23 35 20 19 19 10 10 17 17 17 1 14 30 16 0
31 29 32 26 26 9 7 7 3 23 26 4 26 30 26 3 18 15 30 26 26 0 29 3 31 31 8 23 30 14 26 7 23 21 18 30 3 3 9 23 29 30 7 9 30 30 3 0
1 1 1 22 0 7 15 0 21 15 1 22 1 15 15 15 10 2 22 8 8 22 9 2 8 5 10 18 9 1 0 9 15 8 22 6 6 15 15 2 15 0 15 22 17 22 18 1
23 16 15 16 23 24 24 23 14 11 32 15 15 14 4 2 14 22 13 11 32 0 34 22 23 34 11 4 0 0 0 22 15 23 0 11 14 11 11 0 15 24 3 23 11 34 23 13
19 23 6 4 0 19 21 0 0 19 31 19 6 4 16 19 36 36 31 31 31 0 6 0 0 1 0 0 36 31 6 25 36 20 13 36 36 0 0 0 0 31 0 16 0 36 12 21
28 1 35 35 0 29 0 11 35 11 29 1 5 11 21 15 15 2 15 36 29 0 0 5 0 9 16 0 0 21 14 24 21 5 14 26 2 2 21 34 35 0 5 35 22 28 16 2
9 3 4 2 31 0 9 0 25 3 31 3 15 2 3 4 34 3 17 3 3 0 17 4 0 3 9 4 0 21 8 14 17 31 19 14 6 17 14 14 2 7 9 3 0 3 15 25
10 8 9 2 15 4 8 0 2 2 14 13 8 2 6 14 2 8 8 15 14 14 6 6 3 2 0 14 6 14 6 2 8 8 3 2 2 13 14 14 13 2 6 14 8 14 13 9
9 12 20 10 27 27 20 27 19 2 26 10 19 12 10 10 19 20 12 10 12 9 2 19 25 12 28 8 28 27 19 2 19 2 2 10 19 10 9 0 10 19 2 10 1 25 19 20
20 1 33 1 33 20 36 6 1 1 34 20 1 20 22 20 18 2 11 1 6 0 31 23 31 2 0 35 21 36 17 1 33 1 35 2 27 2 31 39 22 20 35 27 9 39 1 21
26 11 6 21 6 0 21 3 21 16 19 2 26 6 25 6 6 7 12 11 14 0 0 12 0 12 6 12 0 21 2 21 11 16 3 11 2 16 0 0 3 16 16 6 21 21 21 16
11 0 21 12 0 9 9 0 9 26 0 2 9 0 22 2 0 0 0 11 2 29 9 13 0 2 0 26 0 11 23 29 2 17 30 9 2 23 17 0 31 2 12 2 2 23 10 2
37 9 18 20 38 33 40 38 21 24 38 29 18 8 18 37 40 22 0 20 0 0 29 37 6 0 0 29 0 0 0 8 0 4 29 18 40 40 24 0 29 0 37 0 40 0 8 20
3 9 3 14 24 24 3 31 9 14 30 9 9 22 11 12 3 24 20 30 24 30 0 3 6 11 0 14 31 26 24 3 6 14 6 2 3 14 0 24 3 30 24 22 9 24 22 14
22 46 22 8 46 22 0 10 12 12 11 16 18 16 31 4 10 15 10 38 30 47 6 14 47 14 0 10 42 16 29 38 37 22 41 14 4 16 0 0 14 4 41 14 14 0 7 12
6 10 13 6 28 29 22 22 22 12 15 14 22 22 16 1 4 22 6 4 6 0 14 10 26 14 26 22 29 6 1 14 6 1 18 12 6 18 13 31 14 15 14 26 22 22 4 31
1 17 24 4 36 33 36 27 20 11 9 33 4 24 1 19 19 33 14 24 20 19 1 26 37 1 33 20 37 34 27 14 18 14 0 29 14 36 27 39 13 33 9 1 26 15 1 20
2 21 14 9 4 29 7 14 14 1 29 27 27 7 11 12 5 7 11 22 2 0 27 27 12 5 27 29 0 29 11 21 26 10 22 21 27 9 26 27 29 7 22 2 12 29 29 9
5 11 0 18 0 0 0 13 14 5 0 5 21 13 21 8 11 8 11 0 0 0 21 23 0 0 0 5 0 11 0 0 0 0 0 5 0 11 11 0 23 0 5 0 0 0 5 5
23 19 31 5 22 17 5 0 17 23 32 5 31 11 19 17 31 17 5 16 11 6 28 5 30 32 17 12 28 5 19 28 17 31 28 30 32 22 0 32 23 29 29 17 32 18 20 20
2 24 31 9 0 27 16 7 19 7 31 5 5 31 24 5 25 25 27 24 12 0 23 5 27 31 8 24 10 19 19 9 24 10 24 27 9 5 27 0 31 12 25 19 31 31 19 19
1 15 7 14 0 24 24 17 3 7 21 8 23 24 1 3 7 7 24 1 14 23 7 17 7 15 8 17 24 12 14 24 3 3 8 21 8 24 8 0 6 25 24 8 0 24 3 0
17 14 2 2 23 21 29 0 4 26 34 9 16 21 2 14 29 2 3 27 16 14 9 12 17 9 0 30 31 17 14 12 14 2 31 31 27 14 14 31 14 16 26 17 25 27 16 31
23 48 40 35 31 0 0 0 40 34 0 15 35 0 45 34 40 0 19 35 0 0 0 26 0 0 0 0 23 42 28 24 45 0 0 35 35 0 29 0 29 40 0 12 45 42 0 35
2 0 16 15 0 0 0 0 0 0 17 15 0 17 17 16 0 19 0 0 11 0 16 16 0 15 0 0 0 16 15 17 0 11 0 16 16 0 0 16 0 17 16 17 17 15 17 0
4 22 21 10 0 22 11 18 16 11 21 9 11 9 3 21 3 24 11 21 9 0 9 11 24 24 0 9 9 11 22 11 0 11 0 4 11 0 0 18 9 24 3 21 11 21 9 4
10 32 13 0 0 0 33 0 17 24 0 28 17 24 17 0 24 14 0 7 35 28 10 32 0 24 28 46 0 0 0 0 14 0 28 10 0 0 0 0 17 17 10 42 34 17 43 10
0 0 10 5 0 8 0 12 5 12 6 0 5 5 8 6 12 6 0 5 6 0 0 6 0 9 9 10 10 0 12 7 5 7 0 12 2 9 10 5 8 7 12 9 7 9 7 0
3 25 9 9 0 18 18 25 15 20 19 9 16 16 3 16 2 16 3 6 5 18 8 16 16 15 0 18 20 9 2 9 18 6 18 16 16 24 3 25 16 9 18 3 16 3 8 18
32 0 0 20 1 20 32 22 35 32 0 12 10 31 1 27 10 10 27 0 12 0 4 27 32 12 0 32 0 12 8 34 0 35 8 12 0 35 32 0 6 21 0 8 20 31 0 32
10 14 14 13 17 17 14 0 4 13 4 13 1 13 4 14 13 15 4 13 16 11 4 11 0 4 10 4 0 4 2 2 14 4 0 13 4 8 14 17 11 16 14 11 14 13 14 16
31 18 9 16 0 16 26 0 14 16 14 29 16 14 14 0 6 0 29 9 29 0 0 29 0 16 0 29 16 0 8 8 0 0 31 15 16 10 10 0 9 13 6 16 0 0 14 0
16 20 20 15 0 7 24 0 15 22 22 18 16 20 16 20 15 23 18 16 20 0 17 18 17 20 0 19 0 20 17 20 17 14 0 6 16 16 18 0 15 19 18 16 16 0 11 18
8 0 0 0 22 22 2 0 8 7 2 4 0 2 0 10 2 10 0 2 4 0 2 4 0 2 0 22 0 0 0 4 0 4 2 7 7 7 0 0 7 2 22 2 10 0 0 0
21 5 6 8 22 22 22 0 16 6 20 4 15 6 4 2 15 6 15 2 15 0 22 21 3 3 0 0 0 2 15 17 15 1 8 5 5 0 21 0 2 2 0 2 15 22 4 8
27 19 27 10 1 7 12 20 7 1 8 11 19 23 19 5 31 7 19 19 8 31 27 10 19 1 27 25 31 26 11 8 15 1 20 10 26 27 14 0 5 11 10 12 1 33 1 27
7 7 24 0 0 0 0 2 5 0 38 0 24 9 24 17 24 0 7 5 17 0 9 0 0 34 0 17 38 0 0 26 38 24 39 0 38 34 31 0 26 0 5 0 0 0 5 38
21 0 5 13 28 28 28 32 24 17 16 17 24 25 3 13 16 13 33 21 5 0 24 17 28 17 0 3 28 31 28 32 21 24 24 16 5 5 33 21 17 21 16 24 21 20 21 30
16 33 0 7 0 30 20 0 0 22 0 30 30 30 16 30 20 30 0 0 12 0 0 20 0 0 0 16 0 0 26 0 0 0 8 30 9 9 10 30 26 9 22 9 0 30 30 33
9 19 18 9 16 7 16 22 9 11 12 7 19 19 11 7 16 16 11 11 7 0 19 7 0 13 16 3 19 19 16 12 4 16 11 7 16 11 19 0 18 19 12 7 19 16 16 19
5 5 5 8 26 14 18 22 18 5 12 2 14 14 10 8 10 8 21 14 8 18 25 22 0 5 21 22 21 14 10 21 16 8 22 5 22 16 8 26 20 8 22 5 26 8 5 5
7 7 24 5 12 7 0 31 2 12 25 12 26 7 2 29 7 12 12 21 25 27 29 29 0 21 16 7 22 24 24 24 16 25 7 29 11 7 26 29 7 29 25 7 12 17 21 25
5 5 20 10 22 8 20 0 8 5 22 14 20 20 20 8 22 14 14 14 2 0 12 22 22 0 0 14 20 15 14 14 14 22 22 5 14 20 22 0 20 14 22 20 10 20 7 0
16 24 2 18 19 16 18 28 22 19 25 22 25 6 16 19 1 23 19 18 23 0 18 16 25 16 25 16 25 1 9 19 16 1 25 19 1 15 16 0 18 19 19 19 22 0 15 19
7 18 4 4 0 13 13 0 17 12 6 12 8 17 8 16 8 8 13 17 12 0 17 18 0 4 0 13 8 17 8 2 12 4 13 12 12 12 17 18 7 8 17 12 4 17 13 4
14 21 0 6 16 0 4 0 21 6 32 6 26 0 20 21 20 6 20 20 0 0 29 29 25 21 0 32 32 4 16 4 30 30 0 16 2 28 20 0 21 20 25 28 21 0 6 6
11 0 11 13 0 31 0 0 0 23 12 13 0 31 27 13 19 0 13 23 20 0 0 21 31 20 0 13 31 13 31 13 0 20 21 31 19 0 30 31 31 3 0 31 0 31 13 13
14 32 0 37 0 37 0 0 9 22 16 22 11 16 24 0 14 0 0 24 14 39 0 0 0 18 37 11 0 0 11 22 14 21 26 18 9 32 39 0 11 18 0 24 22 37 0 14
12 12 4 18 9 18 18 0 12 12 8 7 19 7 12 6 8 18 18 12 12 0 0 25 0 12 13 9 0 9 9 7 1 19 0 12 7 10 7 0 18 13 7 9 1 18 9 12
13 25 22 5 22 13 18 22 13 5 2 8 6 5 8 22 2 0 0 0 2 0 24 8 0 2 6 5 2 13 2 22 14 12 0 5 6 5 2 8 2 2 0 2 18 11 8 24
19 11 13 7 1 10 13 10 15 13 13 14 20 7 10 11 1 19 10 14 19 21 13 13 19 2 4 11 0 7 13 20 13 12 12 11 10 7 20 20 10 10 10 13 19 10 10 19
11 4 20 9 27 4 20 30 18 8 27 11 23 12 9 16 16 26 12 20 1 30 11 23 26 9 27 27 11 4 4 11 0 23 26 26 4 4 19 30 18 27 23 11 23 9 1 4
29 30 12 19 30 29 29 0 16 33 29 11 12 29 11 30 20 20 0 24 29 0 20 29 24 0 0 20 0 16 27 3 16 0 30 11 29 12 29 30 30 12 11 12 33 11 11 29
16 10 22 1 28 22 28 28 24 14 10 4 4 23 16 11 16 10 25 10 23 30 1 28 0 4 28 11 28 1 22 16 10 25 15 14 24 4 10 30 10 10 10 24 22 28 10 15
27 25 25 11 27 15 28 31 11 15 28 21 26 10 27 27 16 19 7 5 11 0 32 28 32 28 32 5 27 9 15 27 27 15 27 27 26 25 31 11 19 11 25 26 26 28 11 11
5 13 9 6 20 20 12 20 9 18 2 2 18 6 2 22 2 19 20 20 2 13 19 2 22 6 6 20 0 13 0 2 2 6 13 20 3 5 12 13 20 6 18 20 6 2 2 0
5 23 28 30 15 23 23 0 5 22 15 24 11 15 14 5 11 15 14 28 23 30 23 24 24 15 15 15 15 15 18 17 29 11 30 13 28 10 15 32 13 14 13 23 28 30 20 23
9 9 9 8 9 7 9 13 8 9 18 6 11 20 1 7 19 20 1 1 20 0 8 14 0 6 18 20 20 7 18 9 9 14 7 11 8 1 0 18 14 1 18 20 9 2 1 14
12 17 4 19 0 1 12 0 12 0 3 8 16 0 12 8 8 20 12 8 4 0 8 20 0 20 1 17 0 0 2 8 12 8 0 8 12 12 20 0 17 4 12 12 8 2 0 0
30 27 23 14 15 15 27 29 15 25 11 7 11 30 8 15 8 30 16 12 11 0 14 16 17 15 31 23 32 14 11 14 1 32 7 1 24 8 15 32 8 31 17 14 8 11 11 27
7 4 2 2 29 4 20 0 12 13 20 6 18 12 18 2 6 18 29 29 13 12 2 2 18 13 20 12 11 12 20 16 28 29 26 29 18 12 20 2 10 4 6 2 6 12 16 20
34 16 27 1 0 11 27 32 7 11 5 16 34 20 14 12 26 33 2 18 20 21 12 11 20 9 0 34 11 11 1 8 20 7 18 12 14 18 14 14 11 7 26 11 8 18 8 11
16 20 15 15 5 20 5 0 12 15 20 15 8 0 12 15 12 8 12 13 12 16 20 16 13 15 20 5 8 23 17 15 20 13 15 15 8 12 8 0 15 12 0 8 4 0 8 20
12 12 13 6 8 21 0 0 12 14 12 8 8 16 15 13 15 18 0 6 14 0 16 12 12 14 18 6 15 6 12 6 9 16 0 15 12 16 12 0 8 6 6 8 0 6 15 8
6 6 6 5 0 16 11 0 13 19 19 19 9 11 12 6 6 19 9 6 13 0 7 13 19 6 7 5 11 0 13 7 9 6 6 6 11 19 0 0 5 9 22 13 7 0 7 22
24 9 9 9 0 26 0 0 6 8 9 24 25 18 20 18 9 9 25 26 20 0 26 28 26 8 0 25 0 17 0 26 6 0 0 18 25 25 0 0 6 26 0 9 17 18 19 20
1 1 1 6 1 2 1 1 1 1 1 1 1 1 1 1 3 2 3 2 1 1 2 1 1 1 2 1 7 1 1 1 1 1 1 1 1 1 1 1 1 1 1 3 1 3 1 1 1 2 2 1 1 1 8 1 2 5 1 1 1 1 5 3 1 1 1 1 2 5 2 1 1 1 1 1 1 1 5 1 1 1 1 1 1 2 1 4 1 1 1 1 1 3 5 2 3
