227711393 11681881
296150005 9928609
243438164 11190766
2871764100 39907840
282261747 2525509
291924336 2078514
2965174620 124313752
991137600 33037920
95967922 4585038
1269356916 26251776
10328139360 342936512
859875660 8978500
1244552251 66707129
5908783500 196959450
17004667440 839685088
11024888070 110838588
15286641480 2106816
278585434 1321536
3753689400 125122980
16479680700 561252600
5744635350 80093500
48002572 1648404
8345295930 265948224
13012381530 481300224
16669003350 511486012
16492095420 540263672
5890320900 196344030
754670770 16789504
13229457960 270383488
227366828 1148398
291156150 8725652
1972214440 70436230
17733173970 594854768
15724082850 366051648
2268094680 39166320
12823450500 51929088
135609045 5306571
5566345770 48300288
18241851750 864244668
449745520 16062340
14929412670 203621436
235683000 8127000
2960641710 126269516
1588932270 9443404
2558548620 83887864
16601760000 581435392
120815705 5600565
14417349390 66847052
115552224 139776
851405490 29358810
277569940 7824224
17276268720 62958048
10987859850 78168416
16909542210 271590400
3983717605 108932581
7633987740 891288
245233216 9415604
15426250350 505912332
15969910410 178701408
9154876950 466890044
223536642 7229254
16837934310 343428412
15700997400 378801648
16860999630 318842188
16857335970 323124032
1829606295 63436805
12201490230 14420316
1442951790 8893650
5920426980 259656416
21462216 7154072
2090950575 69943245
2859579 953193
13270246830 319952972
294578520 3310180
10642180170 230154464
14922914340 216032864
2890814400 58820480
1992008070 19234876
3255635670 121248556
13643286840 76712752
1224535350 19198300
14655035280 525527936
4853837100 100528504
16231843800 8511856
2941597020 101434380
5093356650 3066936
3775720050 850288
10656509070 202390604
13752166350 499127628
8285725770 305627360
635726560 22704520
17605253310 585651260
5528547120 38400480
8543797860 440467168
189955125 7598205
17162188350 1001918524
2187942510 6028300
16239057660 289912
18665307 6221769
12727086360 75302384
735256952 13664768
15908085690 219595328
12604106700 254339192
14027528280 350205168
399949960 15881028
17700481020 555629432
416725563 14369847
118534525 4741381
17693591070 560193596
11955221640 419694848
11343170820 285025280
16465183440 573046784
178063898 7109616
17350832070 23594108
17110613460 872433664
2972906100 99096870
3272994000 109099800
593673960 17041664
45201063 4575137
16468495740 586354808
4723283070 8521788
14592456600 437795056
17991165540 343966432
12905670570 23556096
413972100 13799070
5416918950 211025980
16019622360 63442288
17077402620 880845688
12243926100 557568
16954111860 828572800
17069575710 883728444
6737373750 62906460
3484886910 80743996
7405850790 184553276
1450210950 17104444
16083635760 9180128
4067277390 152381920
633837600 21127920
11980942290 406197872
17542184190 38273468
267132876 10053220
751318200 25043940
17522841090 41703808
17524151370 34504928
16270486080 64228864
13275096330 323085920
535501920 27961280
95983413 4289103
5832565020 76939416
1442867595 49754055
6005196240 66349568
15617988600 500303600
18015144030 369326204
18014055180 376682616
2450792040 36991556
3520157400 117338580
253170888 8587296
10937113950 12709244
730539870 25191030
18010883790 377218892
944658000 31488600
600997620 20717568
10491929850 227418880
16100405880 7874800
15466358460 506044152
5060292210 7733616
413439225 6383121
10588874100 251627136
14225872830 24019260
66358172 610596
453897454 14252944
2506911408 101275392
15829825740 268499320
2840767560 71552192
271096140 524356
394507430 15283008
17800486860 591880312
9955869780 410026496
1313597376 4238208
16738713540 514883584
15309492690 839792
7534765140 61735424
9463034310 285911676
14159101620 141975040
613192295 29941853
16734524670 513100220
295987865 13983247
4130260590 135789580
289912348 501282
670063821 28499561
1905858000 63528600
16980591960 820046064
106832516 284910
16871913750 321389628
15318968430 1096204
17384485770 8145248
346954846 83972
10280960130 338223104
6536060940 213389432
17388222630 7996
1214181570 41868330
16762514520 358617328
10155678330 5946368
1970787244 59262940
1581996570 27948544
6377043090 51712048
17248491150 196684
4070997870 15768588
9469459440 295076320
17370189810 50727792
1331779236 45287492
4660019970 8667520
3869829900 128994330
12303699390 404011324
74107716 1174764
16868528250 322068480
13334629890 252576128
16907957430 271064540
2920961820 37618328
7416933270 152166844
10105075170 12644352
6070011180 14664056
17370198960 50731744
17236804770 3749696
12925235100 31672984
369085080 13181610
948441460 16748032
156539416 7115428
6080594070 4456636
17674215030 598811484
9918629280 423739392
301917375 12076695
2558508615 88224435
16690181940 532564224
17350619790 23654476
451742100 8200
12369389070 411173196
9352731060 45674496
16579139370 604758016
573006951 26874091
2201207400 73373580
383359875 15168653
16035241410 50979840
11781629670 447738684
207863088 2585008
16182591180 130060152
15384162180 503846912
6501682560 243422976
3883443000 126407984
14200057020 4226296
486081000 16202700
14988294750 155527804
16659176250 536502336
13331961750 252095932
37045431 522653
16761191430 360598588
966963390 1321076
16175953770 118476928
6258169950 177911932
16523333520 540150656
17842699470 566722892
727174290 12304432
281669775 11266791
7073279400 72323584
14329295280 705248
943566480 34046608
28499160 1596552
17882485500 521012344
1405403100 46846770
16811578650 337634048
40904595 581093
16919859750 290594364
5118288570 167854912
8783057550 288747596
8232450810 286696192
2186978100 5118208
15913970970 229864192
16358779920 1572864
16273767270 55643068
504592400 19407400
16597336890 585330752
79074714 0
