16216693230 132905996
3469643834 120688982
1254705300 43265700
17977232 0
17592496380 574640248
216488580 2097232
8078452650 61440
9091773060 159748096
16759368750 352822860
1363290580 17115136
17248178220 606840
10714801890 497102592
4621453388 247432572
17819818980 584198880
15552999810 503727104
15552999810 503727104
17106990060 878969016
16519470390 543097180
14832464760 303499760
936789162 10254518
236907600 15340772
5584643940 156703200
17840214330 555483200
16666792710 530271036
1019386860 184
16283250330 63640448
1583248986 48263264
12662284230 226571388
14857563210 310911200
13953554190 324383052
9551941200 285147904
17555515740 576737432
11839329570 516600384
1910549210 9988080
2143940820 49607168
16978416090 814130688
11331771750 279765948
16471453020 580948120
102021010 7847770
16831620810 365052256
10781596890 424548352
15646723260 445267192
312449464 9473200
14604225330 445845872
16046245200 55918592
219826155 988943
14125144140 134373496
11304204 0
10039885080 46216688
16998848040 839757184
4534620870 73703724
434795653 267179
3592454700 1722488
15845887650 277315904
14499348030 474873916
14064713880 177135856
254604636 9961496
14082708270 134547788
11536511 1648073
15259368990 3264572
25517116 4061948
6388367130 50867456
137448466 3068014
15390450060 503343352
470542085 1005453
17726882430 588542012
64781028 2491578
16607251830 572772444
17538740 0
2445312654 121872908
1246096135 35839477
7794174960 251720160
163857278 6525358
17363036340 51779584
5293493100 176449770
803403354 30460598
15175697730 5059584
16621183620 570773504
5539969980 35051768
9291949440 46362368
10446463500 269190776
5941245060 238555648
1784037870 39691092
15761542950 331350076
1006143444 37930554
17329296630 16802908
15485582610 511492912
254484641 14404679
8558209110 437256252
6218889000 205422976
7068041610 67109288
254847052 8808836
14518422120 536841728
17274083700 63062656
17274083700 63062656
1279983 426661
16759253460 352749568
16584512250 623508224
1441474530 29364224
411766712 3120558
15591120540 511183256
15238711950 262220
13141118370 407403072
14644770810 507097088
11541923460 235882496
16642633050 546050816
17339579400 27477504
13297552260 201328640
474386376 16431250
9817280220 136894488
10307248080 340418560
234912510 11188798
462257277 8853015
5825336520 81948096
14861148180 314230976
15686952150 401081404
11896383480 465692400
13036189830 520620092
16105707390 229436
1066998656 36593688
4822842960 101500616
11381818 126306
17059971870 882377532
369547018 8487032
3506709450 83048144
563064750 22522590
12625080330 247219296
16835072190 362386492
13574273880 86499568
11577954330 237252608
1200740126 19915312
157216614 3606594
184914369 876867
20410600 0
15284948730 3261184
17019179340 854072952
17507706990 33602060
15026060460 178270328
12045217380 35089120
11370218220 292145336
5413107660 267357730
16621474590 570884924
15439880190 505637308
16289212470 58742876
1178860228 53052832
4746024480 137904128
17315200140 44964088
6060588510 3206268
16054981620 33556480
15112895790 49996
16880243910 318963836
15866932650 235146240
6125931 680659
17251567380 561856
15269847570 2665520
15121582800 7796736
16809580290 335847808
12935056710 510641020
9647328120 205883888
1944252520 69437590
2442511905 117027395
17308066800 36323808
525111729 18107301
510862440 19486720
9095167710 162924156
16723752 0
17240276280 4912
1934059500 64468650
17265264930 75328
935128085 18120433
17655735690 587459424
17301928980 62976192
467281626 20534576
794318700 27390300
13154354760 407867584
14990642640 158360064
15569295960 509256432
16706728800 517510592
16635539970 545710464
15835434690 284168704
189168576 11823036
10532224620 190976696
13621187760 81987040
16468614690 586228800
337896849 13565167
9955965 663731
489176556 18424638
840347950 31967268
1463072475 50450775
15920066700 160982264
8825248 0
349249194 10653806
17238777510 384828
147920062 6651898
3494587110 98571236
695560666 7680096
11900321640 453107712
6199747200 205527040
16274462670 56386892
17339006610 27426864
573669825 5856703
15173379120 5505504
6512191200 217073040
742548240 26519580
17013923580 847257720
303409766 3010866
17263129320 66816
643760964 7398304
15749682720 321994752
17552042400 576534528
10396746060 351395448
20992244 0
17905653300 520362496
15479688180 507791360
711360520 27360020
5770010137 68321367
5894517840 218440448
15923909700 161867904
189007540 7647150
493147008 16793728
17229204780 1064292728
102926351 8035189
11917197900 441319544
16737611880 515133440
17383587240 8323584
7158140190 6635580
13262710890 333098368
15616374540 499363960
15405168750 505350668
15373751310 503779148
7105202850 20677120
16981807080 819998720
17126400870 889775036
16298933430 413148
126765719 7456807
17460482010 56702976
8495815260 428189336
2121552990 79364924
15305898570 980192
17481259830 39552348
17263449570 53248
1598179020 15203528
17290668990 63242556
17725502610 589074480
16421605650 558901040
2119464936 108784578
16083859020 9535608
16763343510 360579260
366310020 12631380
3084820370 59861376
1053484740 36327060
17551625160 576484800
17304518430 59852604
8571227730 486571120
16962643320 822330864
17997036180 347603904
17046221250 848318464
1391782860 25173960
76065600 3042624
3568985760 119185468
15482535660 506092728
459134750 7353628
16546669680 604103264
1274323280 32404324
8009470 362046
17436430320 64474592
16147195320 6225968
3280448010 100731832
10150245 410595
214616079 7929141
16086078810 11621120
3208751280 12771808
16322020710 31599548
160721982 2280290
2360435 337205
583663326 32637072
16745345460 514719744
14632678170 513330432
1249828167 43097523
7198106400 239936880
15690516990 402127292
2195238720 71876608
15052364880 75614976
653009385 22517565
1209106353 41547387
16270079820 64239736
16433423790 539744332
2977130010 112896512
16761275610 360251392
16451901300 572548224
217460100 8698404
12730038150 71888956
15416996040 504673728
9632018 0
172571672 6163274
11970383190 414556732
16439565270 539040060
16480518840 554631472
2336688900 8585256
4865931000 162197700
2969717930 118342848
13660734060 484070072
6110911680 2402176
338009742 4510102
15638281470 466698684
3350676390 133629972
14788279410 397635952
15210826410 3541504
15289375500 1153144
1200140004 19497552
13130196930 403028992
838823904 29624320
1405128190 46464806
6137014 0
15548792640 506822656
17197249320 1050809728
5235609870 122876236
15774731760 304327136
1861791402 22531098
17298785040 63832064
21621096 1029576
16707034410 517050368
7245960030 250285948
23885796 555984
2759087115 95140935
226053700 7057832
17480000790 39324732
