17891048070 520635964
17660301540 587410144
17969560560 463602144
17414010990 34605580
16875537150 320208828
17435315850 63599712
17221897590 1054363740
17562193410 576094592
17684543550 574503996
17402994390 36042812
17266339140 640
17189449860 984089088
17705200590 559736140
16606523490 576495616
17511024780 41469176
16639355520 545652736
13944459090 323027056
16848998490 352014336
17332103850 32287232
17681227590 574770556
16280887800 52437232
17678811990 574783548
17507264130 33657344
16253598840 3808496
17689076460 581855416
17236953000 3724288
16075774080 43679744
16673457570 508897856
17010367890 845704240
16980055770 822018048
17786104890 602057792
15757205850 334110464
17183958030 988454732
17987683050 351818752
17244860430 35660
17916027570 437231856
17793095490 601203712
17131577940 889597952
16660217520 534161888
18101717670 285233980
17229111450 1064208256
17487395820 42926264
16918132230 289408060
17125452930 890328064
16838829180 341919864
17705868540 559581304
16023307980 65128312
15315705540 607232
14371112610 7729472
15248074230 2097244
16724955600 513708544
17716910760 591570944
15475792110 504464140
16325053020 31835800
16830409350 366224956
15754050930 318767216
17662358460 588531960
17783268390 595927100
17131363830 889315420
17689460760 581837040
17125242480 890436192
16735152360 511707392
17173559970 980540736
17323080120 21303344
17951375850 437073152
16338291240 1048960
17999138850 380824128
17097732090 886818816
17442341220 64735712
17700850680 560332528
17489331960 43111664
17325933090 19196992
16958147010 825495552
17995724070 346754108
17811840180 573308928
17044632810 848151552
17668604250 600907520
17781021150 600155260
16993370850 856022784
17700973290 560454656
17653865430 587209020
17096888460 886080760
16701974460 507495672
16291170570 6061664
17467756260 53797088
18031354170 390357056
17901374760 521140096
17733558270 602974652
17464085280 50663168
17003186970 840142080
15240710310 1101628
16382654100 537410496
16842650220 339886776
16517656860 538632344
16975361820 816341656
17300034930 63897712
16424542800 547620608
17460632070 56763452
16232061570 8568320
17270200440 62914800
14173805670 2956476
16650119580 546579096
17403757500 36194552
17501644200 46801408
17655856470 587399740
16400624700 542900344
17720828790 593187420
17653938630 587219580
17451121560 42298608
17725112820 587685376
17066759340 881989752
16817279100 355342456
17307466560 38797312
17602720590 583831756
17149001370 981255040
17652289800 578864128
17265466230 12892
17611317930 571392512
17445095370 44640352
17586922200 585279344
17614438080 573213568
17766377490 543459376
17139101070 982186316
17369102790 52036220
17393752890 122944
17745855870 536886844
16141103250 15367216
17370780900 50344672
14893061550 234494028
16911245940 269222016
17459889090 57089024
17424383430 44892796
16969802280 819870080
17375634060 63799032
17896834530 521928704
15837630690 284419840
16874325690 319555392
16382780370 537417328
16920954090 290726912
17325261480 19415040
16811564010 337633536
17483051400 38973440
17297357640 63638976
17476878810 38012416
16984740570 857979904
16975400250 816379968
16861775550 320260156
16800862170 339621888
15986380410 167849984
17067619440 882377312
17513627040 41418752
16967668500 818349760
17912116860 436398200
16447880790 572790844
16105149240 66864
17488676820 43729408
17521920600 40239856
15785633070 312386380
16550907960 611859760
17042967510 851315004
16231900530 8388720
17844536790 566241596
16648697670 545791356
15701513460 378632192
17313981360 47336160
16990276320 857474240
16475888940 558539128
17605831590 585632828
18073092810 281313632
17887283760 523615200
17908778940 520176888
17250191220 13440
16687985940 529629376
16666318740 530442432
17932283460 439080064
17930786520 436458352
17266846050 99328
17436024060 64882808
17427928140 54738040
17513279340 41533880
17935088850 440318320
17389077240 20720
17299132740 63370880
17704505190 557918140
17024371050 844585088
16610234730 570429568
17369177820 51968024
16998668700 839647896
17527476480 38084608
16978401450 814131200
16907018640 271002496
17117303940 872813056
16766860770 352577536
17353564260 58198752
16494166980 538157056
17804196270 587406412
17433837210 66782080
17943570900 440010752
16763630820 360608480
17924822550 436809020
16377989430 536871260
17928636270 437865484
17791393590 601098588
17131684080 889356768
17029491390 850936892
17314943940 44662784
17610726840 571928624
16221751350 3856476
17451299070 41951676
17692004460 579317944
17539506900 37757184
17133122460 893682328
16368713160 3277248
16644849180 546583192
16626669960 570564608
17247102180 815840
17270377950 62930044
17564495550 573483068
17099664570 886817088
17932863570 438537840
17496436020 41355008
17323610820 22874112
17812266570 573262048
17562122040 576181552
17894916690 521201776
15724994190 365492300
17180660370 987097136
17660967660 587890872
17662078470 588661820
17202311100 1052882168
17188393950 983622268
16825902060 356593848
15641330250 437310688
16938081060 295442528
14727596610 485501184
17446987590 44047740
17080511790 887149388
16820466960 354355712
17945164830 437093436
15844839060 277418944
16610933790 572408892
15899629260 219322232
10769180340 506224128
16984050660 819858144
17851258380 541755000
17308315680 36247552
15834342180 284166240
17574059130 577806336
17297663250 63193904
16825951470 356631308
16809970080 335558656
17561788980 574920192
17238341970 18544
17588311170 585339904
17628876780 592201912
17326452810 19118304
15938081220 151125504
17673259770 596271872
16610370150 570426556
17407551090 38087024
16817385240 355406320
17291267400 63914432
17346787770 17863744
17678888850 574798384
17326381440 19083008
17860595040 548406208
16473266550 581870684
16728050130 514330736
16449740070 572800060
15722371800 367142768
17420394030 42926156
16557027480 612942064
17268580890 15872
16933493250 296845696
17384646810 8273792
17466193440 53092352
17501190360 47972720
17493434820 38850048
16684413780 513290240
17793563970 594158592
17039583840 848360384
15633410010 457318400
16742715750 515396540
17381135040 137088
16928107560 298209664
17514128460 40909944
17371985040 66978176
17765409420 544931576
17881724220 523765880
16391542410 537429088
16353000780 4079224
17026817760 851034304
16910325450 269222240
17573427780 578798720
16645400010 546275424
17489234970 43086848
17503424790 47289404
17087667090 880804400
16729935030 517881308
16328597730 29230848
16772694810 363711744
17183888490 988668288
17908685610 520127488
17753011170 552678400
17483397270 43159740
