16985317020 858360216
86207796 4079458
13272415380 322965952
16597946280 585139200
16180252440 121450992
7841621370 197002752
17585509440 585230336
5315227680 113317888
16777235040 361853888
16982813580 818955512
16029112740 65540832
17373480150 65143868
3293617530 68175360
204251859 9726279
13890704670 471838524
16034913840 50996192
740656665 25539885
53448724 0
16189466490 106743808
14493535950 500064076
2096016120 44175600
2367265500 78908850
2869391700 95646390
12420063600 423932512
1085349880 41066518
15837974730 284424544
17514611580 38431352
2705182700 109184896
394549456 14091052
3546325890 40960
303173160 11475948
20660560 0
271202093 11199711
94245165 4487865
16496615520 541803456
3199689000 106656300
16945821960 834786304
17480019090 39321648
14548249290 471966048
16293044490 7675488
8348181840 266403840
953380063 37531345
9967391460 521240800
13888823430 488034364
16372649490 828464
16974402900 820597760
290468981 5996317
13583046900 68583424
14178411780 158720
17448356430 45345484
15112888470 49340
16524136890 537107520
17141017080 981483760
1067515900 39328234
12057787650 34897792
468835938 7262582
17151559710 977334332
11424937050 195087360
923864 923864
16325554440 31458304
12612566790 237899580
13397331180 175081144
298806300 9960210
16663626810 532661312
15528296640 507643776
13843842030 524538892
3864519900 129764992
16604475720 578750912
15735042720 348143616
4696442460 1208984
14479690170 472908864
11835579900 514051960
168288540 1210492
12048202110 35721788
14611333050 451551808
6997578000 186031676
1869151020 31828856
171040175 6970563
15965988720 176658528
6774079890 36832304
17062091010 882384768
923315190 10491156
17992031130 344032384
16568666280 611320832
9580880820 268749824
2300568030 109388924
1352157320 32518368
14446878270 63438908
11563958490 236908544
429796533 15927507
15920337540 160632832
2577336750 85207116
15927999750 163593020
1479771139 51026591
13962158850 378143104
1266393125 44633627
2144451780 23835264
609885000 20329500
35293116 0
328177512 12622212
3575186820 17941504
1988366080 69143040
12127710120 487424
6432927630 9540940
14702708610 490964992
15277077900 2289912
16142759400 13899776
1867246160 473088
15919131570 228584688
380188990 14392722
14119269840 154106368
16654076040 525840640
15380330160 503824864
16700041980 505166968
17002478760 840171520
14384398410 65132768
11167188870 312524860
16383237870 537249548
17665209600 587874304
17174301120 977279360
16404169410 541073920
17146777920 973458432
15383512530 504510576
1040656246 52180878
4132731090 134785392
3149132080 30574368
13522477560 115089648
17136114510 894697676
11922270660 440407552
2936807790 104726540
4175795700 98883602
12810025620 50791360
8167178370 2105344
6567188970 241204608
4519866330 183776120
13501174530 81957248
7237556670 237266236
6903965010 222879600
11691798630 143769788
17386661640 7880704
4765817700 158860590
1910434914 15184
108196641 5152221
11274183480 268440880
16801769850 336477696
612335682 11160610
16228319220 4640768
650714268 11539912
15365496180 503807616
7630223940 25088
12621233670 242287676
319056134 10375470
28134172 1263920
12408287550 411046460
350552500 9107156
9936993330 411340144
12232415400 1573888
14167380540 137592440
14920257180 216476056
2900443860 34078976
15579968520 511245824
14130564600 141250800
123832592 0
16792435020 364912248
11194463190 310421820
4174992900 139166430
3497476 0
9989821770 512328160
3590844300 493816
12874670370 23995968
11922213930 440576256
2031952245 104980531
16717970490 504892480
17488188210 43688304
509202929 18124905
9996958770 486968688
11426269290 193596800
16267506840 66515184
83795965 4214829
3779857680 1241600
15542568810 503353472
316282056 11053072
16484806530 553924608
36348052 2796004
17950321770 440156544
16009798920 197009408
15302324580 1518048
10424589510 313061500
1361316040 59122112
5671681200 189056040
1799404040 64264430
470397972 270472
16667909010 510132784
15852047430 253717116
4796283600 134248448
6178325220 201519328
16481717490 553812336
90770295 6051353
3655304140 35758824
2008762200 66958740
1287218930 42410624
17444685450 44811360
1946835900 64894530
16343406090 15392864
15837568470 284393788
2213850600 73795020
17152602810 980681536
39358800 0
617070225 27280525
14301052890 71350272
16278583830 52459836
17467384770 54213632
3457373400 115245780
9351933180 45615224
16506365760 545720320
16647131190 546402396
15054928710 76235132
3539188890 33948544
2701967550 108803132
14420963640 52753200
9282636570 36965632
17308672530 37399600
17322878820 21387744
16191924180 106996224
7859224140 182706296
4638114870 32621660
11999827890 125010160
4121291760 139112928
1812697801 3753201
13451511990 101493212
403679745 19222845
6286586190 134879436
17003831130 839528192
17452278120 42205184
11651875350 164008252
17005833150 841007420
3465035460 126927872
16391793120 537478080
17002244520 839546368
16047921480 55603648
13745858340 492713056
3746961669 91285089
47484162 0
2419774 345682
16942502340 834027008
2432282670 660756
16393140000 551814912
16714195200 517865472
10668200940 204325048
9493051800 276738800
16145253690 4945984
32320705 117201
16683248070 511709820
143474377 2008781
14921439360 216727552
797609970 32424312
1242821440 44386480
13426770390 96616764
1857186000 61906200
96077193 2714397
13375193670 188400764
16151407980 3216312
148317445 5937713
13876533150 491343932
16322975970 31678208
16256907480 64831856
15863274480 235053536
16660513980 533992696
184980040 6606430
18090754140 270646424
429812581 11630945
15890471940 201327360
42159601 2496785
143408546 247710
14680547310 533889036
145310743 6623405
512901927 26507801
13931456 497552
16660556070 533987388
3956864430 67131468
15188222250 4585472
3886946930 86655048
4925397450 178708728
135037942 0
17380838580 45056
2682363640 34625024
236699614 13986182
14068825890 176362048
1077070260 2756672
2838111860 131509888
1450634840 58985728
976632642 34553936
1481817510 50813940
79527999 7892619
16554694230 610277436
11868058740 483263616
12509598180 357655264
11100236490 92447072
4479909540 109215968
8226602130 286990384
7204837440 240390174
5964432990 219160188
641845660 21757992
18001525170 378013424
16359105660 1656952
1545021420 50917560
4682516530 241453200
5958119490 220231936
909283810 12603904
