117558883
361620566
881862584
213554192
141896903
672490034
826374636
441778372
648604163
357528897
276169137
653209748
765587453
750678600
176936632
168849806
287294862
316599330
483054308
14136
562934724
83579328
43930
569234746
845903135
4
16973670
247835572
156047204
50853029
438190351
483054308
495784744
6328144
4
417657200
522
230884554
437243667
329385900
609065763
533614374
279496068
513530946
437502
734638428
866967589
189036688
202447110
284937376
279496068
775174316
823382285
53608878
431428154
193750407
66
345486515
509633110
607070086
522
671434289
4624
811739959
85799037
567275052
843551280
853711396
653740630
247564833
2
807913910
128869105
804523730
94269951
347934986
315334583
272945695
747974707
692573101
462093728
63749466
551103652
215491782
24
16498499
117558883
666695469
232903696
14136
31776195
13863433
437502
310504049
400797410
467854442
801076937
711596538
120480670
40670550
88034931
152392905
213110029
14611576
748653125
843712965
521703083
301023135
232595775
540747207
552340230
99716780
17626879
309180484
454357143
25106475
148357090
624539838
47633486
268164949
552750455
173355335
384109663
521401604
381131180
879947791
180
853538016
160961507
602503263
266660159
10
1399068
95217735
441016676
289883814
349193381
766517754
794272942
788353016
20851427
564945467
755024516
173625303
487077180
597103299
662753930
1
299460721
761679650
575678738
329627251
744655517
137908
4507352
137908
163739969
704768076
248579648
503374711
54365921
534772612
512266348
875792097
621379067
287294862
93152084
25582862
151717645
381765197
767388237
650562524
554124285
738087278
313175412
419891529
787480130
713315384
421995496
519011547
365411901
488572932
122518947
684887920
389435507
11718656
653144723
325699961
831500883
809979884
285828836
593329797
513477502
359163730
90149737
1532
282370768
342404978
310189456
342522620
643048757
170532721
504638532
709160791
642098397
270368247
284937376
658710147
16326114
472305548
154126338
130851979
880955156
827800632
120480670
487867216
248579648
308926659
376587446
219568240
821298977
527243338
591472835
862757228
146081908
412768397
321123257
490807691
419211450
471483047
488292804
243873870
880216974
