232 1050896131
15469
609
20
15343
18812
23
22505
19565
15762
9798
20897
20183
15
20680
3775
14113
1515
5
315
21711
7173
15222
11404
4
213
908
15283
3543
6196
369
18445
757
16449
478
1
40
42
21363
11
274
114
8679
8947
32
5465
26
894
5548
6026
22489
28
9
16568
7978
18
17
12354
25
27
12536
396
14838
8825
382
18347
50
1
11881
5778
6369
830
901
261
754
999
11194
5561
260
20883
6860
412
3494
12
47
17153
901
3
955
161
10376
9788
35
15304
10
33
16734
3939
653
6045
14911
413
8732
7544
16739
919
34
36
2262
216
30
277
14867
1775
21384
16072
374
23147
43
48
676
8
994
947
757
449
15319
15331
22603
49
609
6089
39
13858
13893
2
21719
22
6652
77
14105
5353
31
995
2420
23297
41
29
7459
12846
16
472
104
7926
10161
1347
19
6
363
245
7536
20981
13454
9412
3737
15716
10212
74
99
8748
8953
17998
968
15044
686
503
6971
431
38
20418
542
787
17161
15530
1207
5325
23298
15425
45
8222
19327
16751
6014
21457
15053
11498
12810
6653
18240
1899
4127
7897
3706
2532
10697
44
17499
254
20374
22140
46
21
12800
13
37
1984
18226
2102
5413
960
611
6576
14
24
22185
10708
16532
7
14805
5076
18616
659
15928
