413646369
77614340
556229064
454000244
956466355
460439371
1008436831
338754280
297159814
4507352
711008575
834547901
532381771
86932832
237326772
293901148
740650737
546036454
1
72976268
281367349
42787913
395808034
857353980
323037324
302296795
1011216075
135644599
146498118
406499606
658674439
496544330
322552097
170430601
1021445545
694439020
250706018
102200901
651065624
10
574251626
258471110
729979591
4624
677307505
38447542
332795215
678391134
626827910
38447542
319424772
683737290
402687699
760226374
251053966
297792941
113846535
620338650
369922382
593979203
24
777748972
95445270
870142740
868531374
166189704
826018789
104115618
156047204
2
764995697
667397314
880719979
586929692
971632910
1532
1399068
951635108
697951593
849748578
1035309849
529561038
110686392
648956696
344018525
335550819
450703994
802077406
379337388
186503900
923189995
568294169
426516509
204572642
250706018
294776035
43930
473118124
24762741
505603610
221586553
1009335935
566706186
656810241
981777141
26547008
633737980
895351879
482510285
720836736
899410606
13639392
738517266
809212882
977403416
947194486
679468381
503459209
761833803
702958989
268880995
713410002
522
135561773
482623569
146428660
677529581
876716328
510939126
549873052
809704651
14611576
985290232
406131530
113782974
375321662
179301211
959691644
584063904
328365650
450618275
56682274
727425416
437502
157399577
904820160
66
479836186
453660739
78156070
80060050
298086281
311420778
910504241
413819956
39740503
218835109
135252922
245583078
137908
961750998
180
1003395448
696017394
221231608
323769776
4
25552364
968420664
930949795
675707855
513477502
482401694
171565438
379053831
415505062
381646209
526911680
1009799
481570318
917147955
708741076
629401447
871732187
443884858
687910198
370813224
821206192
328365650
164749558
12821398
968220762
59303024
209475087
442924102
560055666
919140907
870816401
877468160
266151929
706105758
945775544
20635462
760125986
466785381
134721968
1035309849
572080137
981777141
876674438
85877463
447189962
448981272
714229501
885514749
505598658
47633486
86297156
435447945
442441734
464946665
991023469
924883595
201266343
76210072
531563743
14136
312123382
835926037
194470995
26701731
26016319
549250879
