233 1039495487
996
20153
1897
640
8030
135
27
5842
9169
16
20950
622
39
22314
45
296
334
18228
1
9741
22684
103
231
14970
4010
807
8433
3340
630
420
3762
189
8673
10782
2146
16421
402
46
864
4
619
21029
8122
10
36
24
21245
624
610
24
8519
22721
761
954
9934
12360
2364
20064
15568
721
5
19213
374
25
4856
698
8538
6629
19
2
35
1260
20875
20286
11360
9
15
14796
10900
13899
23
17366
705
617
7745
48
21610
10855
393
2445
10314
11163
22
3862
402
596
12
21541
74
22368
33
6157
4571
21
14064
10530
29
12195
20466
7749
496
8110
2262
6366
13926
865
21671
43
3356
2134
5085
20677
8
940
11092
19845
710
11297
975
19357
12613
17
12193
169
17087
3413
6125
12133
22533
234
30
42
291
14
22957
7353
6
251
3588
20257
7175
20301
28
515
5121
14107
255
571
17350
13
14291
7
730
16797
3178
11525
3
23022
7510
19665
21936
20
399
3115
22327
11271
3273
659
44
20589
10106
47
23282
1500
9374
21025
49
50
234
451
18916
2741
13715
81
5527
11004
416
7154
8516
5634
19442
31
17133
34
38
2519
23
32
14064
772
16091
4306
7625
9828
37
8811
18
22420
7883
210
889
919
6107
6150
5508
41
11
440
1987
84
695
40
26
