816447558
851254164
242778290
135635073
460403411
732213650
884156671
34157397
241915703
437502
663201127
10
931783124
891002319
383916977
266781753
848802426
571688641
543690388
1038485319
45622417
702209420
690724196
537243141
548672815
1399068
531822557
985027355
906778629
928246296
42904322
645718391
799951388
507887519
4
324314880
679717051
215198411
838056024
984676198
387467668
895259602
254974270
377670718
33228161
909168798
583465866
312427399
65845826
834631769
899326784
354749650
494770490
1532
72203520
774792922
973560747
479565011
283050994
43930
848942487
647988169
422723276
371841659
4624
391638853
442319194
879254343
1
421000724
522
895234704
462536733
433665432
401900698
593744801
936856314
982044907
909014996
652689691
723417759
142362123
456693599
855400031
43415868
156047204
975508840
745625492
877398858
462536733
415488069
601420995
509277842
153449280
470200116
68186676
783311965
664266896
911783354
406032409
108944711
369309274
405066887
126464380
356003201
600104835
961379883
2
924217961
180
631864089
714827882
570636881
1008355524
308402122
981235565
679717051
422387740
1043282677
745745753
483784555
31661347
936822574
586844699
44204381
344674170
319394421
194857056
831583859
787504842
930934228
875338913
70969903
286196934
490895259
1016064346
1021200271
308316845
987483512
507518695
820987104
257580106
86738870
14136
666783393
630909032
237122060
849491468
47633486
183735460
82748274
72523847
369804856
786481535
507408184
388713209
194204926
649249581
137908
83326148
555522313
4507352
272303865
524624450
400764283
925220747
779561053
859231225
905183590
123962601
31449007
966277656
990937437
558232501
961527678
759506699
431343993
44511205
1532
592549509
636523582
767814286
14611576
293394542
762115546
194482270
972347595
609262008
814739867
40042662
153024376
1017791467
646781751
513477502
498296095
283660531
462353511
135058349
601420995
696207434
798539760
116128835
227763633
35135764
595378277
66
879534887
369309274
464503929
715305048
24
194204926
176418541
146870505
546978085
487741106
11114998
78586031
465667850
651561603
622737478
308465868
61755814
1044751015
371598003
555980946
92782304
645021898
837334019
189972801
47935560
309924750
486878135
