231 1048536547
5
19
765
757
379
42
2005
648
795
6
3252
6589
4042
922
4456
2765
5887
715
5792
2397
918
41
2947
1039
29
725
963
667
6603
6046
688
14
1168
1475
1593
433
12
2174
47
6220
2185
334
5724
6364
49
4608
3417
752
4014
4210
40
5139
378
2774
23
86
3
50
38
1706
6275
995
4351
4090
3587
44
256
2011
86
465
6520
33
5093
3144
4208
8
4
734
15
859
5730
3982
46
6131
4146
3151
32
372
728
270
2082
6438
24
922
31
6249
192
1849
4967
1668
530
6378
1228
43
5555
1042
392
3632
9
5
20
3175
4332
260
6666
681
2618
771
4523
847
3800
26
5664
4779
6011
388
2606
1151
5491
2458
6393
30
18
27
3600
3184
1605
774
4402
838
300
3223
5165
363
3143
3782
1574
11
429
6614
2182
100
6535
39
850
283
795
6115
3175
972
3235
3633
2
22
2905
897
15
10
16
137
5783
1176
2965
34
6273
83
48
13
36
17
1179
390
160
343
39
6027
25
3904
4957
433
314
7
4616
633
3539
4080
1023
1183
28
3019
451
349
45
5060
4185
5543
5214
6507
6102
4794
762
21
554
5479
5348
1042
747
2904
4641
35
6021
182
6076
2033
126
1
1057
298
4150
665
37
