727483615
217941062
599115095
88109933
419227715
233089898
683544764
31866962
555326371
371883549
731433758
361979816
116907831
189018524
29369012
41666597
589145089
513477502
279331170
26931550
275528195
697683535
43930
10
478026441
513477502
662017173
431159689
470721893
589765928
591847852
158137483
564935181
147180997
56519926
429864715
237618062
4624
481821638
539632408
656822959
71641670
527550508
259997874
58077208
422935598
612928399
550968744
428768570
242698545
384497779
2
342914124
544644091
71864299
221692797
511316065
106547584
144467680
76213139
341942738
380304151
294224976
69876681
298510526
671337548
669573002
74450468
645317154
665352519
357082601
504105000
116360712
476060527
353959982
336871224
522
40719965
47633486
2
164539036
557892300
1
224625232
204212618
418171717
428022541
688047511
660959981
616421742
178996619
504105000
673306260
302029942
732466520
150038420
146319260
355564433
575982890
709724307
14611576
499874089
543898359
457249949
548818008
737945305
480314260
359164866
441563233
262965892
601483523
14136
317461308
233101237
389358793
477067902
718294192
180
651058322
211742470
156047204
374411886
40885509
397091392
256036029
624854954
685934383
652365135
151934681
463281150
459985166
654329382
122886061
731631145
26736969
675022147
136869743
386983024
635251756
467394784
552759739
480314260
56828019
46116634
421677317
2
103059071
218771535
547808047
59528498
342194347
4507352
149692403
1399068
316933851
292348289
568719765
209624917
359164866
227644336
4
32056867
386305681
678488549
437502
310084697
340743110
590950620
307845596
235941423
235702898
558806926
721372385
201580528
738286979
654103109
604292374
68989127
341303804
197135090
15685313
546420333
66
431905856
56402599
499066390
153708531
28657977
24
523786747
23906936
554654811
216056955
148772718
592515470
129301149
281755686
457616273
721004810
188102391
585707144
448544415
156222015
456416801
613582078
434266198
306768916
471984800
451825040
715547464
229727747
120185843
407959103
562121643
1532
236573045
626168037
152884659
726769094
479749117
293423354
137908
354001417
277746396
429085599
331305880
466650785
645186465
120565817
228494951
321488544
291544076
402290301
