233 742281629
18651
495
23035
14518
15695
2917
20556
2682
22456
12270
11460
2577
12647
653
962
37
20070
20
5402
7885
4484
3687
12
4
1082
20
42
10035
12581
1331
7005
26
16201
146
24
507
992
10
15906
18046
34
17570
15622
774
407
43
6733
21878
18346
30
12087
2
13329
35
392
29
847
45
47
5032
313
297
19847
23333
17698
40
9948
15132
17980
2791
13955
630
19821
10304
27
793
8
13203
18
2
435
3630
1
17927
16749
4284
22
976
10922
988
528
630
3867
18082
228
9518
21694
664
268
18572
17
13272
23252
10643
41
327
467
32
9900
15675
708
11
44
31
19576
17321
10481
7
960
21
19
12534
13862
702
13052
485
2699
9928
20946
17283
128
13306
120
287
660
212
549
23261
50
600
20548
467
21919
356
247
2
342
23208
8198
6336
6525
16
23
15
23102
10370
862
8109
32
3935
3
18494
7695
28
14
22638
3015
9997
84
13667
15335
22312
17807
1774
15447
14688
21617
935
944
23282
18053
4745
6
561
5399
697
19961
6928
5
2773
14089
49
13261
18793
36
17395
7985
39
6450
25
546
311
46
9976
14339
13055
195
2467
20600
7325
12984
1441
48
33
9
4365
22629
6377
1575
14662
18427
13
17712
5826
2212
38
11822
151
22937
19483
652
7773
21606
