78326566
653310320
592590459
522
26456417
823265225
66
576041592
699722398
839540387
120704659
804248372
890960835
180
377343842
387862742
328650648
862771726
272558545
2
505833144
787041510
432302578
641435859
303573630
193326499
398157818
47633486
286598752
631458350
471144300
758652805
237552779
835889817
213181853
689956188
795541282
860956703
645525538
69563100
755676195
7534114
837653035
324757391
20004968
749586079
247071119
487093262
801394869
217257542
11907001
711372389
235683720
124408370
789822752
85512656
44180353
44222985
582949891
419101999
800689113
610984479
4507352
180753931
519631028
761082177
552377115
169722815
523083844
66547326
342012495
321286295
485026150
24
260582110
19688756
497956429
756877521
4624
241561749
602255818
156047204
291476648
769321229
402768896
140475399
835720478
24312391
463362866
192967517
590773198
732110536
534854689
241364238
1
925974978
424427999
352813766
693181401
192937077
582216141
4624
10
754908991
437502
502623126
538755582
109345457
115497892
99746760
7350922
43930
908641916
164123755
699089690
159004932
389519383
433822694
93671665
648435983
454373457
461436019
235999668
610291234
245237832
844827524
220174020
354136751
65335340
584432108
336596941
482667906
625178328
891327591
609716963
826645334
157107918
66317163
213640700
132298733
119092091
778316015
1532
1399068
260583664
893887177
742529057
935729329
422000367
881517108
173951316
799472993
765766990
820225560
648739826
180258920
324741333
65457095
323429852
543257374
117120902
144079905
328342709
483985514
288870954
760352545
712083054
383762632
4
889755316
799086714
1532
165723495
358497357
547100644
451315612
586193598
908158087
14611576
515072890
374350483
219042528
14136
867371281
829801296
426831185
560277567
724860034
815540105
80679566
640633072
47633486
469694652
211041616
137908
701732710
155775024
239407220
128626231
488409308
277446089
190925786
445926587
513477502
737894841
894785248
772601617
296397812
163687561
96375398
355521359
90389162
915557961
573061774
367741898
615264388
349031283
587809861
280849142
358815479
694368693
518408370
358497357
906644624
320782154
397169481
80246475
271276990
15212968
737364340
671616734
43117490
418972542
