233 937652923
568
573
1970
8
756
878
6
113
5690
5491
808
37
991
7
40
90
4648
1557
6306
2
5569
959
724
970
182
3974
4073
18
4014
981
619
21
3919
985
862
46
921
4725
50
48
5179
3110
6652
692
6442
879
6325
989
5476
6171
6494
220
5841
6576
123
1646
6365
74
4927
917
2330
4749
16
291
1293
2478
421
1306
24
419
4469
5104
5779
5
6584
1405
794
993
10
6635
4455
19
957
2656
31
3752
5334
3419
4532
6099
4899
946
60
3825
1
5446
6304
3955
66
45
1913
10
4
2999
14
2351
1522
799
4567
841
38
12
1517
5464
1800
3623
6146
47
4063
189
887
5619
5243
25
165
5754
1628
4192
6005
387
987
300
71
23
640
6632
36
2832
6211
624
4709
2311
9
15
5194
947
549
22
3638
872
1560
171
6660
3821
4353
217
247
2229
3318
2122
342
4962
3829
44
413
6571
2570
29
3
886
739
9
428
30
523
6062
28
5930
17
43
5146
4397
11
3349
34
289
153
772
27
5826
26
18
405
3629
13
6483
2648
5643
1107
39
6013
2912
6642
20
41
206
614
49
489
42
4892
412
590
6202
32
33
6362
351
3218
35
3706
4042
30
5581
2725
204
733
6640
5187
552
6409
246
914
