180
374696635
526512525
336568702
76066309
522
466374748
1532
231996850
260745249
193612591
106228566
505564782
559467678
389574590
207615409
24
213671401
103463445
350706290
513477502
67423546
121533717
93084649
85567650
424514003
210496888
417881844
361645729
940723
10
285862697
12715288
4507352
457515327
12550557
436719896
234308342
450167518
4
9344777
331386502
297911912
39185395
482614616
157638848
593755227
288090993
362692648
405630164
250248465
335314962
137908
488070799
156047204
428272645
333899614
574039577
112150941
325058759
474112256
180344510
584071889
452604911
519464506
566247365
328970144
146156645
587639835
293187332
79545393
247643382
222203618
580216732
113828014
134623563
1399068
131149959
491771321
182363405
214120842
329474947
261727071
215162760
258268333
401720662
487608621
238656507
525266380
298000124
106228566
505564782
88316099
443401547
35367750
141895475
437901546
391760276
227525699
120601662
461596166
43930
226371683
374068935
436595673
181825252
520115106
658427
77031119
48660490
67221580
17562361
591801098
44001968
126003184
533605436
571359256
45657693
28965395
385024333
76298918
498174442
71574765
451619662
325058759
463928568
448747565
460621876
101535532
362119817
152191141
322355666
168350980
367029572
241493058
267463834
429183358
2
343921287
107775794
196952049
489647570
189669684
66
130119496
534993202
351482917
574379328
101172531
367233795
24311596
237695646
74253296
474258249
415163078
113930738
142385614
196004338
464254831
548767884
154350793
294972331
391303443
24642765
499778239
256929403
374510955
236591994
199812227
265659687
22311387
510894788
44015691
274303927
306754432
451069864
509299769
377972563
14136
1
466606372
255522707
450937468
332648191
389269925
250248465
417363166
17409089
161278453
594065247
449763171
450165721
55215000
41584532
280369213
350454968
422336058
47633486
376776196
16026699
142970554
393531326
313719158
178607303
398418916
526568719
4624
569407855
375693452
257811294
216293010
98076853
276763892
358587993
250824582
128570212
478374652
30839061
578922415
196890948
14611576
370029099
83848619
437502
7166889
28052973
584117215
397312574
270915018
459170430
390312796
225112913
163966063
