233 595370473
7
17481
759
23322
8182
8
752
9
6350
346
4004
10578
21
20276
25
1560
5
7906
6143
999
20
18434
6854
910
46
7919
15702
13201
14326
7579
4
510
16180
16
11789
4619
15427
2282
10952
3
22556
32
17879
20173
27
661
3986
150
856
564
23
824
13
35
19
49
6379
42
4277
39
10581
491
13416
6599
1335
11105
14122
28
6385
14555
19662
22531
16294
10504
5390
18812
15
30
456
411
9621
524
9708
16983
678
11897
23229
3786
17660
8759
10578
21
237
5094
483
556
19010
388
5096
1803
7676
12
781
502
10172
16034
8662
959
11392
7607
47
4039
1001
11278
33
9036
22310
857
7745
17016
18692
1292
48
132
39
368
8398
14471
898
954
43
2986
452
3632
21797
947
14060
2
371
29
2100
24
18388
6
736
17238
50
2658
641
38
13852
41
179
8178
887
874
22523
13377
17100
6180
44
11945
2368
15596
11155
10845
19444
45
36
22
5480
10385
2634
11084
608
37
2463
719
11
1
14569
13060
277
822
14229
23
124
5799
610
432
7846
17410
7339
19982
740
22977
618
18
5959
765
924
19429
10875
23051
6311
19759
10
26
40
14899
340
7890
911
22487
13750
1914
22806
558
82
1831
17
201
9322
14
15929
21017
6633
31
11708
21625
2118
17474
34
