115524505
14136
72776043
41812739
218491411
9176000
289743420
431748772
42457976
538810574
357589534
44026986
526802376
467419023
312869448
517841532
333118527
260983441
14153458
439538518
291263928
80136981
435672803
251210718
210135553
301068246
34958700
140521940
298973098
341350135
231948309
47303182
142143441
522
102425017
401647456
4
128478476
521541810
61828237
25060601
446906422
87539354
508317643
126587891
535055630
229322185
202421477
170177779
382681050
407338255
2
425368629
181513723
77567359
240266786
12281568
183495807
192639078
351227344
218393614
1399068
129706462
90200848
24
320110005
251898433
77567359
470880188
192680314
302581414
143578581
424106528
305662042
411523633
2553248
4624
431116670
320003017
299385481
512246982
156047204
437502
239034693
85474982
43930
33410104
257058271
44909667
163292902
298057391
466120894
538792102
141292693
519262518
10
305905382
294582989
484618568
484684844
124951419
342695319
111378501
501761655
25606845
200085691
33386723
174865912
161316502
333382287
423000084
277606777
480424379
258320352
251597281
76063447
47633486
461081238
473345074
308065745
14611576
260449444
491201380
363122141
385428415
66911639
181131771
349717611
313452250
515586695
253581227
25452695
136676573
125886788
193509711
183495807
239453704
89977361
201972150
510764869
453637880
530625017
150202369
353294029
20065275
390496445
419509308
172537971
212878858
47633486
12864204
5726677
1
187299965
470880188
436203079
206910935
353452674
313417293
229263277
530528853
46204810
192639078
361240974
130468304
391464935
254444318
408402816
374455290
124322172
41554653
178313371
4507352
1532
167242622
513477502
237548473
11763868
147243430
522457559
541659396
22171565
518915844
5640946
351718660
42260639
146132715
79536058
193404581
47328146
435093531
180
312105632
350000938
66
241128641
66356063
66
256954754
151690525
474481669
236557499
3351304
429537047
362063390
182309138
9802798
13094374
253021086
120951593
259509755
206796748
532527371
508193038
407841540
448860359
237223833
137908
355591020
214775089
175490498
134419946
20065275
270901036
502958562
12742137
83824702
168905193
37930912
