229 543131363
18466
11
8306
5463
390
2462
23239
616
41
924
246
45
8094
22126
6355
934
5809
37
22486
2712
16365
717
313
21949
9287
10394
9997
10110
18468
3367
7021
8719
9105
8
753
10152
3
16631
79
39
105
47
14037
18584
930
22757
3025
21559
21131
16382
12360
2
7300
9055
13011
23
49
21447
998
13993
33
15
512
1680
5
4696
315
13011
44
22
10811
17641
29
138
10666
513
10
15388
18498
40
42
19
14
6319
5703
12
14502
8990
50
3842
46
17011
258
2975
9277
4
12014
23333
17440
859
429
21422
289
28
12533
16805
26
806
10981
8871
6077
231
13600
5972
765
8316
18
17724
13943
12464
17
966
24
1434
36
21
882
19571
17761
10637
187
229
8558
8648
406
21447
9482
863
208
48
17188
18953
13671
16202
226
428
1877
1131
31
18
141
15395
1
17119
44
316
21856
11355
1550
200
2548
171
998
15622
35
16049
247
453
976
773
32
7088
16
9
3448
20
279
3668
19595
38
27
156
6618
18265
12666
4704
2744
5499
14303
15201
867
7
6371
43
6
2659
1796
6
15093
5966
107
262
15684
11014
22000
6456
30
895
17003
19026
982
25
300
21451
3665
15852
1574
13
34
8146
8816
1314
226
22679
9026
615
6529
4452
914
