664723414
477081388
59194624
541132511
376397154
126229053
578295637
475415321
503083191
202260041
466682574
443569287
205014862
23183730
588310429
1
155504378
293537962
586717494
249076318
243464083
33
29175877
29744339
744163836
303969664
521532350
422544658
198643496
744606691
308395049
457604339
288462450
501364185
740704694
377755409
261866311
125671776
519212561
586962083
439196600
544041368
592091654
702913885
622798859
575368091
693647116
281682112
439512544
18401167
65144019
141596007
5
699534
504872705
420592805
2
473743238
514147845
311675412
83225343
210610923
266909583
207789548
368685287
154761897
523854459
78475816
593527428
437145325
38314697
640823976
688624873
78023602
91234982
616657852
202230799
253001052
277523340
27631713
383433240
525738474
254390464
539734786
88992197
376280160
210338133
54554984
249055409
632456138
435563723
23816743
14397772
290192781
433449500
204796873
553034646
266635843
385389534
422598403
169514579
401784645
256738751
656975351
26610990
293324869
85944543
492976950
641226265
230738221
583993343
415500197
472138215
385389534
1
551369161
368774189
547283265
7068
241372130
199145061
487780520
278933977
602556141
343445721
602556141
284962636
487451822
552043454
496825299
215916171
469611564
363781681
27254077
251395152
265239581
339279976
186038783
388640047
547074561
327281215
673741290
141157792
495242510
443705769
27811776
494850075
572884018
369968344
482054666
354815428
2253676
157371448
225055656
261
218751
671855606
185218588
334128518
2312
93248295
634828758
6710389
300262587
11871501
21965
294511736
269201109
660290631
7305788
282294305
720904067
203849839
345433102
454687434
12
271568343
301390996
68954
222727373
676430205
503312934
520408338
606763406
118127188
184232027
180659977
493527268
515942121
210610923
144267487
176747666
626935209
463525823
288462450
115247084
630102757
722605113
745707164
11591842
213930738
655683775
59091852
452865725
90
264152216
352895783
324666378
484724050
139119961
361702525
29562851
393718809
766
632033759
503015070
184593227
729979326
205014862
398558494
315298939
21633613
107047543
330520318
238732132
499619968
68954
120656677
627051469
117796088
278172397
