231 754904569
943
5373
3525
6104
2373
191
904
31
584
143
814
5659
29
4855
37
1
203
917
44
39
1173
6
5344
1607
223
40
1795
30
5870
872
50
2868
308
1599
3943
362
607
81
41
103
33
26
5906
6625
465
638
553
6572
5271
3319
443
3134
4
15
4928
1877
3
6031
135
6479
5859
5578
4441
25
2098
6544
4501
4463
36
2732
2019
6299
5425
19
5226
49
424
24
4721
832
1957
1940
159
1154
851
4210
1475
6339
508
113
1892
18
6634
5845
3466
270
6265
1530
320
6636
679
5278
20
5105
1587
6404
3562
4161
548
888
1702
6087
813
320
2
53
4914
22
11
6345
32
4835
38
43
4875
43
5465
561
27
6469
288
3695
2293
5752
2948
2815
1710
372
35
355
3210
1174
46
4321
678
4154
300
3889
309
1277
3187
16
5945
684
8
14
5009
2664
5831
10
21
61
239
5071
4669
12
23
577
5264
17
45
994
2492
4714
5744
5
5412
774
13
569
5518
108
467
1544
184
1769
2195
564
3391
5578
1015
48
480
1416
308
47
6295
401
4008
528
1002
661
206
778
7
249
2143
5485
6078
931
916
420
2384
9
2460
28
1733
967
29
442
42
6658
3831
34
5527
237
13
2558
57
4562
2896
