328720159
529756233
546073938
513620563
14136
71337505
169430903
14611576
586324440
132636078
1399068
189492705
374377177
665226196
625053559
192455955
347175763
648736289
129056735
389678707
269692167
543828879
395585103
1232453
79116070
71791185
113862981
547580058
106211466
610140391
662824985
501548617
47633486
197170057
494468882
52181923
453629523
11907218
199889407
256670294
173940641
522
18403609
53002363
429491611
82659141
312075167
267295019
535092511
290641173
165216371
430160858
351730136
504395779
479574404
305640713
632155671
180
311012790
669984852
256898868
672328064
302857431
283729369
300365953
404678902
449953214
2
84548665
346204841
1399068
305226219
514386616
327322713
270104646
473822177
460485498
443820424
662348426
92221432
183095014
525902278
171821645
27809466
61348880
305339656
319271032
203795887
43930
179848538
592046270
259603785
538205460
445594631
3490160
615061655
521317105
563875568
309642778
223064111
627084986
207967064
4
41042477
327475024
209829369
293322300
237783261
553589983
423497795
333193480
19239277
361919570
457411562
413775498
336492219
354075975
4507352
206446490
500268628
180
335942372
229865200
509842771
163204632
333164465
497214982
599901025
225221163
235648665
424327756
585793372
43138540
343425995
1532
456689359
512519111
489888470
212859055
203795887
202158194
342246079
55434729
216599402
453436965
421017403
484543593
504395779
198059342
157549239
339853079
267435280
495275880
183385708
47152716
179621943
111649002
556072628
477633945
156047204
239895467
469726824
347773542
356626350
66
590232741
221438062
66
513477502
563298195
332680427
437502
152314919
71328555
368378036
47633486
91150602
128762819
166797750
215367715
65295951
493580838
24
352992052
606912912
496687514
439101312
324747366
1
485133441
205821772
226441118
154873564
593448450
241509096
314614317
4624
223469159
169115612
207471069
612006161
598373250
515373532
10
464334795
579634422
489735602
110251142
43365515
85801053
137908
487149084
300680894
375696206
595589890
616173154
235648665
24442576
343482148
268660510
126609107
120414331
474929454
341857139
19795241
255565587
566109220
55027159
119266080
