229 674266093
44
8932
494
972
11
17418
13586
17
10478
8857
15
14665
14425
769
17912
274
16059
7159
3800
7567
1924
191
22636
79
9901
21291
862
539
17554
20560
9311
23
18
593
476
16434
4079
13308
2701
6132
17283
8
14667
31
255
14823
21500
772
14126
34
18269
21408
352
50
10589
843
8664
7
3112
10130
7762
10412
244
42
43
12735
2901
2
30
29
15
691
763
14509
14900
5823
15142
859
10612
11019
16404
12064
23157
19530
14796
10561
8234
21949
12
41
17545
7662
10817
184
20810
2251
264
46
14686
20318
9719
206
3
11135
8689
17823
23251
3117
17268
13816
49
47
303
22174
439
7767
187
16
5515
13156
7
8952
22
1531
22885
4858
5653
845
19209
664
447
564
472
13000
9
276
328
48
958
21949
35
12664
32
1929
19906
25
15807
50
27
28
10403
340
23318
20278
1992
825
615
4855
520
19
533
19950
21
7424
6
8628
18336
6
20
936
12008
14
3964
639
20751
18
20592
856
5854
19708
12921
14949
5
6567
17248
20308
946
979
1
20523
676
9884
4749
18252
26
6913
10
256
33
38
3139
218
17692
4
211
7320
586
223
37
17228
13
12281
39
24
2213
3373
664
240
5890
19175
36
562
45
20649
21872
40
12825
6017
10503
