31467305
340092602
136341883
251657712
75385613
501858565
133044156
297567987
44338888
225487367
236760992
79571543
229128523
375745650
161917329
284851359
206744112
179553436
171219412
540471851
10
270671742
10
377739318
214988101
211420210
12847405
107697279
500077762
561758592
229615440
458945001
46785035
395364380
484037541
517749079
4624
48562203
7823960
180
10968315
75244992
256011453
405957429
137908
265136737
371967308
307381081
25327890
165385736
78218995
488030071
545202635
53857474
514763915
396642807
115271685
178536060
534672142
281369305
220208006
328463886
86686637
224593116
52397828
70968063
454682651
265136737
179553436
8031708
513477502
179064524
181972824
191132514
339117734
30861425
469769096
294943671
459032956
158669232
162150798
145201036
357662373
249919967
314022390
279535214
446216628
224593116
10499183
173687038
497895469
328304192
484145159
481935286
272531248
457423296
47633486
426885408
167849877
516413776
368343017
260779911
24
219549167
276993259
456305362
287394035
286517774
567727724
484050322
173687038
219438806
58527913
41285023
14611576
479142606
131889705
1399068
573206444
225735547
156047204
27897139
152873603
437502
235573358
233629998
97109354
558204427
494548774
195745671
298015860
210394717
120595752
68034990
138573805
9868117
252729244
2
203093989
513248642
270749466
49951528
17351403
102380198
339568412
337898159
245478065
51541547
68628735
121547774
540784602
407496211
429896511
301356944
553574362
358311485
13157545
567693848
82256842
200063508
462117461
118105495
80400758
75979936
43930
566476495
115579449
277928017
81090363
389455068
450159514
420039635
486772872
294456710
461342541
305103782
307401457
387529758
176646010
1532
293123665
79962171
574421643
522
142151372
210509227
397789383
396273694
469610848
48562203
14136
324107448
280360474
533132910
431635680
339585157
216733561
114526554
78244053
145802697
146076358
180921124
9982760
170885465
516295773
319786832
267241375
438213293
373683761
139408712
30740718
507143928
568763179
331457371
115876906
547856332
50563024
1
239388088
562219079
62577066
449367020
118709170
401639279
66
555810416
4
69104326
4507352
139322208
65323591
276658087
310160683
