232 830874469
806
5833
2327
3624
15
1336
2355
4840
23
8
1647
2756
25
572
5093
4619
5
3523
507
19
3985
47
27
39
887
473
159
32
2640
642
527
48
3164
1511
5038
782
3259
6651
309
5184
38
606
1901
5224
5042
2859
4022
21
950
275
970
4018
106
5340
5126
3422
716
610
5664
190
5323
529
1567
246
6140
26
49
443
36
53
4808
217
927
516
86
3962
949
11
10
331
6
2993
724
6280
42
40
889
4295
888
965
1197
17
306
4099
6271
9
3874
498
6306
20
293
3747
3538
2420
2853
230
1144
230
654
220
2656
14
6457
3854
1347
4282
2900
111
4032
1292
16
1842
230
5895
359
615
198
2085
4737
3643
43
3706
6584
13
758
373
6002
44
3888
12
434
74
185
5404
6198
4426
1
653
619
34
50
3550
1308
839
470
6640
121
2643
5572
2883
84
4790
45
6307
46
1041
3522
6611
2
4049
1740
4868
37
2130
31
10
6017
5671
3
18
5504
808
4990
136
5149
820
2513
1419
4455
791
2456
1953
2535
28
3443
832
5830
467
5193
1866
777
332
5858
11
5651
2782
35
787
224
4241
6375
6346
3975
33
9
29
7
662
24
4
41
5700
155
5375
972
93
30
5671
2435
22
3097
2754
