207 3317121
103 1
103 239
102 103
102 240
101 102
101 241
100 101
100 242
99 100
99 243
98 99
98 244
97 98
97 245
96 97
96 246
95 96
95 247
94 95
94 248
93 94
93 249
92 93
92 250
91 92
91 251
90 91
90 252
89 90
89 253
88 89
88 254
87 88
87 255
86 87
86 104
85 86
85 105
84 85
84 106
83 84
83 107
82 83
82 108
81 82
81 109
80 81
80 110
79 80
79 111
78 79
78 112
77 78
77 113
76 77
76 114
75 76
75 115
74 75
74 116
73 74
73 117
72 73
72 118
71 72
71 119
70 71
70 120
69 70
69 121
68 69
68 122
67 68
67 123
66 67
66 124
65 66
65 125
64 65
64 126
63 64
63 127
62 63
62 128
61 62
61 129
60 61
60 130
59 60
59 131
58 59
58 132
57 58
57 133
56 57
56 134
55 56
55 135
54 55
54 136
53 54
53 137
52 53
52 138
51 52
51 139
50 51
50 140
49 50
49 141
48 49
48 142
47 48
47 143
46 47
46 144
45 46
45 145
44 45
44 146
43 44
43 147
42 43
42 148
41 42
41 149
40 41
40 150
39 40
39 151
38 39
38 152
37 38
37 153
36 37
36 154
35 36
35 155
34 35
34 156
33 34
33 157
32 33
32 158
31 32
31 159
30 31
30 160
29 30
29 161
28 29
28 162
27 28
27 163
26 27
26 164
25 26
25 165
24 25
24 166
23 24
23 167
22 23
22 168
21 22
21 169
20 21
20 170
19 20
19 171
18 19
18 172
17 18
17 173
16 17
16 174
15 16
15 175
14 15
14 176
13 14
13 177
12 13
12 178
11 12
11 179
10 11
10 180
9 10
9 181
8 9
8 182
7 8
7 183
6 7
6 184
5 6
5 185
4 5
4 186
3 4
3 187
2 3
2 188
1 2
1 189
1 208
