2927 13889888
266 1
266 2801
266 2802
266 2803
266 2804
266 2805
266 2806
266 2807
266 2808
266 2809
266 2810
265 266
265 2811
265 2812
265 2813
265 2814
265 2815
265 2816
265 2817
265 2818
265 2819
265 2820
264 265
264 2821
264 2822
264 2823
264 2824
264 2825
264 2826
264 2827
264 2828
264 2829
264 2830
263 264
263 2831
263 2832
263 2833
263 2834
263 2835
263 2836
263 2837
263 2838
263 2839
263 2840
262 263
262 2841
262 2842
262 2843
262 2844
262 2845
262 2846
262 2847
262 2848
262 2849
262 2850
261 262
261 2851
261 2852
261 2853
261 2854
261 2855
261 2856
261 2857
261 2858
261 2859
261 2860
260 261
260 2861
260 2862
260 2863
260 2864
260 2865
260 2866
260 2867
260 2868
260 2869
260 2870
259 260
259 2871
259 2872
259 2873
259 2874
259 2875
259 2876
259 2877
259 2878
259 2879
259 2880
258 259
258 2881
258 2882
258 2883
258 2884
258 2885
258 2886
258 2887
258 2888
258 2889
258 2890
257 258
257 2891
257 2892
257 2893
257 2894
257 2895
257 2896
257 2897
257 2898
257 2899
257 2900
256 257
256 2901
256 2902
256 2903
256 2904
256 2905
256 2906
256 2907
256 2908
256 2909
256 2910
255 256
255 2911
255 2912
255 2913
255 2914
255 2915
255 2916
255 2917
255 2918
255 2919
255 2920
254 255
254 2921
254 2922
254 2923
254 2924
254 2925
254 2926
254 2927
254 2928
254 2929
254 2930
253 254
253 2931
253 2932
253 2933
253 2934
253 2935
253 2936
253 2937
253 2938
253 2939
253 2940
252 253
252 2941
252 2942
252 2943
252 2944
252 2945
252 2946
252 2947
252 2948
252 2949
252 2950
251 252
251 2951
251 2952
251 2953
251 2954
251 2955
251 2956
251 2957
251 2958
251 2959
251 2960
250 251
250 2961
250 2962
250 2963
250 2964
250 2965
250 2966
250 2967
250 2968
250 2969
250 2970
249 250
249 2971
249 2972
249 2973
249 2974
249 2975
249 2976
249 2977
249 2978
249 2979
249 2980
248 249
248 2981
248 2982
248 2983
248 2984
248 2985
248 2986
248 2987
248 2988
248 2989
248 2990
247 248
247 2991
247 2992
247 2993
247 2992
247 2993
247 267
247 268
247 269
247 270
247 271
246 247
246 272
246 273
246 274
246 275
246 276
246 277
246 278
246 279
246 280
246 281
245 246
245 282
245 283
245 284
245 285
245 286
245 287
245 288
245 289
245 290
245 291
244 245
244 292
244 293
244 294
244 295
244 296
244 297
244 298
244 299
244 300
244 301
243 244
243 302
243 303
243 304
243 305
243 306
243 307
243 308
243 309
243 310
243 311
242 243
242 312
242 313
242 314
242 315
242 316
242 317
242 318
242 319
242 320
242 321
241 242
241 322
241 323
241 324
241 325
241 326
241 327
241 328
241 329
241 330
241 331
240 241
240 332
240 333
240 334
240 335
240 336
240 337
240 338
240 339
240 340
240 341
239 240
239 342
239 343
239 344
239 345
239 346
239 347
239 348
239 349
239 350
239 351
238 239
238 352
238 353
238 354
238 355
238 356
238 357
238 358
238 359
238 360
238 361
237 238
237 362
237 363
237 364
237 365
237 366
237 367
237 368
237 369
237 370
237 371
236 237
236 372
236 373
236 374
236 375
236 376
236 377
236 378
236 379
236 380
236 381
235 236
235 382
235 383
235 384
235 385
235 386
235 387
235 388
235 389
235 390
235 391
234 235
234 392
234 393
234 394
234 395
234 396
234 397
234 398
234 399
234 400
234 401
233 234
233 402
233 403
233 404
233 405
233 406
233 407
233 408
233 409
233 410
233 411
232 233
232 412
232 413
232 414
232 415
232 416
232 417
232 418
232 419
232 420
232 421
231 232
231 422
231 423
231 424
231 425
231 426
231 427
231 428
231 429
231 430
231 431
230 231
230 432
230 433
230 434
230 435
230 436
230 437
230 438
230 439
230 440
230 441
229 230
229 442
229 443
229 444
229 445
229 446
229 447
229 448
229 449
229 450
229 451
228 229
228 452
228 453
228 454
228 455
228 456
228 457
228 458
228 459
228 460
228 461
227 228
227 462
227 463
227 464
227 465
227 466
227 467
227 468
227 469
227 470
227 471
226 227
226 472
226 473
226 474
226 475
226 476
226 477
226 478
226 479
226 480
226 481
225 226
225 482
225 483
225 484
225 485
225 486
225 487
225 488
225 489
225 490
225 491
224 225
224 492
224 493
224 494
224 495
224 496
224 497
224 498
224 499
224 500
224 501
223 224
223 502
223 503
223 504
223 505
223 506
223 507
223 508
223 509
223 510
223 511
222 223
222 512
222 513
222 514
222 515
222 516
222 517
222 518
222 519
222 520
222 521
221 222
221 522
221 523
221 524
221 525
221 526
221 527
221 528
221 529
221 530
221 531
220 221
220 532
220 533
220 534
220 535
220 536
220 537
220 538
220 539
220 540
220 541
219 220
219 542
219 543
219 544
219 545
219 546
219 547
219 548
219 549
219 550
219 551
218 219
218 552
218 553
218 554
218 555
218 556
218 557
218 558
218 559
218 560
218 561
217 218
217 562
217 563
217 564
217 565
217 566
217 567
217 568
217 569
217 570
217 571
216 217
216 572
216 573
216 574
216 575
216 576
216 577
216 578
216 579
216 580
216 581
215 216
215 582
215 583
215 584
215 585
215 586
215 587
215 588
215 589
215 590
215 591
214 215
214 592
214 593
214 594
214 595
214 596
214 597
214 598
214 599
214 600
214 601
213 214
213 602
213 603
213 604
213 605
213 606
213 607
213 608
213 609
213 610
213 611
212 213
212 612
212 613
212 614
212 615
212 616
212 617
212 618
212 619
212 620
212 621
211 212
211 622
211 623
211 624
211 625
211 626
211 627
211 628
211 629
211 630
211 631
210 211
210 632
210 633
210 634
210 635
210 636
210 637
210 638
210 639
210 640
210 641
209 210
209 642
209 643
209 644
209 645
209 646
209 647
209 648
209 649
209 650
209 651
208 209
208 652
208 653
208 654
208 655
208 656
208 657
208 658
208 659
208 660
208 661
207 208
207 662
207 663
207 664
207 665
207 666
207 667
207 668
207 669
207 670
207 671
206 207
206 672
206 673
206 674
206 675
206 676
206 677
206 678
206 679
206 680
206 681
205 206
205 682
205 683
205 684
205 685
205 686
205 687
205 688
205 689
205 690
205 691
204 205
204 692
204 693
204 694
204 695
204 696
204 697
204 698
204 699
204 700
204 701
203 204
203 702
203 703
203 704
203 705
203 706
203 707
203 708
203 709
203 710
203 711
202 203
202 712
202 713
202 714
202 715
202 716
202 717
202 718
202 719
202 720
202 721
201 202
201 722
201 723
201 724
201 725
201 726
201 727
201 728
201 729
201 730
201 731
200 201
200 732
200 733
200 734
200 735
200 736
200 737
200 738
200 739
200 740
200 741
199 200
199 742
199 743
199 744
199 745
199 746
199 747
199 748
199 749
199 750
199 751
198 199
198 752
198 753
198 754
198 755
198 756
198 757
198 758
198 759
198 760
198 761
197 198
197 762
197 763
197 764
197 765
197 766
197 767
197 768
197 769
197 770
197 771
196 197
196 772
196 773
196 774
196 775
196 776
196 777
196 778
196 779
196 780
196 781
195 196
195 782
195 783
195 784
195 785
195 786
195 787
195 788
195 789
195 790
195 791
194 195
194 792
194 793
194 794
194 795
194 796
194 797
194 798
194 799
194 800
194 801
193 194
193 802
193 803
193 804
193 805
193 806
193 807
193 808
193 809
193 810
193 811
192 193
192 812
192 813
192 814
192 815
192 816
192 817
192 818
192 819
192 820
192 821
191 192
191 822
191 823
191 824
191 825
191 826
191 827
191 828
191 829
191 830
191 831
190 191
190 832
190 833
190 834
190 835
190 836
190 837
190 838
190 839
190 840
190 841
189 190
189 842
189 843
189 844
189 845
189 846
189 847
189 848
189 849
189 850
189 851
188 189
188 852
188 853
188 854
188 855
188 856
188 857
188 858
188 859
188 860
188 861
187 188
187 862
187 863
187 864
187 865
187 866
187 867
187 868
187 869
187 870
187 871
186 187
186 872
186 873
186 874
186 875
186 876
186 877
186 878
186 879
186 880
186 881
185 186
185 882
185 883
185 884
185 885
185 886
185 887
185 888
185 889
185 890
185 891
184 185
184 892
184 893
184 894
184 895
184 896
184 897
184 898
184 899
184 900
184 901
183 184
183 902
183 903
183 904
183 905
183 906
183 907
183 908
183 909
183 910
183 911
182 183
182 912
182 913
182 914
182 915
182 916
182 917
182 918
182 919
182 920
182 921
181 182
181 922
181 923
181 924
181 925
181 926
181 927
181 928
181 929
181 930
181 931
180 181
180 932
180 933
180 934
180 935
180 936
180 937
180 938
180 939
180 940
180 941
179 180
179 942
179 943
179 944
179 945
179 946
179 947
179 948
179 949
179 950
179 951
178 179
178 952
178 953
178 954
178 955
178 956
178 957
178 958
178 959
178 960
178 961
177 178
177 962
177 963
177 964
177 965
177 966
177 967
177 968
177 969
177 970
177 971
176 177
176 972
176 973
176 974
176 975
176 976
176 977
176 978
176 979
176 980
176 981
175 176
175 982
175 983
175 984
175 985
175 986
175 987
175 988
175 989
175 990
175 991
174 175
174 992
174 993
174 994
174 995
174 996
174 997
174 998
174 999
174 1000
174 1001
173 174
173 1002
173 1003
173 1004
173 1005
173 1006
173 1007
173 1008
173 1009
173 1010
173 1011
172 173
172 1012
172 1013
172 1014
172 1015
172 1016
172 1017
172 1018
172 1019
172 1020
172 1021
171 172
171 1022
171 1023
171 1024
171 1025
171 1026
171 1027
171 1028
171 1029
171 1030
171 1031
170 171
170 1032
170 1033
170 1034
170 1035
170 1036
170 1037
170 1038
170 1039
170 1040
170 1041
169 170
169 1042
169 1043
169 1044
169 1045
169 1046
169 1047
169 1048
169 1049
169 1050
169 1051
168 169
168 1052
168 1053
168 1054
168 1055
168 1056
168 1057
168 1058
168 1059
168 1060
168 1061
167 168
167 1062
167 1063
167 1064
167 1065
167 1066
167 1067
167 1068
167 1069
167 1070
167 1071
166 167
166 1072
166 1073
166 1074
166 1075
166 1076
166 1077
166 1078
166 1079
166 1080
166 1081
165 166
165 1082
165 1083
165 1084
165 1085
165 1086
165 1087
165 1088
165 1089
165 1090
165 1091
164 165
164 1092
164 1093
164 1094
164 1095
164 1096
164 1097
164 1098
164 1099
164 1100
164 1101
163 164
163 1102
163 1103
163 1104
163 1105
163 1106
163 1107
163 1108
163 1109
163 1110
163 1111
162 163
162 1112
162 1113
162 1114
162 1115
162 1116
162 1117
162 1118
162 1119
162 1120
162 1121
161 162
161 1122
161 1123
161 1124
161 1125
161 1126
161 1127
161 1128
161 1129
161 1130
161 1131
160 161
160 1132
160 1133
160 1134
160 1135
160 1136
160 1137
160 1138
160 1139
160 1140
160 1141
159 160
159 1142
159 1143
159 1144
159 1145
159 1146
159 1147
159 1148
159 1149
159 1150
159 1151
158 159
158 1152
158 1153
158 1154
158 1155
158 1156
158 1157
158 1158
158 1159
158 1160
158 1161
157 158
157 1162
157 1163
157 1164
157 1165
157 1166
157 1167
157 1168
157 1169
157 1170
157 1171
156 157
156 1172
156 1173
156 1174
156 1175
156 1176
156 1177
156 1178
156 1179
156 1180
156 1181
155 156
155 1182
155 1183
155 1184
155 1185
155 1186
155 1187
155 1188
155 1189
155 1190
155 1191
154 155
154 1192
154 1193
154 1194
154 1195
154 1196
154 1197
154 1198
154 1199
154 1200
154 1201
153 154
153 1202
153 1203
153 1204
153 1205
153 1206
153 1207
153 1208
153 1209
153 1210
153 1211
152 153
152 1212
152 1213
152 1214
152 1215
152 1216
152 1217
152 1218
152 1219
152 1220
152 1221
151 152
151 1222
151 1223
151 1224
151 1225
151 1226
151 1227
151 1228
151 1229
151 1230
151 1231
150 151
150 1232
150 1233
150 1234
150 1235
150 1236
150 1237
150 1238
150 1239
150 1240
150 1241
149 150
149 1242
149 1243
149 1244
149 1245
149 1246
149 1247
149 1248
149 1249
149 1250
149 1251
148 149
148 1252
148 1253
148 1254
148 1255
148 1256
148 1257
148 1258
148 1259
148 1260
148 1261
147 148
147 1262
147 1263
147 1264
147 1265
147 1266
147 1267
147 1268
147 1269
147 1270
147 1271
146 147
146 1272
146 1273
146 1274
146 1275
146 1276
146 1277
146 1278
146 1279
146 1280
146 1281
145 146
145 1282
145 1283
145 1284
145 1285
145 1286
145 1287
145 1288
145 1289
145 1290
145 1291
144 145
144 1292
144 1293
144 1294
144 1295
144 1296
144 1297
144 1298
144 1299
144 1300
144 1301
143 144
143 1302
143 1303
143 1304
143 1305
143 1306
143 1307
143 1308
143 1309
143 1310
143 1311
142 143
142 1312
142 1313
142 1314
142 1315
142 1316
142 1317
142 1318
142 1319
142 1320
142 1321
141 142
141 1322
141 1323
141 1324
141 1325
141 1326
141 1327
141 1328
141 1329
141 1330
141 1331
140 141
140 1332
140 1333
140 1334
140 1335
140 1336
140 1337
140 1338
140 1339
140 1340
140 1341
139 140
139 1342
139 1343
139 1344
139 1345
139 1346
139 1347
139 1348
139 1349
139 1350
139 1351
138 139
138 1352
138 1353
138 1354
138 1355
138 1356
138 1357
138 1358
138 1359
138 1360
138 1361
137 138
137 1362
137 1363
137 1364
137 1365
137 1366
137 1367
137 1368
137 1369
137 1370
137 1371
136 137
136 1372
136 1373
136 1374
136 1375
136 1376
136 1377
136 1378
136 1379
136 1380
136 1381
135 136
135 1382
135 1383
135 1384
135 1385
135 1386
135 1387
135 1388
135 1389
135 1390
135 1391
134 135
134 1392
134 1393
134 1394
134 1395
134 1396
134 1397
134 1398
134 1399
134 1400
134 1401
133 134
133 1402
133 1403
133 1404
133 1405
133 1406
133 1407
133 1408
133 1409
133 1410
133 1411
132 133
132 1412
132 1413
132 1414
132 1415
132 1416
132 1417
132 1418
132 1419
132 1420
132 1421
131 132
131 1422
131 1423
131 1424
131 1425
131 1426
131 1427
131 1428
131 1429
131 1430
131 1431
130 131
130 1432
130 1433
130 1434
130 1435
130 1436
130 1437
130 1438
130 1439
130 1440
130 1441
129 130
129 1442
129 1443
129 1444
129 1445
129 1446
129 1447
129 1448
129 1449
129 1450
129 1451
128 129
128 1452
128 1453
128 1454
128 1455
128 1456
128 1457
128 1458
128 1459
128 1460
128 1461
127 128
127 1462
127 1463
127 1464
127 1465
127 1466
127 1467
127 1468
127 1469
127 1470
127 1471
126 127
126 1472
126 1473
126 1474
126 1475
126 1476
126 1477
126 1478
126 1479
126 1480
126 1481
125 126
125 1482
125 1483
125 1484
125 1485
125 1486
125 1487
125 1488
125 1489
125 1490
125 1491
124 125
124 1492
124 1493
124 1494
124 1495
124 1496
124 1497
124 1498
124 1499
124 1500
124 1501
123 124
123 1502
123 1503
123 1504
123 1505
123 1506
123 1507
123 1508
123 1509
123 1510
123 1511
122 123
122 1512
122 1513
122 1514
122 1515
122 1516
122 1517
122 1518
122 1519
122 1520
122 1521
121 122
121 1522
121 1523
121 1524
121 1525
121 1526
121 1527
121 1528
121 1529
121 1530
121 1531
120 121
120 1532
120 1533
120 1534
120 1535
120 1536
120 1537
120 1538
120 1539
120 1540
120 1541
119 120
119 1542
119 1543
119 1544
119 1545
119 1546
119 1547
119 1548
119 1549
119 1550
119 1551
118 119
118 1552
118 1553
118 1554
118 1555
118 1556
118 1557
118 1558
118 1559
118 1560
118 1561
117 118
117 1562
117 1563
117 1564
117 1565
117 1566
117 1567
117 1568
117 1569
117 1570
117 1571
116 117
116 1572
116 1573
116 1574
116 1575
116 1576
116 1577
116 1578
116 1579
116 1580
116 1581
115 116
115 1582
115 1583
115 1584
115 1585
115 1586
115 1587
115 1588
115 1589
115 1590
115 1591
114 115
114 1592
114 1593
114 1594
114 1595
114 1596
114 1597
114 1598
114 1599
114 1600
114 1601
113 114
113 1602
113 1603
113 1604
113 1605
113 1606
113 1607
113 1608
113 1609
113 1610
113 1611
112 113
112 1612
112 1613
112 1614
112 1615
112 1616
112 1617
112 1618
112 1619
112 1620
112 1621
111 112
111 1622
111 1623
111 1624
111 1625
111 1626
111 1627
111 1628
111 1629
111 1630
111 1631
110 111
110 1632
110 1633
110 1634
110 1635
110 1636
110 1637
110 1638
110 1639
110 1640
110 1641
109 110
109 1642
109 1643
109 1644
109 1645
109 1646
109 1647
109 1648
109 1649
109 1650
109 1651
108 109
108 1652
108 1653
108 1654
108 1655
108 1656
108 1657
108 1658
108 1659
108 1660
108 1661
107 108
107 1662
107 1663
107 1664
107 1665
107 1666
107 1667
107 1668
107 1669
107 1670
107 1671
106 107
106 1672
106 1673
106 1674
106 1675
106 1676
106 1677
106 1678
106 1679
106 1680
106 1681
105 106
105 1682
105 1683
105 1684
105 1685
105 1686
105 1687
105 1688
105 1689
105 1690
105 1691
104 105
104 1692
104 1693
104 1694
104 1695
104 1696
104 1697
104 1698
104 1699
104 1700
104 1701
103 104
103 1702
103 1703
103 1704
103 1705
103 1706
103 1707
103 1708
103 1709
103 1710
103 1711
102 103
102 1712
102 1713
102 1714
102 1715
102 1716
102 1717
102 1718
102 1719
102 1720
102 1721
101 102
101 1722
101 1723
101 1724
101 1725
101 1726
101 1727
101 1728
101 1729
101 1730
101 1731
100 101
100 1732
100 1733
100 1734
100 1735
100 1736
100 1737
100 1738
100 1739
100 1740
100 1741
99 100
99 1742
99 1743
99 1744
99 1745
99 1746
99 1747
99 1748
99 1749
99 1750
99 1751
98 99
98 1752
98 1753
98 1754
98 1755
98 1756
98 1757
98 1758
98 1759
98 1760
98 1761
97 98
97 1762
97 1763
97 1764
97 1765
97 1766
97 1767
97 1768
97 1769
97 1770
97 1771
96 97
96 1772
96 1773
96 1774
96 1775
96 1776
96 1777
96 1778
96 1779
96 1780
96 1781
95 96
95 1782
95 1783
95 1784
95 1785
95 1786
95 1787
95 1788
95 1789
95 1790
95 1791
94 95
94 1792
94 1793
94 1794
94 1795
94 1796
94 1797
94 1798
94 1799
94 1800
94 1801
93 94
93 1802
93 1803
93 1804
93 1805
93 1806
93 1807
93 1808
93 1809
93 1810
93 1811
92 93
92 1812
92 1813
92 1814
92 1815
92 1816
92 1817
92 1818
92 1819
92 1820
92 1821
91 92
91 1822
91 1823
91 1824
91 1825
91 1826
91 1827
91 1828
91 1829
91 1830
91 1831
90 91
90 1832
90 1833
90 1834
90 1835
90 1836
90 1837
90 1838
90 1839
90 1840
90 1841
89 90
89 1842
89 1843
89 1844
89 1845
89 1846
89 1847
89 1848
89 1849
89 1850
89 1851
88 89
88 1852
88 1853
88 1854
88 1855
88 1856
88 1857
88 1858
88 1859
88 1860
88 1861
87 88
87 1862
87 1863
87 1864
87 1865
87 1866
87 1867
87 1868
87 1869
87 1870
87 1871
86 87
86 1872
86 1873
86 1874
86 1875
86 1876
86 1877
86 1878
86 1879
86 1880
86 1881
85 86
85 1882
85 1883
85 1884
85 1885
85 1886
85 1887
85 1888
85 1889
85 1890
85 1891
84 85
84 1892
84 1893
84 1894
84 1895
84 1896
84 1897
84 1898
84 1899
84 1900
84 1901
83 84
83 1902
83 1903
83 1904
83 1905
83 1906
83 1907
83 1908
83 1909
83 1910
83 1911
82 83
82 1912
82 1913
82 1914
82 1915
82 1916
82 1917
82 1918
82 1919
82 1920
82 1921
81 82
81 1922
81 1923
81 1924
81 1925
81 1926
81 1927
81 1928
81 1929
81 1930
81 1931
80 81
80 1932
80 1933
80 1934
80 1935
80 1936
80 1937
80 1938
80 1939
80 1940
80 1941
79 80
79 1942
79 1943
79 1944
79 1945
79 1946
79 1947
79 1948
79 1949
79 1950
79 1951
78 79
78 1952
78 1953
78 1954
78 1955
78 1956
78 1957
78 1958
78 1959
78 1960
78 1961
77 78
77 1962
77 1963
77 1964
77 1965
77 1966
77 1967
77 1968
77 1969
77 1970
77 1971
76 77
76 1972
76 1973
76 1974
76 1975
76 1976
76 1977
76 1978
76 1979
76 1980
76 1981
75 76
75 1982
75 1983
75 1984
75 1985
75 1986
75 1987
75 1988
75 1989
75 1990
75 1991
74 75
74 1992
74 1993
74 1994
74 1995
74 1996
74 1997
74 1998
74 1999
74 2000
74 2001
73 74
73 2002
73 2003
73 2004
73 2005
73 2006
73 2007
73 2008
73 2009
73 2010
73 2011
72 73
72 2012
72 2013
72 2014
72 2015
72 2016
72 2017
72 2018
72 2019
72 2020
72 2021
71 72
71 2022
71 2023
71 2024
71 2025
71 2026
71 2027
71 2028
71 2029
71 2030
71 2031
70 71
70 2032
70 2033
70 2034
70 2035
70 2036
70 2037
70 2038
70 2039
70 2040
70 2041
69 70
69 2042
69 2043
69 2044
69 2045
69 2046
69 2047
69 2048
69 2049
69 2050
69 2051
68 69
68 2052
68 2053
68 2054
68 2055
68 2056
68 2057
68 2058
68 2059
68 2060
68 2061
67 68
67 2062
67 2063
67 2064
67 2065
67 2066
67 2067
67 2068
67 2069
67 2070
67 2071
66 67
66 2072
66 2073
66 2074
66 2075
66 2076
66 2077
66 2078
66 2079
66 2080
66 2081
65 66
65 2082
65 2083
65 2084
65 2085
65 2086
65 2087
65 2088
65 2089
65 2090
65 2091
64 65
64 2092
64 2093
64 2094
64 2095
64 2096
64 2097
64 2098
64 2099
64 2100
64 2101
63 64
63 2102
63 2103
63 2104
63 2105
63 2106
63 2107
63 2108
63 2109
63 2110
63 2111
62 63
62 2112
62 2113
62 2114
62 2115
62 2116
62 2117
62 2118
62 2119
62 2120
62 2121
61 62
61 2122
61 2123
61 2124
61 2125
61 2126
61 2127
61 2128
61 2129
61 2130
61 2131
60 61
60 2132
60 2133
60 2134
60 2135
60 2136
60 2137
60 2138
60 2139
60 2140
60 2141
59 60
59 2142
59 2143
59 2144
59 2145
59 2146
59 2147
59 2148
59 2149
59 2150
59 2151
58 59
58 2152
58 2153
58 2154
58 2155
58 2156
58 2157
58 2158
58 2159
58 2160
58 2161
57 58
57 2162
57 2163
57 2164
57 2165
57 2166
57 2167
57 2168
57 2169
57 2170
57 2171
56 57
56 2172
56 2173
56 2174
56 2175
56 2176
56 2177
56 2178
56 2179
56 2180
56 2181
55 56
55 2182
55 2183
55 2184
55 2185
55 2186
55 2187
55 2188
55 2189
55 2190
55 2191
54 55
54 2192
54 2193
54 2194
54 2195
54 2196
54 2197
54 2198
54 2199
54 2200
54 2201
53 54
53 2202
53 2203
53 2204
53 2205
53 2206
53 2207
53 2208
53 2209
53 2210
53 2211
52 53
52 2212
52 2213
52 2214
52 2215
52 2216
52 2217
52 2218
52 2219
52 2220
52 2221
51 52
51 2222
51 2223
51 2224
51 2225
51 2226
51 2227
51 2228
51 2229
51 2230
51 2231
50 51
50 2232
50 2233
50 2234
50 2235
50 2236
50 2237
50 2238
50 2239
50 2240
50 2241
49 50
49 2242
49 2243
49 2244
49 2245
49 2246
49 2247
49 2248
49 2249
49 2250
49 2251
48 49
48 2252
48 2253
48 2254
48 2255
48 2256
48 2257
48 2258
48 2259
48 2260
48 2261
47 48
47 2262
47 2263
47 2264
47 2265
47 2266
47 2267
47 2268
47 2269
47 2270
47 2271
46 47
46 2272
46 2273
46 2274
46 2275
46 2276
46 2277
46 2278
46 2279
46 2280
46 2281
45 46
45 2282
45 2283
45 2284
45 2285
45 2286
45 2287
45 2288
45 2289
45 2290
45 2291
44 45
44 2292
44 2293
44 2294
44 2295
44 2296
44 2297
44 2298
44 2299
44 2300
44 2301
43 44
43 2302
43 2303
43 2304
43 2305
43 2306
43 2307
43 2308
43 2309
43 2310
43 2311
42 43
42 2312
42 2313
42 2314
42 2315
42 2316
42 2317
42 2318
42 2319
42 2320
42 2321
41 42
41 2322
41 2323
41 2324
41 2325
41 2326
41 2327
41 2328
41 2329
41 2330
41 2331
40 41
40 2332
40 2333
40 2334
40 2335
40 2336
40 2337
40 2338
40 2339
40 2340
40 2341
39 40
39 2342
39 2343
39 2344
39 2345
39 2346
39 2347
39 2348
39 2349
39 2350
39 2351
38 39
38 2352
38 2353
38 2354
38 2355
38 2356
38 2357
38 2358
38 2359
38 2360
38 2361
37 38
37 2362
37 2363
37 2364
37 2365
37 2366
37 2367
37 2368
37 2369
37 2370
37 2371
36 37
36 2372
36 2373
36 2374
36 2375
36 2376
36 2377
36 2378
36 2379
36 2380
36 2381
35 36
35 2382
35 2383
35 2384
35 2385
35 2386
35 2387
35 2388
35 2389
35 2390
35 2391
34 35
34 2392
34 2393
34 2394
34 2395
34 2396
34 2397
34 2398
34 2399
34 2400
34 2401
33 34
33 2402
33 2403
33 2404
33 2405
33 2406
33 2407
33 2408
33 2409
33 2410
33 2411
32 33
32 2412
32 2413
32 2414
32 2415
32 2416
32 2417
32 2418
32 2419
32 2420
32 2421
31 32
31 2422
31 2423
31 2424
31 2425
31 2426
31 2427
31 2428
31 2429
31 2430
31 2431
30 31
30 2432
30 2433
30 2434
30 2435
30 2436
30 2437
30 2438
30 2439
30 2440
30 2441
29 30
29 2442
29 2443
29 2444
29 2445
29 2446
29 2447
29 2448
29 2449
29 2450
29 2451
28 29
28 2452
28 2453
28 2454
28 2455
28 2456
28 2457
28 2458
28 2459
28 2460
28 2461
27 28
27 2462
27 2463
27 2464
27 2465
27 2466
27 2467
27 2468
27 2469
27 2470
27 2471
26 27
26 2472
26 2473
26 2474
26 2475
26 2476
26 2477
26 2478
26 2479
26 2480
26 2481
25 26
25 2482
25 2483
25 2484
25 2485
25 2486
25 2487
25 2488
25 2489
25 2490
25 2491
24 25
24 2492
24 2493
24 2494
24 2495
24 2496
24 2497
24 2498
24 2499
24 2500
24 2501
23 24
23 2502
23 2503
23 2504
23 2505
23 2506
23 2507
23 2508
23 2509
23 2510
23 2511
22 23
22 2512
22 2513
22 2514
22 2515
22 2516
22 2517
22 2518
22 2519
22 2520
22 2521
21 22
21 2522
21 2523
21 2524
21 2525
21 2526
21 2527
21 2528
21 2529
21 2530
21 2531
20 21
20 2532
20 2533
20 2534
20 2535
20 2536
20 2537
20 2538
20 2539
20 2540
20 2541
19 20
19 2542
19 2543
19 2544
19 2545
19 2546
19 2547
19 2548
19 2549
19 2550
19 2551
18 19
18 2552
18 2553
18 2554
18 2555
18 2556
18 2557
18 2558
18 2559
18 2560
18 2561
17 18
17 2562
17 2563
17 2564
17 2565
17 2566
17 2567
17 2568
17 2569
17 2570
17 2571
16 17
16 2572
16 2573
16 2574
16 2575
16 2576
16 2577
16 2578
16 2579
16 2580
16 2581
15 16
15 2582
15 2583
15 2584
15 2585
15 2586
15 2587
15 2588
15 2589
15 2590
15 2591
14 15
14 2592
14 2593
14 2594
14 2595
14 2596
14 2597
14 2598
14 2599
14 2600
14 2601
13 14
13 2602
13 2603
13 2604
13 2605
13 2606
13 2607
13 2608
13 2609
13 2610
13 2611
12 13
12 2612
12 2613
12 2614
12 2615
12 2616
12 2617
12 2618
12 2619
12 2620
12 2621
11 12
11 2622
11 2623
11 2624
11 2625
11 2626
11 2627
11 2628
11 2629
11 2630
11 2631
10 11
10 2632
10 2633
10 2634
10 2635
10 2636
10 2637
10 2638
10 2639
10 2640
10 2641
9 10
9 2642
9 2643
9 2644
9 2645
9 2646
9 2647
9 2648
9 2649
9 2650
9 2651
8 9
8 2652
8 2653
8 2654
8 2655
8 2656
8 2657
8 2658
8 2659
8 2660
8 2661
7 8
7 2662
7 2663
7 2664
7 2665
7 2666
7 2667
7 2668
7 2669
7 2670
7 2671
6 7
6 2672
6 2673
6 2674
6 2675
6 2676
6 2677
6 2678
6 2679
6 2680
6 2681
5 6
5 2682
5 2683
5 2684
5 2685
5 2686
5 2687
5 2688
5 2689
5 2690
5 2691
4 5
4 2692
4 2693
4 2694
4 2695
4 2696
4 2697
4 2698
4 2699
4 2700
4 2701
3 4
3 2702
3 2703
3 2704
3 2705
3 2706
3 2707
3 2708
3 2709
3 2710
3 2711
2 3
2 2712
2 2713
2 2714
2 2715
2 2716
2 2717
2 2718
2 2719
2 2720
2 2721
1 2
1 2722
1 2723
1 2724
1 2725
1 2726
1 2727
1 2728
1 2729
1 2730
1 2731
1 2928
