379 3140470
76 1
76 300
76 301
76 302
76 303
75 76
75 304
75 305
75 306
75 307
74 75
74 308
74 309
74 310
74 311
73 74
73 312
73 313
73 314
73 315
72 73
72 316
72 317
72 318
72 319
71 72
71 320
71 77
71 78
71 79
70 71
70 80
70 81
70 82
70 83
69 70
69 84
69 85
69 86
69 87
68 69
68 88
68 89
68 90
68 91
67 68
67 92
67 93
67 94
67 95
66 67
66 96
66 97
66 98
66 99
65 66
65 100
65 101
65 102
65 103
64 65
64 104
64 105
64 106
64 107
63 64
63 108
63 109
63 110
63 111
62 63
62 112
62 113
62 114
62 115
61 62
61 116
61 117
61 118
61 119
60 61
60 120
60 121
60 122
60 123
59 60
59 124
59 125
59 126
59 127
58 59
58 128
58 129
58 130
58 131
57 58
57 132
57 133
57 134
57 135
56 57
56 136
56 137
56 138
56 139
55 56
55 140
55 141
55 142
55 143
54 55
54 144
54 145
54 146
54 147
53 54
53 148
53 149
53 150
53 151
52 53
52 152
52 153
52 154
52 155
51 52
51 156
51 157
51 158
51 159
50 51
50 160
50 161
50 162
50 163
49 50
49 164
49 165
49 166
49 167
48 49
48 168
48 169
48 170
48 171
47 48
47 172
47 173
47 174
47 175
46 47
46 176
46 177
46 178
46 179
45 46
45 180
45 181
45 182
45 183
44 45
44 184
44 185
44 186
44 187
43 44
43 188
43 189
43 190
43 191
42 43
42 192
42 193
42 194
42 195
41 42
41 196
41 197
41 198
41 199
40 41
40 200
40 201
40 202
40 203
39 40
39 204
39 205
39 206
39 207
38 39
38 208
38 209
38 210
38 211
37 38
37 212
37 213
37 214
37 215
36 37
36 216
36 217
36 218
36 219
35 36
35 220
35 221
35 222
35 223
34 35
34 224
34 225
34 226
34 227
33 34
33 228
33 229
33 230
33 231
32 33
32 232
32 233
32 234
32 235
31 32
31 236
31 237
31 238
31 239
30 31
30 240
30 241
30 242
30 243
29 30
29 244
29 245
29 246
29 247
28 29
28 248
28 249
28 250
28 251
27 28
27 252
27 253
27 254
27 255
26 27
26 256
26 257
26 258
26 259
25 26
25 260
25 261
25 262
25 263
24 25
24 264
24 265
24 266
24 267
23 24
23 268
23 269
23 270
23 271
22 23
22 272
22 273
22 274
22 275
21 22
21 276
21 277
21 278
21 279
20 21
20 280
20 281
20 282
20 283
19 20
19 284
19 285
19 286
19 287
18 19
18 288
18 289
18 290
18 291
17 18
17 292
17 293
17 294
17 295
16 17
16 296
16 297
16 298
16 299
15 16
15 300
15 301
15 302
15 303
14 15
14 304
14 305
14 306
14 307
13 14
13 308
13 309
13 310
13 311
12 13
12 312
12 313
12 314
12 315
11 12
11 316
11 317
11 318
11 319
10 11
10 320
10 321
10 322
10 323
9 10
9 324
9 325
9 326
9 327
8 9
8 328
8 329
8 330
8 331
7 8
7 332
7 333
7 334
7 335
6 7
6 336
6 337
6 338
6 339
5 6
5 340
5 341
5 342
5 343
4 5
4 344
4 345
4 346
4 347
3 4
3 348
3 349
3 350
3 351
2 3
2 352
2 353
2 354
2 355
1 2
1 356
1 357
1 380
