364 3508667
121 1
121 358
121 359
120 121
120 360
120 361
119 120
119 362
119 363
118 119
118 364
118 365
117 118
117 366
117 367
116 117
116 368
116 369
115 116
115 370
115 371
114 115
114 372
114 373
113 114
113 374
113 375
112 113
112 376
112 377
111 112
111 378
111 379
110 111
110 380
110 122
109 110
109 123
109 124
108 109
108 125
108 126
107 108
107 127
107 128
106 107
106 129
106 130
105 106
105 131
105 132
104 105
104 133
104 134
103 104
103 135
103 136
102 103
102 137
102 138
101 102
101 139
101 140
100 101
100 141
100 142
99 100
99 143
99 144
98 99
98 145
98 146
97 98
97 147
97 148
96 97
96 149
96 150
95 96
95 151
95 152
94 95
94 153
94 154
93 94
93 155
93 156
92 93
92 157
92 158
91 92
91 159
91 160
90 91
90 161
90 162
89 90
89 163
89 164
88 89
88 165
88 166
87 88
87 167
87 168
86 87
86 169
86 170
85 86
85 171
85 172
84 85
84 173
84 174
83 84
83 175
83 176
82 83
82 177
82 178
81 82
81 179
81 180
80 81
80 181
80 182
79 80
79 183
79 184
78 79
78 185
78 186
77 78
77 187
77 188
76 77
76 189
76 190
75 76
75 191
75 192
74 75
74 193
74 194
73 74
73 195
73 196
72 73
72 197
72 198
71 72
71 199
71 200
70 71
70 201
70 202
69 70
69 203
69 204
68 69
68 205
68 206
67 68
67 207
67 208
66 67
66 209
66 210
65 66
65 211
65 212
64 65
64 213
64 214
63 64
63 215
63 216
62 63
62 217
62 218
61 62
61 219
61 220
60 61
60 221
60 222
59 60
59 223
59 224
58 59
58 225
58 226
57 58
57 227
57 228
56 57
56 229
56 230
55 56
55 231
55 232
54 55
54 233
54 234
53 54
53 235
53 236
52 53
52 237
52 238
51 52
51 239
51 240
50 51
50 241
50 242
49 50
49 243
49 244
48 49
48 245
48 246
47 48
47 247
47 248
46 47
46 249
46 250
45 46
45 251
45 252
44 45
44 253
44 254
43 44
43 255
43 256
42 43
42 257
42 258
41 42
41 259
41 260
40 41
40 261
40 262
39 40
39 263
39 264
38 39
38 265
38 266
37 38
37 267
37 268
36 37
36 269
36 270
35 36
35 271
35 272
34 35
34 273
34 274
33 34
33 275
33 276
32 33
32 277
32 278
31 32
31 279
31 280
30 31
30 281
30 282
29 30
29 283
29 284
28 29
28 285
28 286
27 28
27 287
27 288
26 27
26 289
26 290
25 26
25 291
25 292
24 25
24 293
24 294
23 24
23 295
23 296
22 23
22 297
22 298
21 22
21 299
21 300
20 21
20 301
20 302
19 20
19 303
19 304
18 19
18 305
18 306
17 18
17 307
17 308
16 17
16 309
16 310
15 16
15 311
15 312
14 15
14 313
14 314
13 14
13 315
13 316
12 13
12 317
12 318
11 12
11 319
11 320
10 11
10 321
10 322
9 10
9 323
9 324
8 9
8 325
8 326
7 8
7 327
7 328
6 7
6 329
6 330
5 6
5 331
5 332
4 5
4 333
4 334
3 4
3 335
3 336
2 3
2 337
2 338
1 2
1 339
1 340
1 365
