317 6799456
158 1
158 341
157 158
157 342
156 157
156 343
155 156
155 344
154 155
154 345
153 154
153 346
152 153
152 347
151 152
151 348
150 151
150 349
149 150
149 350
148 149
148 351
147 148
147 352
146 147
146 353
145 146
145 354
144 145
144 355
143 144
143 356
142 143
142 357
141 142
141 358
140 141
140 359
139 140
139 360
138 139
138 361
137 138
137 362
136 137
136 363
135 136
135 364
134 135
134 365
133 134
133 159
132 133
132 160
131 132
131 161
130 131
130 162
129 130
129 163
128 129
128 164
127 128
127 165
126 127
126 166
125 126
125 167
124 125
124 168
123 124
123 169
122 123
122 170
121 122
121 171
120 121
120 172
119 120
119 173
118 119
118 174
117 118
117 175
116 117
116 176
115 116
115 177
114 115
114 178
113 114
113 179
112 113
112 180
111 112
111 181
110 111
110 182
109 110
109 183
108 109
108 184
107 108
107 185
106 107
106 186
105 106
105 187
104 105
104 188
103 104
103 189
102 103
102 190
101 102
101 191
100 101
100 192
99 100
99 193
98 99
98 194
97 98
97 195
96 97
96 196
95 96
95 197
94 95
94 198
93 94
93 199
92 93
92 200
91 92
91 201
90 91
90 202
89 90
89 203
88 89
88 204
87 88
87 205
86 87
86 206
85 86
85 207
84 85
84 208
83 84
83 209
82 83
82 210
81 82
81 211
80 81
80 212
79 80
79 213
78 79
78 214
77 78
77 215
76 77
76 216
75 76
75 217
74 75
74 218
73 74
73 219
72 73
72 220
71 72
71 221
70 71
70 222
69 70
69 223
68 69
68 224
67 68
67 225
66 67
66 226
65 66
65 227
64 65
64 228
63 64
63 229
62 63
62 230
61 62
61 231
60 61
60 232
59 60
59 233
58 59
58 234
57 58
57 235
56 57
56 236
55 56
55 237
54 55
54 238
53 54
53 239
52 53
52 240
51 52
51 241
50 51
50 242
49 50
49 243
48 49
48 244
47 48
47 245
46 47
46 246
45 46
45 247
44 45
44 248
43 44
43 249
42 43
42 250
41 42
41 251
40 41
40 252
39 40
39 253
38 39
38 254
37 38
37 255
36 37
36 256
35 36
35 257
34 35
34 258
33 34
33 259
32 33
32 260
31 32
31 261
30 31
30 262
29 30
29 263
28 29
28 264
27 28
27 265
26 27
26 266
25 26
25 267
24 25
24 268
23 24
23 269
22 23
22 270
21 22
21 271
20 21
20 272
19 20
19 273
18 19
18 274
17 18
17 275
16 17
16 276
15 16
15 277
14 15
14 278
13 14
13 279
12 13
12 280
11 12
11 281
10 11
10 282
9 10
9 283
8 9
8 284
7 8
7 285
6 7
6 286
5 6
5 287
4 5
4 288
3 4
3 289
2 3
2 290
1 2
1 291
1 318
