415 5383994
207 1
207 292
206 207
206 293
205 206
205 294
204 205
204 295
203 204
203 296
202 203
202 297
201 202
201 298
200 201
200 299
199 200
199 300
198 199
198 301
197 198
197 302
196 197
196 303
195 196
195 304
194 195
194 305
193 194
193 306
192 193
192 307
191 192
191 308
190 191
190 309
189 190
189 310
188 189
188 311
187 188
187 312
186 187
186 313
185 186
185 314
184 185
184 315
183 184
183 316
182 183
182 317
181 182
181 318
180 181
180 208
179 180
179 209
178 179
178 210
177 178
177 211
176 177
176 212
175 176
175 213
174 175
174 214
173 174
173 215
172 173
172 216
171 172
171 217
170 171
170 218
169 170
169 219
168 169
168 220
167 168
167 221
166 167
166 222
165 166
165 223
164 165
164 224
163 164
163 225
162 163
162 226
161 162
161 227
160 161
160 228
159 160
159 229
158 159
158 230
157 158
157 231
156 157
156 232
155 156
155 233
154 155
154 234
153 154
153 235
152 153
152 236
151 152
151 237
150 151
150 238
149 150
149 239
148 149
148 240
147 148
147 241
146 147
146 242
145 146
145 243
144 145
144 244
143 144
143 245
142 143
142 246
141 142
141 247
140 141
140 248
139 140
139 249
138 139
138 250
137 138
137 251
136 137
136 252
135 136
135 253
134 135
134 254
133 134
133 255
132 133
132 256
131 132
131 257
130 131
130 258
129 130
129 259
128 129
128 260
127 128
127 261
126 127
126 262
125 126
125 263
124 125
124 264
123 124
123 265
122 123
122 266
121 122
121 267
120 121
120 268
119 120
119 269
118 119
118 270
117 118
117 271
116 117
116 272
115 116
115 273
114 115
114 274
113 114
113 275
112 113
112 276
111 112
111 277
110 111
110 278
109 110
109 279
108 109
108 280
107 108
107 281
106 107
106 282
105 106
105 283
104 105
104 284
103 104
103 285
102 103
102 286
101 102
101 287
100 101
100 288
99 100
99 289
98 99
98 290
97 98
97 291
96 97
96 292
95 96
95 293
94 95
94 294
93 94
93 295
92 93
92 296
91 92
91 297
90 91
90 298
89 90
89 299
88 89
88 300
87 88
87 301
86 87
86 302
85 86
85 303
84 85
84 304
83 84
83 305
82 83
82 306
81 82
81 307
80 81
80 308
79 80
79 309
78 79
78 310
77 78
77 311
76 77
76 312
75 76
75 313
74 75
74 314
73 74
73 315
72 73
72 316
71 72
71 317
70 71
70 318
69 70
69 319
68 69
68 320
67 68
67 321
66 67
66 322
65 66
65 323
64 65
64 324
63 64
63 325
62 63
62 326
61 62
61 327
60 61
60 328
59 60
59 329
58 59
58 330
57 58
57 331
56 57
56 332
55 56
55 333
54 55
54 334
53 54
53 335
52 53
52 336
51 52
51 337
50 51
50 338
49 50
49 339
48 49
48 340
47 48
47 341
46 47
46 342
45 46
45 343
44 45
44 344
43 44
43 345
42 43
42 346
41 42
41 347
40 41
40 348
39 40
39 349
38 39
38 350
37 38
37 351
36 37
36 352
35 36
35 353
34 35
34 354
33 34
33 355
32 33
32 356
31 32
31 357
30 31
30 358
29 30
29 359
28 29
28 360
27 28
27 361
26 27
26 362
25 26
25 363
24 25
24 364
23 24
23 365
22 23
22 366
21 22
21 367
20 21
20 368
19 20
19 369
18 19
18 370
17 18
17 371
16 17
16 372
15 16
15 373
14 15
14 374
13 14
13 375
12 13
12 376
11 12
11 377
10 11
10 378
9 10
9 379
8 9
8 380
7 8
7 381
6 7
6 382
5 6
5 383
4 5
4 384
3 4
3 385
2 3
2 386
1 2
1 387
1 416
