571 9396678
190 1
190 388
190 389
189 190
189 390
189 391
188 189
188 392
188 393
187 188
187 394
187 395
186 187
186 396
186 397
185 186
185 398
185 399
184 185
184 400
184 401
183 184
183 402
183 403
182 183
182 404
182 405
181 182
181 406
181 407
180 181
180 408
180 409
179 180
179 410
179 411
178 179
178 412
178 413
177 178
177 414
177 415
176 177
176 416
176 191
175 176
175 192
175 193
174 175
174 194
174 195
173 174
173 196
173 197
172 173
172 198
172 199
171 172
171 200
171 201
170 171
170 202
170 203
169 170
169 204
169 205
168 169
168 206
168 207
167 168
167 208
167 209
166 167
166 210
166 211
165 166
165 212
165 213
164 165
164 214
164 215
163 164
163 216
163 217
162 163
162 218
162 219
161 162
161 220
161 221
160 161
160 222
160 223
159 160
159 224
159 225
158 159
158 226
158 227
157 158
157 228
157 229
156 157
156 230
156 231
155 156
155 232
155 233
154 155
154 234
154 235
153 154
153 236
153 237
152 153
152 238
152 239
151 152
151 240
151 241
150 151
150 242
150 243
149 150
149 244
149 245
148 149
148 246
148 247
147 148
147 248
147 249
146 147
146 250
146 251
145 146
145 252
145 253
144 145
144 254
144 255
143 144
143 256
143 257
142 143
142 258
142 259
141 142
141 260
141 261
140 141
140 262
140 263
139 140
139 264
139 265
138 139
138 266
138 267
137 138
137 268
137 269
136 137
136 270
136 271
135 136
135 272
135 273
134 135
134 274
134 275
133 134
133 276
133 277
132 133
132 278
132 279
131 132
131 280
131 281
130 131
130 282
130 283
129 130
129 284
129 285
128 129
128 286
128 287
127 128
127 288
127 289
126 127
126 290
126 291
125 126
125 292
125 293
124 125
124 294
124 295
123 124
123 296
123 297
122 123
122 298
122 299
121 122
121 300
121 301
120 121
120 302
120 303
119 120
119 304
119 305
118 119
118 306
118 307
117 118
117 308
117 309
116 117
116 310
116 311
115 116
115 312
115 313
114 115
114 314
114 315
113 114
113 316
113 317
112 113
112 318
112 319
111 112
111 320
111 321
110 111
110 322
110 323
109 110
109 324
109 325
108 109
108 326
108 327
107 108
107 328
107 329
106 107
106 330
106 331
105 106
105 332
105 333
104 105
104 334
104 335
103 104
103 336
103 337
102 103
102 338
102 339
101 102
101 340
101 341
100 101
100 342
100 343
99 100
99 344
99 345
98 99
98 346
98 347
97 98
97 348
97 349
96 97
96 350
96 351
95 96
95 352
95 353
94 95
94 354
94 355
93 94
93 356
93 357
92 93
92 358
92 359
91 92
91 360
91 361
90 91
90 362
90 363
89 90
89 364
89 365
88 89
88 366
88 367
87 88
87 368
87 369
86 87
86 370
86 371
85 86
85 372
85 373
84 85
84 374
84 375
83 84
83 376
83 377
82 83
82 378
82 379
81 82
81 380
81 381
80 81
80 382
80 383
79 80
79 384
79 385
78 79
78 386
78 387
77 78
77 388
77 389
76 77
76 390
76 391
75 76
75 392
75 393
74 75
74 394
74 395
73 74
73 396
73 397
72 73
72 398
72 399
71 72
71 400
71 401
70 71
70 402
70 403
69 70
69 404
69 405
68 69
68 406
68 407
67 68
67 408
67 409
66 67
66 410
66 411
65 66
65 412
65 413
64 65
64 414
64 415
63 64
63 416
63 417
62 63
62 418
62 419
61 62
61 420
61 421
60 61
60 422
60 423
59 60
59 424
59 425
58 59
58 426
58 427
57 58
57 428
57 429
56 57
56 430
56 431
55 56
55 432
55 433
54 55
54 434
54 435
53 54
53 436
53 437
52 53
52 438
52 439
51 52
51 440
51 441
50 51
50 442
50 443
49 50
49 444
49 445
48 49
48 446
48 447
47 48
47 448
47 449
46 47
46 450
46 451
45 46
45 452
45 453
44 45
44 454
44 455
43 44
43 456
43 457
42 43
42 458
42 459
41 42
41 460
41 461
40 41
40 462
40 463
39 40
39 464
39 465
38 39
38 466
38 467
37 38
37 468
37 469
36 37
36 470
36 471
35 36
35 472
35 473
34 35
34 474
34 475
33 34
33 476
33 477
32 33
32 478
32 479
31 32
31 480
31 481
30 31
30 482
30 483
29 30
29 484
29 485
28 29
28 486
28 487
27 28
27 488
27 489
26 27
26 490
26 491
25 26
25 492
25 493
24 25
24 494
24 495
23 24
23 496
23 497
22 23
22 498
22 499
21 22
21 500
21 501
20 21
20 502
20 503
19 20
19 504
19 505
18 19
18 506
18 507
17 18
17 508
17 509
16 17
16 510
16 511
15 16
15 512
15 513
14 15
14 514
14 515
13 14
13 516
13 517
12 13
12 518
12 519
11 12
11 520
11 521
10 11
10 522
10 523
9 10
9 524
9 525
8 9
8 526
8 527
7 8
7 528
7 529
6 7
6 530
6 531
5 6
5 532
5 533
4 5
4 534
4 535
3 4
3 536
3 537
2 3
2 538
2 539
1 2
1 540
1 541
1 572
