530 9024252
177 1
177 542
177 543
176 177
176 544
176 545
175 176
175 546
175 547
174 175
174 548
174 549
173 174
173 550
173 551
172 173
172 552
172 553
171 172
171 554
171 555
170 171
170 556
170 557
169 170
169 558
169 559
168 169
168 560
168 561
167 168
167 562
167 563
166 167
166 564
166 565
165 166
165 566
165 567
164 165
164 568
164 569
163 164
163 570
163 571
162 163
162 572
162 178
161 162
161 179
161 180
160 161
160 181
160 182
159 160
159 183
159 184
158 159
158 185
158 186
157 158
157 187
157 188
156 157
156 189
156 190
155 156
155 191
155 192
154 155
154 193
154 194
153 154
153 195
153 196
152 153
152 197
152 198
151 152
151 199
151 200
150 151
150 201
150 202
149 150
149 203
149 204
148 149
148 205
148 206
147 148
147 207
147 208
146 147
146 209
146 210
145 146
145 211
145 212
144 145
144 213
144 214
143 144
143 215
143 216
142 143
142 217
142 218
141 142
141 219
141 220
140 141
140 221
140 222
139 140
139 223
139 224
138 139
138 225
138 226
137 138
137 227
137 228
136 137
136 229
136 230
135 136
135 231
135 232
134 135
134 233
134 234
133 134
133 235
133 236
132 133
132 237
132 238
131 132
131 239
131 240
130 131
130 241
130 242
129 130
129 243
129 244
128 129
128 245
128 246
127 128
127 247
127 248
126 127
126 249
126 250
125 126
125 251
125 252
124 125
124 253
124 254
123 124
123 255
123 256
122 123
122 257
122 258
121 122
121 259
121 260
120 121
120 261
120 262
119 120
119 263
119 264
118 119
118 265
118 266
117 118
117 267
117 268
116 117
116 269
116 270
115 116
115 271
115 272
114 115
114 273
114 274
113 114
113 275
113 276
112 113
112 277
112 278
111 112
111 279
111 280
110 111
110 281
110 282
109 110
109 283
109 284
108 109
108 285
108 286
107 108
107 287
107 288
106 107
106 289
106 290
105 106
105 291
105 292
104 105
104 293
104 294
103 104
103 295
103 296
102 103
102 297
102 298
101 102
101 299
101 300
100 101
100 301
100 302
99 100
99 303
99 304
98 99
98 305
98 306
97 98
97 307
97 308
96 97
96 309
96 310
95 96
95 311
95 312
94 95
94 313
94 314
93 94
93 315
93 316
92 93
92 317
92 318
91 92
91 319
91 320
90 91
90 321
90 322
89 90
89 323
89 324
88 89
88 325
88 326
87 88
87 327
87 328
86 87
86 329
86 330
85 86
85 331
85 332
84 85
84 333
84 334
83 84
83 335
83 336
82 83
82 337
82 338
81 82
81 339
81 340
80 81
80 341
80 342
79 80
79 343
79 344
78 79
78 345
78 346
77 78
77 347
77 348
76 77
76 349
76 350
75 76
75 351
75 352
74 75
74 353
74 354
73 74
73 355
73 356
72 73
72 357
72 358
71 72
71 359
71 360
70 71
70 361
70 362
69 70
69 363
69 364
68 69
68 365
68 366
67 68
67 367
67 368
66 67
66 369
66 370
65 66
65 371
65 372
64 65
64 373
64 374
63 64
63 375
63 376
62 63
62 377
62 378
61 62
61 379
61 380
60 61
60 381
60 382
59 60
59 383
59 384
58 59
58 385
58 386
57 58
57 387
57 388
56 57
56 389
56 390
55 56
55 391
55 392
54 55
54 393
54 394
53 54
53 395
53 396
52 53
52 397
52 398
51 52
51 399
51 400
50 51
50 401
50 402
49 50
49 403
49 404
48 49
48 405
48 406
47 48
47 407
47 408
46 47
46 409
46 410
45 46
45 411
45 412
44 45
44 413
44 414
43 44
43 415
43 416
42 43
42 417
42 418
41 42
41 419
41 420
40 41
40 421
40 422
39 40
39 423
39 424
38 39
38 425
38 426
37 38
37 427
37 428
36 37
36 429
36 430
35 36
35 431
35 432
34 35
34 433
34 434
33 34
33 435
33 436
32 33
32 437
32 438
31 32
31 439
31 440
30 31
30 441
30 442
29 30
29 443
29 444
28 29
28 445
28 446
27 28
27 447
27 448
26 27
26 449
26 450
25 26
25 451
25 452
24 25
24 453
24 454
23 24
23 455
23 456
22 23
22 457
22 458
21 22
21 459
21 460
20 21
20 461
20 462
19 20
19 463
19 464
18 19
18 465
18 466
17 18
17 467
17 468
16 17
16 469
16 470
15 16
15 471
15 472
14 15
14 473
14 474
13 14
13 475
13 476
12 13
12 477
12 478
11 12
11 479
11 480
10 11
10 481
10 482
9 10
9 483
9 484
8 9
8 485
8 486
7 8
7 487
7 488
6 7
6 489
6 490
5 6
5 491
5 492
4 5
4 493
4 494
3 4
3 495
3 496
2 3
2 497
2 498
1 2
1 531
