583 11437238
291 1
291 499
290 291
290 500
289 290
289 501
288 289
288 502
287 288
287 503
286 287
286 504
285 286
285 505
284 285
284 506
283 284
283 507
282 283
282 508
281 282
281 509
280 281
280 510
279 280
279 511
278 279
278 512
277 278
277 513
276 277
276 514
275 276
275 515
274 275
274 516
273 274
273 517
272 273
272 518
271 272
271 519
270 271
270 520
269 270
269 521
268 269
268 522
267 268
267 523
266 267
266 524
265 266
265 525
264 265
264 526
263 264
263 527
262 263
262 528
261 262
261 529
260 261
260 530
259 260
259 531
258 259
258 486
257 258
257 487
256 257
256 292
255 256
255 293
254 255
254 294
253 254
253 295
252 253
252 296
251 252
251 297
250 251
250 298
249 250
249 299
248 249
248 300
247 248
247 301
246 247
246 302
245 246
245 303
244 245
244 304
243 244
243 305
242 243
242 306
241 242
241 307
240 241
240 308
239 240
239 309
238 239
238 310
237 238
237 311
236 237
236 312
235 236
235 313
234 235
234 314
233 234
233 315
232 233
232 316
231 232
231 317
230 231
230 318
229 230
229 319
228 229
228 320
227 228
227 321
226 227
226 322
225 226
225 323
224 225
224 324
223 224
223 325
222 223
222 326
221 222
221 327
220 221
220 328
219 220
219 329
218 219
218 330
217 218
217 331
216 217
216 332
215 216
215 333
214 215
214 334
213 214
213 335
212 213
212 336
211 212
211 337
210 211
210 338
209 210
209 339
208 209
208 340
207 208
207 341
206 207
206 342
205 206
205 343
204 205
204 344
203 204
203 345
202 203
202 346
201 202
201 347
200 201
200 348
199 200
199 349
198 199
198 350
197 198
197 351
196 197
196 352
195 196
195 353
194 195
194 354
193 194
193 355
192 193
192 356
191 192
191 357
190 191
190 358
189 190
189 359
188 189
188 360
187 188
187 361
186 187
186 362
185 186
185 363
184 185
184 364
183 184
183 365
182 183
182 366
181 182
181 367
180 181
180 368
179 180
179 369
178 179
178 370
177 178
177 371
176 177
176 372
175 176
175 373
174 175
174 374
173 174
173 375
172 173
172 376
171 172
171 377
170 171
170 378
169 170
169 379
168 169
168 380
167 168
167 381
166 167
166 382
165 166
165 383
164 165
164 384
163 164
163 385
162 163
162 386
161 162
161 387
160 161
160 388
159 160
159 389
158 159
158 390
157 158
157 391
156 157
156 392
155 156
155 393
154 155
154 394
153 154
153 395
152 153
152 396
151 152
151 397
150 151
150 398
149 150
149 399
148 149
148 400
147 148
147 401
146 147
146 402
145 146
145 403
144 145
144 404
143 144
143 405
142 143
142 406
141 142
141 407
140 141
140 408
139 140
139 409
138 139
138 410
137 138
137 411
136 137
136 412
135 136
135 413
134 135
134 414
133 134
133 415
132 133
132 416
131 132
131 417
130 131
130 418
129 130
129 419
128 129
128 420
127 128
127 421
126 127
126 422
125 126
125 423
124 125
124 424
123 124
123 425
122 123
122 426
121 122
121 427
120 121
120 428
119 120
119 429
118 119
118 430
117 118
117 431
116 117
116 432
115 116
115 433
114 115
114 434
113 114
113 435
112 113
112 436
111 112
111 437
110 111
110 438
109 110
109 439
108 109
108 440
107 108
107 441
106 107
106 442
105 106
105 443
104 105
104 444
103 104
103 445
102 103
102 446
101 102
101 447
100 101
100 448
99 100
99 449
98 99
98 450
97 98
97 451
96 97
96 452
95 96
95 453
94 95
94 454
93 94
93 455
92 93
92 456
91 92
91 457
90 91
90 458
89 90
89 459
88 89
88 460
87 88
87 461
86 87
86 462
85 86
85 463
84 85
84 464
83 84
83 465
82 83
82 466
81 82
81 467
80 81
80 468
79 80
79 469
78 79
78 470
77 78
77 471
76 77
76 472
75 76
75 473
74 75
74 474
73 74
73 475
72 73
72 476
71 72
71 477
70 71
70 478
69 70
69 479
68 69
68 480
67 68
67 481
66 67
66 482
65 66
65 483
64 65
64 484
63 64
63 485
62 63
62 486
61 62
61 487
60 61
60 488
59 60
59 489
58 59
58 490
57 58
57 491
56 57
56 492
55 56
55 493
54 55
54 494
53 54
53 495
52 53
52 496
51 52
51 497
50 51
50 498
49 50
49 499
48 49
48 500
47 48
47 501
46 47
46 502
45 46
45 503
44 45
44 504
43 44
43 505
42 43
42 506
41 42
41 507
40 41
40 508
39 40
39 509
38 39
38 510
37 38
37 511
36 37
36 512
35 36
35 513
34 35
34 514
33 34
33 515
32 33
32 516
31 32
31 517
30 31
30 518
29 30
29 519
28 29
28 520
27 28
27 521
26 27
26 522
25 26
25 523
24 25
24 524
23 24
23 525
22 23
22 526
21 22
21 527
20 21
20 528
19 20
19 529
18 19
18 530
17 18
17 531
16 17
16 532
15 16
15 533
14 15
14 534
13 14
13 535
12 13
12 536
11 12
11 537
10 11
10 538
9 10
9 539
8 9
8 540
7 8
7 541
6 7
6 542
5 6
5 543
4 5
4 544
3 4
3 545
2 3
2 546
1 2
1 547
1 584
