560 3223790
63 1
63 548
63 549
63 550
63 551
63 552
63 553
63 554
63 555
62 63
62 556
62 557
62 558
62 559
62 560
62 561
62 562
62 563
61 62
61 564
61 565
61 566
61 567
61 568
61 569
61 570
61 571
60 61
60 572
60 573
60 574
60 575
60 576
60 577
60 578
60 579
59 60
59 580
59 581
59 582
59 583
59 584
59 64
59 65
59 66
58 59
58 67
58 68
58 69
58 70
58 71
58 72
58 73
58 74
57 58
57 75
57 76
57 77
57 78
57 79
57 80
57 81
57 82
56 57
56 83
56 84
56 85
56 86
56 87
56 88
56 89
56 90
55 56
55 91
55 92
55 93
55 94
55 95
55 96
55 97
55 98
54 55
54 99
54 100
54 101
54 102
54 103
54 104
54 105
54 106
53 54
53 107
53 108
53 109
53 110
53 111
53 112
53 113
53 114
52 53
52 115
52 116
52 117
52 118
52 119
52 120
52 121
52 122
51 52
51 123
51 124
51 125
51 126
51 127
51 128
51 129
51 130
50 51
50 131
50 132
50 133
50 134
50 135
50 136
50 137
50 138
49 50
49 139
49 140
49 141
49 142
49 143
49 144
49 145
49 146
48 49
48 147
48 148
48 149
48 150
48 151
48 152
48 153
48 154
47 48
47 155
47 156
47 157
47 158
47 159
47 160
47 161
47 162
46 47
46 163
46 164
46 165
46 166
46 167
46 168
46 169
46 170
45 46
45 171
45 172
45 173
45 174
45 175
45 176
45 177
45 178
44 45
44 179
44 180
44 181
44 182
44 183
44 184
44 185
44 186
43 44
43 187
43 188
43 189
43 190
43 191
43 192
43 193
43 194
42 43
42 195
42 196
42 197
42 198
42 199
42 200
42 201
42 202
41 42
41 203
41 204
41 205
41 206
41 207
41 208
41 209
41 210
40 41
40 211
40 212
40 213
40 214
40 215
40 216
40 217
40 218
39 40
39 219
39 220
39 221
39 222
39 223
39 224
39 225
39 226
38 39
38 227
38 228
38 229
38 230
38 231
38 232
38 233
38 234
37 38
37 235
37 236
37 237
37 238
37 239
37 240
37 241
37 242
36 37
36 243
36 244
36 245
36 246
36 247
36 248
36 249
36 250
35 36
35 251
35 252
35 253
35 254
35 255
35 256
35 257
35 258
34 35
34 259
34 260
34 261
34 262
34 263
34 264
34 265
34 266
33 34
33 267
33 268
33 269
33 270
33 271
33 272
33 273
33 274
32 33
32 275
32 276
32 277
32 278
32 279
32 280
32 281
32 282
31 32
31 283
31 284
31 285
31 286
31 287
31 288
31 289
31 290
30 31
30 291
30 292
30 293
30 294
30 295
30 296
30 297
30 298
29 30
29 299
29 300
29 301
29 302
29 303
29 304
29 305
29 306
28 29
28 307
28 308
28 309
28 310
28 311
28 312
28 313
28 314
27 28
27 315
27 316
27 317
27 318
27 319
27 320
27 321
27 322
26 27
26 323
26 324
26 325
26 326
26 327
26 328
26 329
26 330
25 26
25 331
25 332
25 333
25 334
25 335
25 336
25 337
25 338
24 25
24 339
24 340
24 341
24 342
24 343
24 344
24 345
24 346
23 24
23 347
23 348
23 349
23 350
23 351
23 352
23 353
23 354
22 23
22 355
22 356
22 357
22 358
22 359
22 360
22 361
22 362
21 22
21 363
21 364
21 365
21 366
21 367
21 368
21 369
21 370
20 21
20 371
20 372
20 373
20 374
20 375
20 376
20 377
20 378
19 20
19 379
19 380
19 381
19 382
19 383
19 384
19 385
19 386
18 19
18 387
18 388
18 389
18 390
18 391
18 392
18 393
18 394
17 18
17 395
17 396
17 397
17 398
17 399
17 400
17 401
17 402
16 17
16 403
16 404
16 405
16 406
16 407
16 408
16 409
16 410
15 16
15 411
15 412
15 413
15 414
15 415
15 416
15 417
15 418
14 15
14 419
14 420
14 421
14 422
14 423
14 424
14 425
14 426
13 14
13 427
13 428
13 429
13 430
13 431
13 432
13 433
13 434
12 13
12 435
12 436
12 437
12 438
12 439
12 440
12 441
12 442
11 12
11 443
11 444
11 445
11 446
11 447
11 448
11 449
11 450
10 11
10 451
10 452
10 453
10 454
10 455
10 456
10 457
10 458
9 10
9 459
9 460
9 461
9 462
9 463
9 464
9 465
9 466
8 9
8 467
8 468
8 469
8 470
8 471
8 472
8 473
8 474
7 8
7 475
7 476
7 477
7 478
7 479
7 480
7 481
7 482
6 7
6 483
6 484
6 485
6 486
6 487
6 488
6 489
6 490
5 6
5 491
5 492
5 493
5 494
5 495
5 496
5 497
5 498
4 5
4 499
4 500
4 501
4 502
4 503
4 504
4 505
4 506
3 4
3 507
3 508
3 509
3 510
3 511
3 512
3 513
3 514
2 3
2 515
2 516
2 517
2 518
2 519
2 520
2 521
2 522
1 2
1 561
