628 13149156
314 1
314 523
313 314
313 524
312 313
312 525
311 312
311 526
310 311
310 527
309 310
309 528
308 309
308 529
307 308
307 530
306 307
306 531
305 306
305 532
304 305
304 533
303 304
303 534
302 303
302 535
301 302
301 536
300 301
300 537
299 300
299 538
298 299
298 539
297 298
297 540
296 297
296 541
295 296
295 542
294 295
294 543
293 294
293 544
292 293
292 545
291 292
291 546
290 291
290 547
289 290
289 548
288 289
288 549
287 288
287 550
286 287
286 551
285 286
285 552
284 285
284 553
283 284
283 554
282 283
282 555
281 282
281 556
280 281
280 557
279 280
279 558
278 279
278 559
277 278
277 560
276 277
276 561
275 276
275 315
274 275
274 316
273 274
273 317
272 273
272 318
271 272
271 319
270 271
270 320
269 270
269 321
268 269
268 322
267 268
267 323
266 267
266 324
265 266
265 325
264 265
264 326
263 264
263 327
262 263
262 328
261 262
261 329
260 261
260 330
259 260
259 331
258 259
258 332
257 258
257 333
256 257
256 334
255 256
255 335
254 255
254 336
253 254
253 337
252 253
252 338
251 252
251 339
250 251
250 340
249 250
249 341
248 249
248 342
247 248
247 343
246 247
246 344
245 246
245 345
244 245
244 346
243 244
243 347
242 243
242 348
241 242
241 349
240 241
240 350
239 240
239 351
238 239
238 352
237 238
237 353
236 237
236 354
235 236
235 355
234 235
234 356
233 234
233 357
232 233
232 358
231 232
231 359
230 231
230 360
229 230
229 361
228 229
228 362
227 228
227 363
226 227
226 364
225 226
225 365
224 225
224 366
223 224
223 367
222 223
222 368
221 222
221 369
220 221
220 370
219 220
219 371
218 219
218 372
217 218
217 373
216 217
216 374
215 216
215 375
214 215
214 376
213 214
213 377
212 213
212 378
211 212
211 379
210 211
210 380
209 210
209 381
208 209
208 382
207 208
207 383
206 207
206 384
205 206
205 385
204 205
204 386
203 204
203 387
202 203
202 388
201 202
201 389
200 201
200 390
199 200
199 391
198 199
198 392
197 198
197 393
196 197
196 394
195 196
195 395
194 195
194 396
193 194
193 397
192 193
192 398
191 192
191 399
190 191
190 400
189 190
189 401
188 189
188 402
187 188
187 403
186 187
186 404
185 186
185 405
184 185
184 406
183 184
183 407
182 183
182 408
181 182
181 409
180 181
180 410
179 180
179 411
178 179
178 412
177 178
177 413
176 177
176 414
175 176
175 415
174 175
174 416
173 174
173 417
172 173
172 418
171 172
171 419
170 171
170 420
169 170
169 421
168 169
168 422
167 168
167 423
166 167
166 424
165 166
165 425
164 165
164 426
163 164
163 427
162 163
162 428
161 162
161 429
160 161
160 430
159 160
159 431
158 159
158 432
157 158
157 433
156 157
156 434
155 156
155 435
154 155
154 436
153 154
153 437
152 153
152 438
151 152
151 439
150 151
150 440
149 150
149 441
148 149
148 442
147 148
147 443
146 147
146 444
145 146
145 445
144 145
144 446
143 144
143 447
142 143
142 448
141 142
141 449
140 141
140 450
139 140
139 451
138 139
138 452
137 138
137 453
136 137
136 454
135 136
135 455
134 135
134 456
133 134
133 457
132 133
132 458
131 132
131 459
130 131
130 460
129 130
129 461
128 129
128 462
127 128
127 463
126 127
126 464
125 126
125 465
124 125
124 466
123 124
123 467
122 123
122 468
121 122
121 469
120 121
120 470
119 120
119 471
118 119
118 472
117 118
117 473
116 117
116 474
115 116
115 475
114 115
114 476
113 114
113 477
112 113
112 478
111 112
111 479
110 111
110 480
109 110
109 481
108 109
108 482
107 108
107 483
106 107
106 484
105 106
105 485
104 105
104 486
103 104
103 487
102 103
102 488
101 102
101 489
100 101
100 490
99 100
99 491
98 99
98 492
97 98
97 493
96 97
96 494
95 96
95 495
94 95
94 496
93 94
93 497
92 93
92 498
91 92
91 499
90 91
90 500
89 90
89 501
88 89
88 502
87 88
87 503
86 87
86 504
85 86
85 505
84 85
84 506
83 84
83 507
82 83
82 508
81 82
81 509
80 81
80 510
79 80
79 511
78 79
78 512
77 78
77 513
76 77
76 514
75 76
75 515
74 75
74 516
73 74
73 517
72 73
72 518
71 72
71 519
70 71
70 520
69 70
69 521
68 69
68 522
67 68
67 523
66 67
66 524
65 66
65 525
64 65
64 526
63 64
63 527
62 63
62 528
61 62
61 529
60 61
60 530
59 60
59 531
58 59
58 532
57 58
57 533
56 57
56 534
55 56
55 535
54 55
54 536
53 54
53 537
52 53
52 538
51 52
51 539
50 51
50 540
49 50
49 541
48 49
48 542
47 48
47 543
46 47
46 544
45 46
45 545
44 45
44 546
43 44
43 547
42 43
42 548
41 42
41 549
40 41
40 550
39 40
39 551
38 39
38 552
37 38
37 553
36 37
36 554
35 36
35 555
34 35
34 556
33 34
33 557
32 33
32 558
31 32
31 559
30 31
30 560
29 30
29 561
28 29
28 562
27 28
27 563
26 27
26 564
25 26
25 565
24 25
24 566
23 24
23 567
22 23
22 568
21 22
21 569
20 21
20 570
19 20
19 571
18 19
18 572
17 18
17 573
16 17
16 574
15 16
15 575
14 15
14 576
13 14
13 577
12 13
12 578
11 12
11 579
10 11
10 580
9 10
9 581
8 9
8 582
7 8
7 583
6 7
6 584
5 6
5 585
4 5
4 586
3 4
3 587
2 3
2 588
1 2
1 629
