615 1394108
25 1
25 589
25 590
25 591
25 592
25 593
25 594
25 595
25 596
25 597
25 598
25 599
25 600
25 601
25 602
25 603
25 604
25 605
25 606
25 607
25 608
25 609
25 610
25 611
25 612
24 25
24 613
24 614
24 615
24 616
24 617
24 618
24 619
24 620
24 621
24 622
24 623
24 624
24 625
24 626
24 627
24 628
24 629
24 26
24 27
24 28
24 29
24 30
24 31
24 32
23 24
23 33
23 34
23 35
23 36
23 37
23 38
23 39
23 40
23 41
23 42
23 43
23 44
23 45
23 46
23 47
23 48
23 49
23 50
23 51
23 52
23 53
23 54
23 55
23 56
22 23
22 57
22 58
22 59
22 60
22 61
22 62
22 63
22 64
22 65
22 66
22 67
22 68
22 69
22 70
22 71
22 72
22 73
22 74
22 75
22 76
22 77
22 78
22 79
22 80
21 22
21 81
21 82
21 83
21 84
21 85
21 86
21 87
21 88
21 89
21 90
21 91
21 92
21 93
21 94
21 95
21 96
21 97
21 98
21 99
21 100
21 101
21 102
21 103
21 104
20 21
20 105
20 106
20 107
20 108
20 109
20 110
20 111
20 112
20 113
20 114
20 115
20 116
20 117
20 118
20 119
20 120
20 121
20 122
20 123
20 124
20 125
20 126
20 127
20 128
19 20
19 129
19 130
19 131
19 132
19 133
19 134
19 135
19 136
19 137
19 138
19 139
19 140
19 141
19 142
19 143
19 144
19 145
19 146
19 147
19 148
19 149
19 150
19 151
19 152
18 19
18 153
18 154
18 155
18 156
18 157
18 158
18 159
18 160
18 161
18 162
18 163
18 164
18 165
18 166
18 167
18 168
18 169
18 170
18 171
18 172
18 173
18 174
18 175
18 176
17 18
17 177
17 178
17 179
17 180
17 181
17 182
17 183
17 184
17 185
17 186
17 187
17 188
17 189
17 190
17 191
17 192
17 193
17 194
17 195
17 196
17 197
17 198
17 199
17 200
16 17
16 201
16 202
16 203
16 204
16 205
16 206
16 207
16 208
16 209
16 210
16 211
16 212
16 213
16 214
16 215
16 216
16 217
16 218
16 219
16 220
16 221
16 222
16 223
16 224
15 16
15 225
15 226
15 227
15 228
15 229
15 230
15 231
15 232
15 233
15 234
15 235
15 236
15 237
15 238
15 239
15 240
15 241
15 242
15 243
15 244
15 245
15 246
15 247
15 248
14 15
14 249
14 250
14 251
14 252
14 253
14 254
14 255
14 256
14 257
14 258
14 259
14 260
14 261
14 262
14 263
14 264
14 265
14 266
14 267
14 268
14 269
14 270
14 271
14 272
13 14
13 273
13 274
13 275
13 276
13 277
13 278
13 279
13 280
13 281
13 282
13 283
13 284
13 285
13 286
13 287
13 288
13 289
13 290
13 291
13 292
13 293
13 294
13 295
13 296
12 13
12 297
12 298
12 299
12 300
12 301
12 302
12 303
12 304
12 305
12 306
12 307
12 308
12 309
12 310
12 311
12 312
12 313
12 314
12 315
12 316
12 317
12 318
12 319
12 320
11 12
11 321
11 322
11 323
11 324
11 325
11 326
11 327
11 328
11 329
11 330
11 331
11 332
11 333
11 334
11 335
11 336
11 337
11 338
11 339
11 340
11 341
11 342
11 343
11 344
10 11
10 345
10 346
10 347
10 348
10 349
10 350
10 351
10 352
10 353
10 354
10 355
10 356
10 357
10 358
10 359
10 360
10 361
10 362
10 363
10 364
10 365
10 366
10 367
10 368
9 10
9 369
9 370
9 371
9 372
9 373
9 374
9 375
9 376
9 377
9 378
9 379
9 380
9 381
9 382
9 383
9 384
9 385
9 386
9 387
9 388
9 389
9 390
9 391
9 392
8 9
8 393
8 394
8 395
8 396
8 397
8 398
8 399
8 400
8 401
8 402
8 403
8 404
8 405
8 406
8 407
8 408
8 409
8 410
8 411
8 412
8 413
8 414
8 415
8 416
7 8
7 417
7 418
7 419
7 420
7 421
7 422
7 423
7 424
7 425
7 426
7 427
7 428
7 429
7 430
7 431
7 432
7 433
7 434
7 435
7 436
7 437
7 438
7 439
7 440
6 7
6 441
6 442
6 443
6 444
6 445
6 446
6 447
6 448
6 449
6 450
6 451
6 452
6 453
6 454
6 455
6 456
6 457
6 458
6 459
6 460
6 461
6 462
6 463
6 464
5 6
5 465
5 466
5 467
5 468
5 469
5 470
5 471
5 472
5 473
5 474
5 475
5 476
5 477
5 478
5 479
5 480
5 481
5 482
5 483
5 484
5 485
5 486
5 487
5 488
4 5
4 489
4 490
4 491
4 492
4 493
4 494
4 495
4 496
4 497
4 498
4 499
4 500
4 501
4 502
4 503
4 504
4 505
4 506
4 507
4 508
4 509
4 510
4 511
4 512
3 4
3 513
3 514
3 515
3 516
3 517
3 518
3 519
3 520
3 521
3 522
3 523
3 524
3 525
3 526
3 527
3 528
3 529
3 530
3 531
3 532
3 533
3 534
3 535
3 536
2 3
2 537
2 538
2 539
2 540
2 541
2 542
2 543
2 544
2 545
2 546
2 547
2 548
2 549
2 550
2 551
2 552
2 553
2 554
2 555
2 556
2 557
2 558
2 559
2 560
1 2
1 561
1 562
1 563
1 564
1 565
1 566
1 567
1 568
1 569
1 570
1 571
1 572
1 573
1 616
