628 9258317
158 1
158 700
158 701
158 702
157 158
157 703
157 704
157 705
156 157
156 706
156 707
156 708
155 156
155 709
155 710
155 711
154 155
154 712
154 713
154 714
153 154
153 715
153 716
153 717
152 153
152 718
152 719
152 720
151 152
151 721
151 722
151 723
150 151
150 724
150 725
150 726
149 150
149 727
149 728
149 729
148 149
148 730
148 731
148 732
147 148
147 733
147 734
147 735
146 147
146 736
146 737
146 738
145 146
145 739
145 740
145 741
144 145
144 742
144 743
144 744
143 144
143 159
143 160
143 161
142 143
142 162
142 163
142 164
141 142
141 165
141 166
141 167
140 141
140 168
140 169
140 170
139 140
139 171
139 172
139 173
138 139
138 174
138 175
138 176
137 138
137 177
137 178
137 179
136 137
136 180
136 181
136 182
135 136
135 183
135 184
135 185
134 135
134 186
134 187
134 188
133 134
133 189
133 190
133 191
132 133
132 192
132 193
132 194
131 132
131 195
131 196
131 197
130 131
130 198
130 199
130 200
129 130
129 201
129 202
129 203
128 129
128 204
128 205
128 206
127 128
127 207
127 208
127 209
126 127
126 210
126 211
126 212
125 126
125 213
125 214
125 215
124 125
124 216
124 217
124 218
123 124
123 219
123 220
123 221
122 123
122 222
122 223
122 224
121 122
121 225
121 226
121 227
120 121
120 228
120 229
120 230
119 120
119 231
119 232
119 233
118 119
118 234
118 235
118 236
117 118
117 237
117 238
117 239
116 117
116 240
116 241
116 242
115 116
115 243
115 244
115 245
114 115
114 246
114 247
114 248
113 114
113 249
113 250
113 251
112 113
112 252
112 253
112 254
111 112
111 255
111 256
111 257
110 111
110 258
110 259
110 260
109 110
109 261
109 262
109 263
108 109
108 264
108 265
108 266
107 108
107 267
107 268
107 269
106 107
106 270
106 271
106 272
105 106
105 273
105 274
105 275
104 105
104 276
104 277
104 278
103 104
103 279
103 280
103 281
102 103
102 282
102 283
102 284
101 102
101 285
101 286
101 287
100 101
100 288
100 289
100 290
99 100
99 291
99 292
99 293
98 99
98 294
98 295
98 296
97 98
97 297
97 298
97 299
96 97
96 300
96 301
96 302
95 96
95 303
95 304
95 305
94 95
94 306
94 307
94 308
93 94
93 309
93 310
93 311
92 93
92 312
92 313
92 314
91 92
91 315
91 316
91 317
90 91
90 318
90 319
90 320
89 90
89 321
89 322
89 323
88 89
88 324
88 325
88 326
87 88
87 327
87 328
87 329
86 87
86 330
86 331
86 332
85 86
85 333
85 334
85 335
84 85
84 336
84 337
84 338
83 84
83 339
83 340
83 341
82 83
82 342
82 343
82 344
81 82
81 345
81 346
81 347
80 81
80 348
80 349
80 350
79 80
79 351
79 352
79 353
78 79
78 354
78 355
78 356
77 78
77 357
77 358
77 359
76 77
76 360
76 361
76 362
75 76
75 363
75 364
75 365
74 75
74 366
74 367
74 368
73 74
73 369
73 370
73 371
72 73
72 372
72 373
72 374
71 72
71 375
71 376
71 377
70 71
70 378
70 379
70 380
69 70
69 381
69 382
69 383
68 69
68 384
68 385
68 386
67 68
67 387
67 388
67 389
66 67
66 390
66 391
66 392
65 66
65 393
65 394
65 395
64 65
64 396
64 397
64 398
63 64
63 399
63 400
63 401
62 63
62 402
62 403
62 404
61 62
61 405
61 406
61 407
60 61
60 408
60 409
60 410
59 60
59 411
59 412
59 413
58 59
58 414
58 415
58 416
57 58
57 417
57 418
57 419
56 57
56 420
56 421
56 422
55 56
55 423
55 424
55 425
54 55
54 426
54 427
54 428
53 54
53 429
53 430
53 431
52 53
52 432
52 433
52 434
51 52
51 435
51 436
51 437
50 51
50 438
50 439
50 440
49 50
49 441
49 442
49 443
48 49
48 444
48 445
48 446
47 48
47 447
47 448
47 449
46 47
46 450
46 451
46 452
45 46
45 453
45 454
45 455
44 45
44 456
44 457
44 458
43 44
43 459
43 460
43 461
42 43
42 462
42 463
42 464
41 42
41 465
41 466
41 467
40 41
40 468
40 469
40 470
39 40
39 471
39 472
39 473
38 39
38 474
38 475
38 476
37 38
37 477
37 478
37 479
36 37
36 480
36 481
36 482
35 36
35 483
35 484
35 485
34 35
34 486
34 487
34 488
33 34
33 489
33 490
33 491
32 33
32 492
32 493
32 494
31 32
31 495
31 496
31 497
30 31
30 498
30 499
30 500
29 30
29 501
29 502
29 503
28 29
28 504
28 505
28 506
27 28
27 507
27 508
27 509
26 27
26 510
26 511
26 512
25 26
25 513
25 514
25 515
24 25
24 516
24 517
24 518
23 24
23 519
23 520
23 521
22 23
22 522
22 523
22 524
21 22
21 525
21 526
21 527
20 21
20 528
20 529
20 530
19 20
19 531
19 532
19 533
18 19
18 534
18 535
18 536
17 18
17 537
17 538
17 539
16 17
16 540
16 541
16 542
15 16
15 543
15 544
15 545
14 15
14 546
14 547
14 548
13 14
13 549
13 550
13 551
12 13
12 552
12 553
12 554
11 12
11 555
11 556
11 557
10 11
10 558
10 559
10 560
9 10
9 561
9 562
9 563
8 9
8 564
8 565
8 566
7 8
7 567
7 568
7 569
6 7
6 570
6 571
6 572
5 6
5 573
5 574
5 575
4 5
4 576
4 577
4 578
3 4
3 579
3 580
3 581
2 3
2 582
1 2
1 629
