838 24516016
419 1
419 850
418 419
418 851
417 418
417 852
416 417
416 853
415 416
415 854
414 415
414 855
413 414
413 856
412 413
412 857
411 412
411 858
410 411
410 859
409 410
409 860
408 409
408 861
407 408
407 862
406 407
406 863
405 406
405 864
404 405
404 865
403 404
403 866
402 403
402 867
401 402
401 868
400 401
400 869
399 400
399 870
398 399
398 871
397 398
397 872
396 397
396 873
395 396
395 874
394 395
394 875
393 394
393 876
392 393
392 877
391 392
391 878
390 391
390 879
389 390
389 880
388 389
388 881
387 388
387 882
386 387
386 883
385 386
385 884
384 385
384 885
383 384
383 886
382 383
382 887
381 382
381 888
380 381
380 889
379 380
379 890
378 379
378 891
377 378
377 892
376 377
376 893
375 376
375 894
374 375
374 895
373 374
373 896
372 373
372 897
371 372
371 898
370 371
370 899
369 370
369 900
368 369
368 420
367 368
367 421
366 367
366 422
365 366
365 423
364 365
364 424
363 364
363 425
362 363
362 426
361 362
361 427
360 361
360 428
359 360
359 429
358 359
358 430
357 358
357 431
356 357
356 432
355 356
355 433
354 355
354 434
353 354
353 435
352 353
352 436
351 352
351 437
350 351
350 438
349 350
349 439
348 349
348 440
347 348
347 441
346 347
346 442
345 346
345 443
344 345
344 444
343 344
343 445
342 343
342 446
341 342
341 447
340 341
340 448
339 340
339 449
338 339
338 450
337 338
337 451
336 337
336 452
335 336
335 453
334 335
334 454
333 334
333 455
332 333
332 456
331 332
331 457
330 331
330 458
329 330
329 459
328 329
328 460
327 328
327 461
326 327
326 462
325 326
325 463
324 325
324 464
323 324
323 465
322 323
322 466
321 322
321 467
320 321
320 468
319 320
319 469
318 319
318 470
317 318
317 471
316 317
316 472
315 316
315 473
314 315
314 474
313 314
313 475
312 313
312 476
311 312
311 477
310 311
310 478
309 310
309 479
308 309
308 480
307 308
307 481
306 307
306 482
305 306
305 483
304 305
304 484
303 304
303 485
302 303
302 486
301 302
301 487
300 301
300 488
299 300
299 489
298 299
298 490
297 298
297 491
296 297
296 492
295 296
295 493
294 295
294 494
293 294
293 495
292 293
292 496
291 292
291 497
290 291
290 498
289 290
289 499
288 289
288 500
287 288
287 501
286 287
286 502
285 286
285 503
284 285
284 504
283 284
283 505
282 283
282 506
281 282
281 507
280 281
280 508
279 280
279 509
278 279
278 510
277 278
277 511
276 277
276 512
275 276
275 513
274 275
274 514
273 274
273 515
272 273
272 516
271 272
271 517
270 271
270 518
269 270
269 519
268 269
268 520
267 268
267 521
266 267
266 522
265 266
265 523
264 265
264 524
263 264
263 525
262 263
262 526
261 262
261 527
260 261
260 528
259 260
259 529
258 259
258 530
257 258
257 531
256 257
256 532
255 256
255 533
254 255
254 534
253 254
253 535
252 253
252 536
251 252
251 537
250 251
250 538
249 250
249 539
248 249
248 540
247 248
247 541
246 247
246 542
245 246
245 543
244 245
244 544
243 244
243 545
242 243
242 546
241 242
241 547
240 241
240 548
239 240
239 549
238 239
238 550
237 238
237 551
236 237
236 552
235 236
235 553
234 235
234 554
233 234
233 555
232 233
232 556
231 232
231 557
230 231
230 558
229 230
229 559
228 229
228 560
227 228
227 561
226 227
226 562
225 226
225 563
224 225
224 564
223 224
223 565
222 223
222 566
221 222
221 567
220 221
220 568
219 220
219 569
218 219
218 570
217 218
217 571
216 217
216 572
215 216
215 573
214 215
214 574
213 214
213 575
212 213
212 576
211 212
211 577
210 211
210 578
209 210
209 579
208 209
208 580
207 208
207 581
206 207
206 582
205 206
205 583
204 205
204 584
203 204
203 585
202 203
202 586
201 202
201 587
200 201
200 588
199 200
199 589
198 199
198 590
197 198
197 591
196 197
196 592
195 196
195 593
194 195
194 594
193 194
193 595
192 193
192 596
191 192
191 597
190 191
190 598
189 190
189 599
188 189
188 600
187 188
187 601
186 187
186 602
185 186
185 603
184 185
184 604
183 184
183 605
182 183
182 606
181 182
181 607
180 181
180 608
179 180
179 609
178 179
178 610
177 178
177 611
176 177
176 612
175 176
175 613
174 175
174 614
173 174
173 615
172 173
172 616
171 172
171 617
170 171
170 618
169 170
169 619
168 169
168 620
167 168
167 621
166 167
166 622
165 166
165 623
164 165
164 624
163 164
163 625
162 163
162 626
161 162
161 627
160 161
160 628
159 160
159 629
158 159
158 630
157 158
157 631
156 157
156 632
155 156
155 633
154 155
154 634
153 154
153 635
152 153
152 636
151 152
151 637
150 151
150 638
149 150
149 639
148 149
148 640
147 148
147 641
146 147
146 642
145 146
145 643
144 145
144 644
143 144
143 645
142 143
142 646
141 142
141 647
140 141
140 648
139 140
139 649
138 139
138 650
137 138
137 651
136 137
136 652
135 136
135 653
134 135
134 654
133 134
133 655
132 133
132 656
131 132
131 657
130 131
130 658
129 130
129 659
128 129
128 660
127 128
127 661
126 127
126 662
125 126
125 663
124 125
124 664
123 124
123 665
122 123
122 666
121 122
121 667
120 121
120 668
119 120
119 669
118 119
118 670
117 118
117 671
116 117
116 672
115 116
115 673
114 115
114 674
113 114
113 675
112 113
112 676
111 112
111 677
110 111
110 678
109 110
109 679
108 109
108 680
107 108
107 681
106 107
106 682
105 106
105 683
104 105
104 684
103 104
103 685
102 103
102 686
101 102
101 687
100 101
100 688
99 100
99 689
98 99
98 690
97 98
97 691
96 97
96 692
95 96
95 693
94 95
94 694
93 94
93 695
92 93
92 696
91 92
91 697
90 91
90 698
89 90
89 699
88 89
88 700
87 88
87 701
86 87
86 702
85 86
85 703
84 85
84 704
83 84
83 705
82 83
82 706
81 82
81 707
80 81
80 708
79 80
79 709
78 79
78 710
77 78
77 711
76 77
76 712
75 76
75 713
74 75
74 714
73 74
73 715
72 73
72 716
71 72
71 717
70 71
70 718
69 70
69 719
68 69
68 720
67 68
67 721
66 67
66 722
65 66
65 723
64 65
64 724
63 64
63 725
62 63
62 726
61 62
61 727
60 61
60 728
59 60
59 729
58 59
58 730
57 58
57 731
56 57
56 732
55 56
55 733
54 55
54 734
53 54
53 735
52 53
52 736
51 52
51 737
50 51
50 738
49 50
49 739
48 49
48 740
47 48
47 741
46 47
46 742
45 46
45 743
44 45
44 744
43 44
43 745
42 43
42 746
41 42
41 747
40 41
40 748
39 40
39 749
38 39
38 750
37 38
37 751
36 37
36 752
35 36
35 753
34 35
34 754
33 34
33 755
32 33
32 756
31 32
31 757
30 31
30 758
29 30
29 759
28 29
28 760
27 28
27 761
26 27
26 762
25 26
25 763
24 25
24 764
23 24
23 765
22 23
22 766
21 22
21 767
20 21
20 768
19 20
19 769
18 19
18 770
17 18
17 771
16 17
16 772
15 16
15 773
14 15
14 774
13 14
13 775
12 13
12 776
11 12
11 777
10 11
10 778
9 10
9 779
8 9
8 780
7 8
7 781
6 7
6 782
5 6
5 783
4 5
4 784
3 4
3 785
2 3
2 786
1 2
1 839
