767 18960055
383 1
383 787
382 383
382 788
381 382
381 789
380 381
380 790
379 380
379 791
378 379
378 792
377 378
377 793
376 377
376 794
375 376
375 795
374 375
374 796
373 374
373 797
372 373
372 798
371 372
371 799
370 371
370 800
369 370
369 801
368 369
368 802
367 368
367 803
366 367
366 804
365 366
365 805
364 365
364 806
363 364
363 807
362 363
362 808
361 362
361 809
360 361
360 810
359 360
359 811
358 359
358 812
357 358
357 813
356 357
356 814
355 356
355 815
354 355
354 816
353 354
353 817
352 353
352 818
351 352
351 819
350 351
350 820
349 350
349 821
348 349
348 822
347 348
347 823
346 347
346 824
345 346
345 825
344 345
344 826
343 344
343 827
342 343
342 828
341 342
341 829
340 341
340 830
339 340
339 831
338 339
338 832
337 338
337 833
336 337
336 834
335 336
335 835
334 335
334 836
333 334
333 837
332 333
332 838
331 332
331 839
330 331
330 384
329 330
329 385
328 329
328 386
327 328
327 387
326 327
326 388
325 326
325 389
324 325
324 390
323 324
323 391
322 323
322 392
321 322
321 393
320 321
320 394
319 320
319 395
318 319
318 396
317 318
317 397
316 317
316 398
315 316
315 399
314 315
314 400
313 314
313 401
312 313
312 402
311 312
311 403
310 311
310 404
309 310
309 405
308 309
308 406
307 308
307 407
306 307
306 408
305 306
305 409
304 305
304 410
303 304
303 411
302 303
302 412
301 302
301 413
300 301
300 414
299 300
299 415
298 299
298 416
297 298
297 417
296 297
296 418
295 296
295 419
294 295
294 420
293 294
293 421
292 293
292 422
291 292
291 423
290 291
290 424
289 290
289 425
288 289
288 426
287 288
287 427
286 287
286 428
285 286
285 429
284 285
284 430
283 284
283 431
282 283
282 432
281 282
281 433
280 281
280 434
279 280
279 435
278 279
278 436
277 278
277 437
276 277
276 438
275 276
275 439
274 275
274 440
273 274
273 441
272 273
272 442
271 272
271 443
270 271
270 444
269 270
269 445
268 269
268 446
267 268
267 447
266 267
266 448
265 266
265 449
264 265
264 450
263 264
263 451
262 263
262 452
261 262
261 453
260 261
260 454
259 260
259 455
258 259
258 456
257 258
257 457
256 257
256 458
255 256
255 459
254 255
254 460
253 254
253 461
252 253
252 462
251 252
251 463
250 251
250 464
249 250
249 465
248 249
248 466
247 248
247 467
246 247
246 468
245 246
245 469
244 245
244 470
243 244
243 471
242 243
242 472
241 242
241 473
240 241
240 474
239 240
239 475
238 239
238 476
237 238
237 477
236 237
236 478
235 236
235 479
234 235
234 480
233 234
233 481
232 233
232 482
231 232
231 483
230 231
230 484
229 230
229 485
228 229
228 486
227 228
227 487
226 227
226 488
225 226
225 489
224 225
224 490
223 224
223 491
222 223
222 492
221 222
221 493
220 221
220 494
219 220
219 495
218 219
218 496
217 218
217 497
216 217
216 498
215 216
215 499
214 215
214 500
213 214
213 501
212 213
212 502
211 212
211 503
210 211
210 504
209 210
209 505
208 209
208 506
207 208
207 507
206 207
206 508
205 206
205 509
204 205
204 510
203 204
203 511
202 203
202 512
201 202
201 513
200 201
200 514
199 200
199 515
198 199
198 516
197 198
197 517
196 197
196 518
195 196
195 519
194 195
194 520
193 194
193 521
192 193
192 522
191 192
191 523
190 191
190 524
189 190
189 525
188 189
188 526
187 188
187 527
186 187
186 528
185 186
185 529
184 185
184 530
183 184
183 531
182 183
182 532
181 182
181 533
180 181
180 534
179 180
179 535
178 179
178 536
177 178
177 537
176 177
176 538
175 176
175 539
174 175
174 540
173 174
173 541
172 173
172 542
171 172
171 543
170 171
170 544
169 170
169 545
168 169
168 546
167 168
167 547
166 167
166 548
165 166
165 549
164 165
164 550
163 164
163 551
162 163
162 552
161 162
161 553
160 161
160 554
159 160
159 555
158 159
158 556
157 158
157 557
156 157
156 558
155 156
155 559
154 155
154 560
153 154
153 561
152 153
152 562
151 152
151 563
150 151
150 564
149 150
149 565
148 149
148 566
147 148
147 567
146 147
146 568
145 146
145 569
144 145
144 570
143 144
143 571
142 143
142 572
141 142
141 573
140 141
140 574
139 140
139 575
138 139
138 576
137 138
137 577
136 137
136 578
135 136
135 579
134 135
134 580
133 134
133 581
132 133
132 582
131 132
131 583
130 131
130 584
129 130
129 585
128 129
128 586
127 128
127 587
126 127
126 588
125 126
125 589
124 125
124 590
123 124
123 591
122 123
122 592
121 122
121 593
120 121
120 594
119 120
119 595
118 119
118 596
117 118
117 597
116 117
116 598
115 116
115 599
114 115
114 600
113 114
113 601
112 113
112 602
111 112
111 603
110 111
110 604
109 110
109 605
108 109
108 606
107 108
107 607
106 107
106 608
105 106
105 609
104 105
104 610
103 104
103 611
102 103
102 612
101 102
101 613
100 101
100 614
99 100
99 615
98 99
98 616
97 98
97 617
96 97
96 618
95 96
95 619
94 95
94 620
93 94
93 621
92 93
92 622
91 92
91 623
90 91
90 624
89 90
89 625
88 89
88 626
87 88
87 627
86 87
86 628
85 86
85 629
84 85
84 630
83 84
83 631
82 83
82 632
81 82
81 633
80 81
80 634
79 80
79 635
78 79
78 636
77 78
77 637
76 77
76 638
75 76
75 639
74 75
74 640
73 74
73 641
72 73
72 642
71 72
71 643
70 71
70 644
69 70
69 645
68 69
68 646
67 68
67 647
66 67
66 648
65 66
65 649
64 65
64 650
63 64
63 651
62 63
62 652
61 62
61 653
60 61
60 654
59 60
59 655
58 59
58 656
57 58
57 657
56 57
56 658
55 56
55 659
54 55
54 660
53 54
53 661
52 53
52 662
51 52
51 663
50 51
50 664
49 50
49 665
48 49
48 666
47 48
47 667
46 47
46 668
45 46
45 669
44 45
44 670
43 44
43 671
42 43
42 672
41 42
41 673
40 41
40 674
39 40
39 675
38 39
38 676
37 38
37 677
36 37
36 678
35 36
35 679
34 35
34 680
33 34
33 681
32 33
32 682
31 32
31 683
30 31
30 684
29 30
29 685
28 29
28 686
27 28
27 687
26 27
26 688
25 26
25 689
24 25
24 690
23 24
23 691
22 23
22 692
21 22
21 693
20 21
20 694
19 20
19 695
18 19
18 696
17 18
17 697
16 17
16 698
15 16
15 699
14 15
14 700
13 14
13 701
12 13
12 702
11 12
11 703
10 11
10 704
9 10
9 705
8 9
8 706
7 8
7 707
6 7
6 708
5 6
5 709
4 5
4 710
3 4
3 711
2 3
2 712
1 2
1 713
1 768
