782 4263811
87 1
87 714
87 715
87 716
87 717
87 718
87 719
87 720
87 721
86 87
86 722
86 723
86 724
86 725
86 726
86 727
86 728
86 729
85 86
85 730
85 731
85 732
85 733
85 734
85 735
85 736
85 737
84 85
84 738
84 739
84 740
84 741
84 742
84 743
84 744
84 745
83 84
83 746
83 747
83 748
83 749
83 750
83 751
83 752
83 753
82 83
82 754
82 755
82 756
82 757
82 758
82 759
82 760
82 761
81 82
81 762
81 763
81 764
81 765
81 766
81 767
81 768
81 88
80 81
80 89
80 90
80 91
80 92
80 93
80 94
80 95
80 96
79 80
79 97
79 98
79 99
79 100
79 101
79 102
79 103
79 104
78 79
78 105
78 106
78 107
78 108
78 109
78 110
78 111
78 112
77 78
77 113
77 114
77 115
77 116
77 117
77 118
77 119
77 120
76 77
76 121
76 122
76 123
76 124
76 125
76 126
76 127
76 128
75 76
75 129
75 130
75 131
75 132
75 133
75 134
75 135
75 136
74 75
74 137
74 138
74 139
74 140
74 141
74 142
74 143
74 144
73 74
73 145
73 146
73 147
73 148
73 149
73 150
73 151
73 152
72 73
72 153
72 154
72 155
72 156
72 157
72 158
72 159
72 160
71 72
71 161
71 162
71 163
71 164
71 165
71 166
71 167
71 168
70 71
70 169
70 170
70 171
70 172
70 173
70 174
70 175
70 176
69 70
69 177
69 178
69 179
69 180
69 181
69 182
69 183
69 184
68 69
68 185
68 186
68 187
68 188
68 189
68 190
68 191
68 192
67 68
67 193
67 194
67 195
67 196
67 197
67 198
67 199
67 200
66 67
66 201
66 202
66 203
66 204
66 205
66 206
66 207
66 208
65 66
65 209
65 210
65 211
65 212
65 213
65 214
65 215
65 216
64 65
64 217
64 218
64 219
64 220
64 221
64 222
64 223
64 224
63 64
63 225
63 226
63 227
63 228
63 229
63 230
63 231
63 232
62 63
62 233
62 234
62 235
62 236
62 237
62 238
62 239
62 240
61 62
61 241
61 242
61 243
61 244
61 245
61 246
61 247
61 248
60 61
60 249
60 250
60 251
60 252
60 253
60 254
60 255
60 256
59 60
59 257
59 258
59 259
59 260
59 261
59 262
59 263
59 264
58 59
58 265
58 266
58 267
58 268
58 269
58 270
58 271
58 272
57 58
57 273
57 274
57 275
57 276
57 277
57 278
57 279
57 280
56 57
56 281
56 282
56 283
56 284
56 285
56 286
56 287
56 288
55 56
55 289
55 290
55 291
55 292
55 293
55 294
55 295
55 296
54 55
54 297
54 298
54 299
54 300
54 301
54 302
54 303
54 304
53 54
53 305
53 306
53 307
53 308
53 309
53 310
53 311
53 312
52 53
52 313
52 314
52 315
52 316
52 317
52 318
52 319
52 320
51 52
51 321
51 322
51 323
51 324
51 325
51 326
51 327
51 328
50 51
50 329
50 330
50 331
50 332
50 333
50 334
50 335
50 336
49 50
49 337
49 338
49 339
49 340
49 341
49 342
49 343
49 344
48 49
48 345
48 346
48 347
48 348
48 349
48 350
48 351
48 352
47 48
47 353
47 354
47 355
47 356
47 357
47 358
47 359
47 360
46 47
46 361
46 362
46 363
46 364
46 365
46 366
46 367
46 368
45 46
45 369
45 370
45 371
45 372
45 373
45 374
45 375
45 376
44 45
44 377
44 378
44 379
44 380
44 381
44 382
44 383
44 384
43 44
43 385
43 386
43 387
43 388
43 389
43 390
43 391
43 392
42 43
42 393
42 394
42 395
42 396
42 397
42 398
42 399
42 400
41 42
41 401
41 402
41 403
41 404
41 405
41 406
41 407
41 408
40 41
40 409
40 410
40 411
40 412
40 413
40 414
40 415
40 416
39 40
39 417
39 418
39 419
39 420
39 421
39 422
39 423
39 424
38 39
38 425
38 426
38 427
38 428
38 429
38 430
38 431
38 432
37 38
37 433
37 434
37 435
37 436
37 437
37 438
37 439
37 440
36 37
36 441
36 442
36 443
36 444
36 445
36 446
36 447
36 448
35 36
35 449
35 450
35 451
35 452
35 453
35 454
35 455
35 456
34 35
34 457
34 458
34 459
34 460
34 461
34 462
34 463
34 464
33 34
33 465
33 466
33 467
33 468
33 469
33 470
33 471
33 472
32 33
32 473
32 474
32 475
32 476
32 477
32 478
32 479
32 480
31 32
31 481
31 482
31 483
31 484
31 485
31 486
31 487
31 488
30 31
30 489
30 490
30 491
30 492
30 493
30 494
30 495
30 496
29 30
29 497
29 498
29 499
29 500
29 501
29 502
29 503
29 504
28 29
28 505
28 506
28 507
28 508
28 509
28 510
28 511
28 512
27 28
27 513
27 514
27 515
27 516
27 517
27 518
27 519
27 520
26 27
26 521
26 522
26 523
26 524
26 525
26 526
26 527
26 528
25 26
25 529
25 530
25 531
25 532
25 533
25 534
25 535
25 536
24 25
24 537
24 538
24 539
24 540
24 541
24 542
24 543
24 544
23 24
23 545
23 546
23 547
23 548
23 549
23 550
23 551
23 552
22 23
22 553
22 554
22 555
22 556
22 557
22 558
22 559
22 560
21 22
21 561
21 562
21 563
21 564
21 565
21 566
21 567
21 568
20 21
20 569
20 570
20 571
20 572
20 573
20 574
20 575
20 576
19 20
19 577
19 578
19 579
19 580
19 581
19 582
19 583
19 584
18 19
18 585
18 586
18 587
18 588
18 589
18 590
18 591
18 592
17 18
17 593
17 594
17 595
17 596
17 597
17 598
17 599
17 600
16 17
16 601
16 602
16 603
16 604
16 605
16 606
16 607
16 608
15 16
15 609
15 610
15 611
15 612
15 613
15 614
15 615
15 616
14 15
14 617
14 618
14 619
14 620
14 621
14 622
14 623
14 624
13 14
13 625
13 626
13 627
13 628
13 629
13 630
13 631
13 632
12 13
12 633
12 634
12 635
12 636
12 637
12 638
12 639
12 640
11 12
11 641
11 642
11 643
11 644
11 645
11 646
11 647
11 648
10 11
10 649
10 650
10 651
10 652
10 653
10 654
10 655
10 656
9 10
9 657
9 658
9 659
9 660
9 661
9 662
9 663
9 664
8 9
8 665
8 666
8 667
8 668
8 669
8 670
8 671
8 672
7 8
7 673
7 674
7 675
7 676
7 677
7 678
7 679
7 680
6 7
6 681
6 682
6 683
6 684
6 685
6 686
6 687
6 688
5 6
5 689
5 690
5 691
5 692
5 693
5 694
5 695
5 696
4 5
4 697
4 698
4 699
4 700
4 701
4 702
4 703
4 704
3 4
3 705
3 706
3 707
3 708
3 709
3 710
3 711
3 712
2 3
2 713
2 714
2 715
2 716
2 717
2 718
2 719
2 720
1 2
1 721
1 722
1 723
1 724
1 725
1 726
1 783
