791 6695732
264 1
264 727
264 728
263 264
263 729
263 730
262 263
262 731
262 732
261 262
261 733
261 734
260 261
260 735
260 736
259 260
259 737
259 738
258 259
258 739
258 740
257 258
257 741
257 742
256 257
256 743
256 744
255 256
255 745
255 746
254 255
254 747
254 748
253 254
253 749
253 750
252 253
252 751
252 752
251 252
251 753
251 754
250 251
250 755
250 756
249 250
249 757
249 758
248 249
248 759
248 760
247 248
247 761
247 762
246 247
246 763
246 764
245 246
245 765
245 766
244 245
244 767
244 768
243 244
243 769
243 770
242 243
242 771
242 772
241 242
241 773
241 774
240 241
240 775
240 776
239 240
239 777
239 778
238 239
238 779
238 780
237 238
237 781
237 782
236 237
236 783
236 265
235 236
235 266
235 267
234 235
234 268
234 269
233 234
233 270
233 271
232 233
232 272
232 273
231 232
231 274
231 275
230 231
230 276
230 277
229 230
229 278
229 279
228 229
228 280
228 281
227 228
227 282
227 283
226 227
226 284
226 285
225 226
225 286
225 287
224 225
224 288
224 289
223 224
223 290
223 291
222 223
222 292
222 293
221 222
221 294
221 295
220 221
220 296
220 297
219 220
219 298
219 299
218 219
218 300
218 301
217 218
217 302
217 303
216 217
216 304
216 305
215 216
215 306
215 307
214 215
214 308
214 309
213 214
213 310
213 311
212 213
212 312
212 313
211 212
211 314
211 315
210 211
210 316
210 317
209 210
209 318
209 319
208 209
208 320
208 321
207 208
207 322
207 323
206 207
206 324
206 325
205 206
205 326
205 327
204 205
204 328
204 329
203 204
203 330
203 331
202 203
202 332
202 333
201 202
201 334
201 335
200 201
200 336
200 337
199 200
199 338
199 339
198 199
198 340
198 341
197 198
197 342
197 343
196 197
196 344
196 345
195 196
195 346
195 347
194 195
194 348
194 349
193 194
193 350
193 351
192 193
192 352
192 353
191 192
191 354
191 355
190 191
190 356
190 357
189 190
189 358
189 359
188 189
188 360
188 361
187 188
187 362
187 363
186 187
186 364
186 365
185 186
185 366
185 367
184 185
184 368
184 369
183 184
183 370
183 371
182 183
182 372
182 373
181 182
181 374
181 375
180 181
180 376
180 377
179 180
179 378
179 379
178 179
178 380
178 381
177 178
177 382
177 383
176 177
176 384
176 385
175 176
175 386
175 387
174 175
174 388
174 389
173 174
173 390
173 391
172 173
172 392
172 393
171 172
171 394
171 395
170 171
170 396
170 397
169 170
169 398
169 399
168 169
168 400
168 401
167 168
167 402
167 403
166 167
166 404
166 405
165 166
165 406
165 407
164 165
164 408
164 409
163 164
163 410
163 411
162 163
162 412
162 413
161 162
161 414
161 415
160 161
160 416
160 417
159 160
159 418
159 419
158 159
158 420
158 421
157 158
157 422
157 423
156 157
156 424
156 425
155 156
155 426
155 427
154 155
154 428
154 429
153 154
153 430
153 431
152 153
152 432
152 433
151 152
151 434
151 435
150 151
150 436
150 437
149 150
149 438
149 439
148 149
148 440
148 441
147 148
147 442
147 443
146 147
146 444
146 445
145 146
145 446
145 447
144 145
144 448
144 449
143 144
143 450
143 451
142 143
142 452
142 453
141 142
141 454
141 455
140 141
140 456
140 457
139 140
139 458
139 459
138 139
138 460
138 461
137 138
137 462
137 463
136 137
136 464
136 465
135 136
135 466
135 467
134 135
134 468
134 469
133 134
133 470
133 471
132 133
132 472
132 473
131 132
131 474
131 475
130 131
130 476
130 477
129 130
129 478
129 479
128 129
128 480
128 481
127 128
127 482
127 483
126 127
126 484
126 485
125 126
125 486
125 487
124 125
124 488
124 489
123 124
123 490
123 491
122 123
122 492
122 493
121 122
121 494
121 495
120 121
120 496
120 497
119 120
119 498
119 499
118 119
118 500
118 501
117 118
117 502
117 503
116 117
116 504
116 505
115 116
115 506
115 507
114 115
114 508
114 509
113 114
113 510
113 511
112 113
112 512
112 513
111 112
111 514
111 515
110 111
110 516
110 517
109 110
109 518
109 519
108 109
108 520
108 521
107 108
107 522
107 523
106 107
106 524
106 525
105 106
105 526
105 527
104 105
104 528
104 529
103 104
103 530
103 531
102 103
102 532
102 533
101 102
101 534
101 535
100 101
100 536
100 537
99 100
99 538
99 539
98 99
98 540
98 541
97 98
97 542
97 543
96 97
96 544
96 545
95 96
95 546
95 547
94 95
94 548
94 549
93 94
93 550
93 551
92 93
92 552
92 553
91 92
91 554
91 555
90 91
90 556
90 557
89 90
89 558
89 559
88 89
88 560
88 561
87 88
87 562
87 563
86 87
86 564
86 565
85 86
85 566
85 567
84 85
84 568
84 569
83 84
83 570
83 571
82 83
82 572
82 573
81 82
81 574
81 575
80 81
80 576
80 577
79 80
79 578
79 579
78 79
78 580
78 581
77 78
77 582
77 583
76 77
76 584
76 585
75 76
75 586
75 587
74 75
74 588
74 589
73 74
73 590
73 591
72 73
72 592
72 593
71 72
71 594
71 595
70 71
70 596
70 597
69 70
69 598
69 599
68 69
68 600
68 601
67 68
67 602
67 603
66 67
66 604
66 605
65 66
65 606
65 607
64 65
64 608
64 609
63 64
63 610
63 611
62 63
62 612
62 613
61 62
61 614
61 615
60 61
60 616
60 617
59 60
59 618
59 619
58 59
58 620
58 621
57 58
57 622
57 623
56 57
56 624
56 625
55 56
55 626
55 627
54 55
54 628
54 629
53 54
53 630
53 631
52 53
52 632
52 633
51 52
51 634
51 635
50 51
50 636
50 637
49 50
49 638
49 639
48 49
48 640
48 641
47 48
47 642
47 643
46 47
46 644
46 645
45 46
45 646
45 647
44 45
44 648
44 649
43 44
43 650
43 651
42 43
42 652
42 653
41 42
41 654
41 655
40 41
40 656
40 657
39 40
39 658
39 659
38 39
38 660
38 661
37 38
37 662
37 663
36 37
36 664
36 665
35 36
35 666
35 667
34 35
34 668
34 669
33 34
33 670
33 671
32 33
32 672
32 673
31 32
31 674
31 675
30 31
30 676
30 677
29 30
29 678
29 679
28 29
28 680
28 681
27 28
27 682
27 683
26 27
26 684
26 685
25 26
25 686
25 687
24 25
24 688
24 689
23 24
23 690
23 691
22 23
22 692
22 693
21 22
21 694
21 695
20 21
20 696
20 697
19 20
19 698
19 699
18 19
18 700
18 701
17 18
17 702
17 703
16 17
16 704
16 705
15 16
15 706
15 707
14 15
14 708
14 709
13 14
13 710
13 711
12 13
12 712
12 713
11 12
11 714
11 715
10 11
10 716
10 717
9 10
9 718
9 719
8 9
8 720
8 721
7 8
7 722
7 723
6 7
6 724
6 725
5 6
5 726
5 727
4 5
4 728
4 729
3 4
3 730
3 731
2 3
2 732
2 733
1 2
1 792
