938 12031060
312 1
312 734
312 735
312 736
311 312
311 737
311 738
310 311
310 739
310 740
309 310
309 741
309 742
308 309
308 743
308 744
307 308
307 745
307 746
306 307
306 747
306 748
305 306
305 749
305 750
304 305
304 751
304 752
303 304
303 753
303 754
302 303
302 755
302 756
301 302
301 757
301 758
300 301
300 759
300 760
299 300
299 761
299 762
298 299
298 763
298 764
297 298
297 765
297 766
296 297
296 767
296 768
295 296
295 769
295 770
294 295
294 771
294 772
293 294
293 773
293 774
292 293
292 775
292 776
291 292
291 777
291 778
290 291
290 779
290 780
289 290
289 781
289 782
288 289
288 783
288 784
287 288
287 785
287 786
286 287
286 787
286 788
285 286
285 789
285 790
284 285
284 791
284 792
283 284
283 313
283 314
282 283
282 315
282 316
281 282
281 317
281 318
280 281
280 319
280 320
279 280
279 321
279 322
278 279
278 323
278 324
277 278
277 325
277 326
276 277
276 327
276 328
275 276
275 329
275 330
274 275
274 331
274 332
273 274
273 333
273 334
272 273
272 335
272 336
271 272
271 337
271 338
270 271
270 339
270 340
269 270
269 341
269 342
268 269
268 343
268 344
267 268
267 345
267 346
266 267
266 347
266 348
265 266
265 349
265 350
264 265
264 351
264 352
263 264
263 353
263 354
262 263
262 355
262 356
261 262
261 357
261 358
260 261
260 359
260 360
259 260
259 361
259 362
258 259
258 363
258 364
257 258
257 365
257 366
256 257
256 367
256 368
255 256
255 369
255 370
254 255
254 371
254 372
253 254
253 373
253 374
252 253
252 375
252 376
251 252
251 377
251 378
250 251
250 379
250 380
249 250
249 381
249 382
248 249
248 383
248 384
247 248
247 385
247 386
246 247
246 387
246 388
245 246
245 389
245 390
244 245
244 391
244 392
243 244
243 393
243 394
242 243
242 395
242 396
241 242
241 397
241 398
240 241
240 399
240 400
239 240
239 401
239 402
238 239
238 403
238 404
237 238
237 405
237 406
236 237
236 407
236 408
235 236
235 409
235 410
234 235
234 411
234 412
233 234
233 413
233 414
232 233
232 415
232 416
231 232
231 417
231 418
230 231
230 419
230 420
229 230
229 421
229 422
228 229
228 423
228 424
227 228
227 425
227 426
226 227
226 427
226 428
225 226
225 429
225 430
224 225
224 431
224 432
223 224
223 433
223 434
222 223
222 435
222 436
221 222
221 437
221 438
220 221
220 439
220 440
219 220
219 441
219 442
218 219
218 443
218 444
217 218
217 445
217 446
216 217
216 447
216 448
215 216
215 449
215 450
214 215
214 451
214 452
213 214
213 453
213 454
212 213
212 455
212 456
211 212
211 457
211 458
210 211
210 459
210 460
209 210
209 461
209 462
208 209
208 463
208 464
207 208
207 465
207 466
206 207
206 467
206 468
205 206
205 469
205 470
204 205
204 471
204 472
203 204
203 473
203 474
202 203
202 475
202 476
201 202
201 477
201 478
200 201
200 479
200 480
199 200
199 481
199 482
198 199
198 483
198 484
197 198
197 485
197 486
196 197
196 487
196 488
195 196
195 489
195 490
194 195
194 491
194 492
193 194
193 493
193 494
192 193
192 495
192 496
191 192
191 497
191 498
190 191
190 499
190 500
189 190
189 501
189 502
188 189
188 503
188 504
187 188
187 505
187 506
186 187
186 507
186 508
185 186
185 509
185 510
184 185
184 511
184 512
183 184
183 513
183 514
182 183
182 515
182 516
181 182
181 517
181 518
180 181
180 519
180 520
179 180
179 521
179 522
178 179
178 523
178 524
177 178
177 525
177 526
176 177
176 527
176 528
175 176
175 529
175 530
174 175
174 531
174 532
173 174
173 533
173 534
172 173
172 535
172 536
171 172
171 537
171 538
170 171
170 539
170 540
169 170
169 541
169 542
168 169
168 543
168 544
167 168
167 545
167 546
166 167
166 547
166 548
165 166
165 549
165 550
164 165
164 551
164 552
163 164
163 553
163 554
162 163
162 555
162 556
161 162
161 557
161 558
160 161
160 559
160 560
159 160
159 561
159 562
158 159
158 563
158 564
157 158
157 565
157 566
156 157
156 567
156 568
155 156
155 569
155 570
154 155
154 571
154 572
153 154
153 573
153 574
152 153
152 575
152 576
151 152
151 577
151 578
150 151
150 579
150 580
149 150
149 581
149 582
148 149
148 583
148 584
147 148
147 585
147 586
146 147
146 587
146 588
145 146
145 589
145 590
144 145
144 591
144 592
143 144
143 593
143 594
142 143
142 595
142 596
141 142
141 597
141 598
140 141
140 599
140 600
139 140
139 601
139 602
138 139
138 603
138 604
137 138
137 605
137 606
136 137
136 607
136 608
135 136
135 609
135 610
134 135
134 611
134 612
133 134
133 613
133 614
132 133
132 615
132 616
131 132
131 617
131 618
130 131
130 619
130 620
129 130
129 621
129 622
128 129
128 623
128 624
127 128
127 625
127 626
126 127
126 627
126 628
125 126
125 629
125 630
124 125
124 631
124 632
123 124
123 633
123 634
122 123
122 635
122 636
121 122
121 637
121 638
120 121
120 639
120 640
119 120
119 641
119 642
118 119
118 643
118 644
117 118
117 645
117 646
116 117
116 647
116 648
115 116
115 649
115 650
114 115
114 651
114 652
113 114
113 653
113 654
112 113
112 655
112 656
111 112
111 657
111 658
110 111
110 659
110 660
109 110
109 661
109 662
108 109
108 663
108 664
107 108
107 665
107 666
106 107
106 667
106 668
105 106
105 669
105 670
104 105
104 671
104 672
103 104
103 673
103 674
102 103
102 675
102 676
101 102
101 677
101 678
100 101
100 679
100 680
99 100
99 681
99 682
98 99
98 683
98 684
97 98
97 685
97 686
96 97
96 687
96 688
95 96
95 689
95 690
94 95
94 691
94 692
93 94
93 693
93 694
92 93
92 695
92 696
91 92
91 697
91 698
90 91
90 699
90 700
89 90
89 701
89 702
88 89
88 703
88 704
87 88
87 705
87 706
86 87
86 707
86 708
85 86
85 709
85 710
84 85
84 711
84 712
83 84
83 713
83 714
82 83
82 715
82 716
81 82
81 717
81 718
80 81
80 719
80 720
79 80
79 721
79 722
78 79
78 723
78 724
77 78
77 725
77 726
76 77
76 727
76 728
75 76
75 729
75 730
74 75
74 731
74 732
73 74
73 733
73 734
72 73
72 735
72 736
71 72
71 737
71 738
70 71
70 739
70 740
69 70
69 741
69 742
68 69
68 743
68 744
67 68
67 745
67 746
66 67
66 747
66 748
65 66
65 749
65 750
64 65
64 751
64 752
63 64
63 753
63 754
62 63
62 755
62 756
61 62
61 757
61 758
60 61
60 759
60 760
59 60
59 761
59 762
58 59
58 763
58 764
57 58
57 765
57 766
56 57
56 767
56 768
55 56
55 769
55 770
54 55
54 771
54 772
53 54
53 773
53 774
52 53
52 775
52 776
51 52
51 777
51 778
50 51
50 779
50 780
49 50
49 781
49 782
48 49
48 783
48 784
47 48
47 785
47 786
46 47
46 787
46 788
45 46
45 789
45 790
44 45
44 791
44 792
43 44
43 793
43 794
42 43
42 795
42 796
41 42
41 797
41 798
40 41
40 799
40 800
39 40
39 801
39 802
38 39
38 803
38 804
37 38
37 805
37 806
36 37
36 807
36 808
35 36
35 809
35 810
34 35
34 811
34 812
33 34
33 813
33 814
32 33
32 815
32 816
31 32
31 817
31 818
30 31
30 819
30 820
29 30
29 821
29 822
28 29
28 823
28 824
27 28
27 825
27 826
26 27
26 827
26 828
25 26
25 829
25 830
24 25
24 831
24 832
23 24
23 833
23 834
22 23
22 835
22 836
21 22
21 837
21 838
20 21
20 839
20 840
19 20
19 841
19 842
18 19
18 843
18 844
17 18
17 845
17 846
16 17
16 847
16 848
15 16
15 849
15 850
14 15
14 851
14 852
13 14
13 853
13 854
12 13
12 855
12 856
11 12
11 857
11 858
10 11
10 859
10 860
9 10
9 861
9 862
8 9
8 863
8 864
7 8
7 865
7 866
6 7
6 867
6 868
5 6
5 869
5 870
4 5
4 871
4 872
3 4
3 873
3 874
2 3
2 875
2 876
1 2
1 877
1 878
1 939
