923 14203740
461 1
461 879
460 461
460 880
459 460
459 881
458 459
458 882
457 458
457 883
456 457
456 884
455 456
455 885
454 455
454 886
453 454
453 887
452 453
452 888
451 452
451 889
450 451
450 890
449 450
449 891
448 449
448 892
447 448
447 893
446 447
446 894
445 446
445 895
444 445
444 896
443 444
443 897
442 443
442 898
441 442
441 899
440 441
440 900
439 440
439 901
438 439
438 902
437 438
437 903
436 437
436 904
435 436
435 905
434 435
434 906
433 434
433 907
432 433
432 908
431 432
431 909
430 431
430 910
429 430
429 911
428 429
428 912
427 428
427 913
426 427
426 914
425 426
425 915
424 425
424 916
423 424
423 917
422 423
422 918
421 422
421 919
420 421
420 920
419 420
419 921
418 419
418 922
417 418
417 923
416 417
416 924
415 416
415 925
414 415
414 926
413 414
413 927
412 413
412 928
411 412
411 929
410 411
410 930
409 410
409 931
408 409
408 932
407 408
407 933
406 407
406 934
405 406
405 935
404 405
404 936
403 404
403 937
402 403
402 938
401 402
401 939
400 401
400 462
399 400
399 463
398 399
398 464
397 398
397 465
396 397
396 466
395 396
395 467
394 395
394 468
393 394
393 469
392 393
392 470
391 392
391 471
390 391
390 472
389 390
389 473
388 389
388 474
387 388
387 475
386 387
386 476
385 386
385 477
384 385
384 478
383 384
383 479
382 383
382 480
381 382
381 481
380 381
380 482
379 380
379 483
378 379
378 484
377 378
377 485
376 377
376 486
375 376
375 487
374 375
374 488
373 374
373 489
372 373
372 490
371 372
371 491
370 371
370 492
369 370
369 493
368 369
368 494
367 368
367 495
366 367
366 496
365 366
365 497
364 365
364 498
363 364
363 499
362 363
362 500
361 362
361 501
360 361
360 502
359 360
359 503
358 359
358 504
357 358
357 505
356 357
356 506
355 356
355 507
354 355
354 508
353 354
353 509
352 353
352 510
351 352
351 511
350 351
350 512
349 350
349 513
348 349
348 514
347 348
347 515
346 347
346 516
345 346
345 517
344 345
344 518
343 344
343 519
342 343
342 520
341 342
341 521
340 341
340 522
339 340
339 523
338 339
338 524
337 338
337 525
336 337
336 526
335 336
335 527
334 335
334 528
333 334
333 529
332 333
332 530
331 332
331 531
330 331
330 532
329 330
329 533
328 329
328 534
327 328
327 535
326 327
326 536
325 326
325 537
324 325
324 538
323 324
323 539
322 323
322 540
321 322
321 541
320 321
320 542
319 320
319 543
318 319
318 544
317 318
317 545
316 317
316 546
315 316
315 547
314 315
314 548
313 314
313 549
312 313
312 550
311 312
311 551
310 311
310 552
309 310
309 553
308 309
308 554
307 308
307 555
306 307
306 556
305 306
305 557
304 305
304 558
303 304
303 559
302 303
302 560
301 302
301 561
300 301
300 562
299 300
299 563
298 299
298 564
297 298
297 565
296 297
296 566
295 296
295 567
294 295
294 568
293 294
293 569
292 293
292 570
291 292
291 571
290 291
290 572
289 290
289 573
288 289
288 574
287 288
287 575
286 287
286 576
285 286
285 577
284 285
284 578
283 284
283 579
282 283
282 580
281 282
281 581
280 281
280 582
279 280
279 583
278 279
278 584
277 278
277 585
276 277
276 586
275 276
275 587
274 275
274 588
273 274
273 589
272 273
272 590
271 272
271 591
270 271
270 592
269 270
269 593
268 269
268 594
267 268
267 595
266 267
266 596
265 266
265 597
264 265
264 598
263 264
263 599
262 263
262 600
261 262
261 601
260 261
260 602
259 260
259 603
258 259
258 604
257 258
257 605
256 257
256 606
255 256
255 607
254 255
254 608
253 254
253 609
252 253
252 610
251 252
251 611
250 251
250 612
249 250
249 613
248 249
248 614
247 248
247 615
246 247
246 616
245 246
245 617
244 245
244 618
243 244
243 619
242 243
242 620
241 242
241 621
240 241
240 622
239 240
239 623
238 239
238 624
237 238
237 625
236 237
236 626
235 236
235 627
234 235
234 628
233 234
233 629
232 233
232 630
231 232
231 631
230 231
230 632
229 230
229 633
228 229
228 634
227 228
227 635
226 227
226 636
225 226
225 637
224 225
224 638
223 224
223 639
222 223
222 640
221 222
221 641
220 221
220 642
219 220
219 643
218 219
218 644
217 218
217 645
216 217
216 646
215 216
215 647
214 215
214 648
213 214
213 649
212 213
212 650
211 212
211 651
210 211
210 652
209 210
209 653
208 209
208 654
207 208
207 655
206 207
206 656
205 206
205 657
204 205
204 658
203 204
203 659
202 203
202 660
201 202
201 661
200 201
200 662
199 200
199 663
198 199
198 664
197 198
197 665
196 197
196 666
195 196
195 667
194 195
194 668
193 194
193 669
192 193
192 670
191 192
191 671
190 191
190 672
189 190
189 673
188 189
188 674
187 188
187 675
186 187
186 676
185 186
185 677
184 185
184 678
183 184
183 679
182 183
182 680
181 182
181 681
180 181
180 682
179 180
179 683
178 179
178 684
177 178
177 685
176 177
176 686
175 176
175 687
174 175
174 688
173 174
173 689
172 173
172 690
171 172
171 691
170 171
170 692
169 170
169 693
168 169
168 694
167 168
167 695
166 167
166 696
165 166
165 697
164 165
164 698
163 164
163 699
162 163
162 700
161 162
161 701
160 161
160 702
159 160
159 703
158 159
158 704
157 158
157 705
156 157
156 706
155 156
155 707
154 155
154 708
153 154
153 709
152 153
152 710
151 152
151 711
150 151
150 712
149 150
149 713
148 149
148 714
147 148
147 715
146 147
146 716
145 146
145 717
144 145
144 718
143 144
143 719
142 143
142 720
141 142
141 721
140 141
140 722
139 140
139 723
138 139
138 724
137 138
137 725
136 137
136 726
135 136
135 727
134 135
134 728
133 134
133 729
132 133
132 730
131 132
131 731
130 131
130 732
129 130
129 733
128 129
128 734
127 128
127 735
126 127
126 736
125 126
125 737
124 125
124 738
123 124
123 739
122 123
122 740
121 122
121 741
120 121
120 742
119 120
119 743
118 119
118 744
117 118
117 745
116 117
116 746
115 116
115 747
114 115
114 748
113 114
113 749
112 113
112 750
111 112
111 751
110 111
110 752
109 110
109 753
108 109
108 754
107 108
107 755
106 107
106 756
105 106
105 757
104 105
104 758
103 104
103 759
102 103
102 760
101 102
101 761
100 101
100 762
99 100
99 763
98 99
98 764
97 98
97 765
96 97
96 766
95 96
95 767
94 95
94 768
93 94
93 769
92 93
92 770
91 92
91 771
90 91
90 772
89 90
89 773
88 89
88 774
87 88
87 775
86 87
86 776
85 86
85 777
84 85
84 778
83 84
83 779
82 83
82 780
81 82
81 781
80 81
80 782
79 80
79 783
78 79
78 784
77 78
77 785
76 77
76 786
75 76
75 787
74 75
74 788
73 74
73 789
72 73
72 790
71 72
71 791
70 71
70 792
69 70
69 793
68 69
68 794
67 68
67 795
66 67
66 796
65 66
65 797
64 65
64 798
63 64
63 799
62 63
62 800
61 62
61 801
60 61
60 802
59 60
59 803
58 59
58 804
57 58
57 805
56 57
56 806
55 56
55 807
54 55
54 808
53 54
53 809
52 53
52 810
51 52
51 811
50 51
50 812
49 50
49 813
48 49
48 814
47 48
47 815
46 47
46 816
45 46
45 817
44 45
44 818
43 44
43 819
42 43
42 820
41 42
41 821
40 41
40 822
39 40
39 823
38 39
38 824
37 38
37 825
36 37
36 826
35 36
35 827
34 35
34 828
33 34
33 829
32 33
32 830
31 32
31 831
30 31
30 832
29 30
29 833
28 29
28 834
27 28
27 835
26 27
26 836
25 26
25 837
24 25
24 838
23 24
23 839
22 23
22 840
21 22
21 841
20 21
20 842
19 20
19 843
18 19
18 844
17 18
17 845
16 17
16 846
15 16
15 847
14 15
14 848
13 14
13 849
12 13
12 850
11 12
11 851
10 11
10 852
9 10
9 853
8 9
8 854
7 8
7 855
6 7
6 856
5 6
5 857
4 5
4 858
3 4
3 859
2 3
2 860
1 2
1 861
1 924
