1020 977447
17 1
17 862
17 863
17 864
17 865
17 866
17 867
17 868
17 869
17 870
17 871
17 872
17 873
17 874
17 875
17 876
17 877
17 878
17 879
17 880
17 881
17 882
17 883
17 884
17 885
17 886
17 887
17 888
17 889
17 890
17 891
17 892
17 893
17 894
17 895
17 896
17 897
17 898
17 899
17 900
17 901
17 902
17 903
17 904
17 905
17 906
17 907
17 908
17 909
17 910
17 911
17 912
17 913
17 914
17 915
17 916
17 917
17 918
17 919
17 920
17 921
17 922
17 923
16 17
16 924
16 901
16 902
16 18
16 19
16 20
16 21
16 22
16 23
16 24
16 25
16 26
16 27
16 28
16 29
16 30
16 31
16 32
16 33
16 34
16 35
16 36
16 37
16 38
16 39
16 40
16 41
16 42
16 43
16 44
16 45
16 46
16 47
16 48
16 49
16 50
16 51
16 52
16 53
16 54
16 55
16 56
16 57
16 58
16 59
16 60
16 61
16 62
16 63
16 64
16 65
16 66
16 67
16 68
16 69
16 70
16 71
16 72
16 73
16 74
16 75
16 76
15 16
15 77
15 78
15 79
15 80
15 81
15 82
15 83
15 84
15 85
15 86
15 87
15 88
15 89
15 90
15 91
15 92
15 93
15 94
15 95
15 96
15 97
15 98
15 99
15 100
15 101
15 102
15 103
15 104
15 105
15 106
15 107
15 108
15 109
15 110
15 111
15 112
15 113
15 114
15 115
15 116
15 117
15 118
15 119
15 120
15 121
15 122
15 123
15 124
15 125
15 126
15 127
15 128
15 129
15 130
15 131
15 132
15 133
15 134
15 135
15 136
15 137
15 138
14 15
14 139
14 140
14 141
14 142
14 143
14 144
14 145
14 146
14 147
14 148
14 149
14 150
14 151
14 152
14 153
14 154
14 155
14 156
14 157
14 158
14 159
14 160
14 161
14 162
14 163
14 164
14 165
14 166
14 167
14 168
14 169
14 170
14 171
14 172
14 173
14 174
14 175
14 176
14 177
14 178
14 179
14 180
14 181
14 182
14 183
14 184
14 185
14 186
14 187
14 188
14 189
14 190
14 191
14 192
14 193
14 194
14 195
14 196
14 197
14 198
14 199
14 200
13 14
13 201
13 202
13 203
13 204
13 205
13 206
13 207
13 208
13 209
13 210
13 211
13 212
13 213
13 214
13 215
13 216
13 217
13 218
13 219
13 220
13 221
13 222
13 223
13 224
13 225
13 226
13 227
13 228
13 229
13 230
13 231
13 232
13 233
13 234
13 235
13 236
13 237
13 238
13 239
13 240
13 241
13 242
13 243
13 244
13 245
13 246
13 247
13 248
13 249
13 250
13 251
13 252
13 253
13 254
13 255
13 256
13 257
13 258
13 259
13 260
13 261
13 262
12 13
12 263
12 264
12 265
12 266
12 267
12 268
12 269
12 270
12 271
12 272
12 273
12 274
12 275
12 276
12 277
12 278
12 279
12 280
12 281
12 282
12 283
12 284
12 285
12 286
12 287
12 288
12 289
12 290
12 291
12 292
12 293
12 294
12 295
12 296
12 297
12 298
12 299
12 300
12 301
12 302
12 303
12 304
12 305
12 306
12 307
12 308
12 309
12 310
12 311
12 312
12 313
12 314
12 315
12 316
12 317
12 318
12 319
12 320
12 321
12 322
12 323
12 324
11 12
11 325
11 326
11 327
11 328
11 329
11 330
11 331
11 332
11 333
11 334
11 335
11 336
11 337
11 338
11 339
11 340
11 341
11 342
11 343
11 344
11 345
11 346
11 347
11 348
11 349
11 350
11 351
11 352
11 353
11 354
11 355
11 356
11 357
11 358
11 359
11 360
11 361
11 362
11 363
11 364
11 365
11 366
11 367
11 368
11 369
11 370
11 371
11 372
11 373
11 374
11 375
11 376
11 377
11 378
11 379
11 380
11 381
11 382
11 383
11 384
11 385
11 386
10 11
10 387
10 388
10 389
10 390
10 391
10 392
10 393
10 394
10 395
10 396
10 397
10 398
10 399
10 400
10 401
10 402
10 403
10 404
10 405
10 406
10 407
10 408
10 409
10 410
10 411
10 412
10 413
10 414
10 415
10 416
10 417
10 418
10 419
10 420
10 421
10 422
10 423
10 424
10 425
10 426
10 427
10 428
10 429
10 430
10 431
10 432
10 433
10 434
10 435
10 436
10 437
10 438
10 439
10 440
10 441
10 442
10 443
10 444
10 445
10 446
10 447
10 448
9 10
9 449
9 450
9 451
9 452
9 453
9 454
9 455
9 456
9 457
9 458
9 459
9 460
9 461
9 462
9 463
9 464
9 465
9 466
9 467
9 468
9 469
9 470
9 471
9 472
9 473
9 474
9 475
9 476
9 477
9 478
9 479
9 480
9 481
9 482
9 483
9 484
9 485
9 486
9 487
9 488
9 489
9 490
9 491
9 492
9 493
9 494
9 495
9 496
9 497
9 498
9 499
9 500
9 501
9 502
9 503
9 504
9 505
9 506
9 507
9 508
9 509
9 510
8 9
8 511
8 512
8 513
8 514
8 515
8 516
8 517
8 518
8 519
8 520
8 521
8 522
8 523
8 524
8 525
8 526
8 527
8 528
8 529
8 530
8 531
8 532
8 533
8 534
8 535
8 536
8 537
8 538
8 539
8 540
8 541
8 542
8 543
8 544
8 545
8 546
8 547
8 548
8 549
8 550
8 551
8 552
8 553
8 554
8 555
8 556
8 557
8 558
8 559
8 560
8 561
8 562
8 563
8 564
8 565
8 566
8 567
8 568
8 569
8 570
8 571
8 572
7 8
7 573
7 574
7 575
7 576
7 577
7 578
7 579
7 580
7 581
7 582
7 583
7 584
7 585
7 586
7 587
7 588
7 589
7 590
7 591
7 592
7 593
7 594
7 595
7 596
7 597
7 598
7 599
7 600
7 601
7 602
7 603
7 604
7 605
7 606
7 607
7 608
7 609
7 610
7 611
7 612
7 613
7 614
7 615
7 616
7 617
7 618
7 619
7 620
7 621
7 622
7 623
7 624
7 625
7 626
7 627
7 628
7 629
7 630
7 631
7 632
7 633
7 634
6 7
6 635
6 636
6 637
6 638
6 639
6 640
6 641
6 642
6 643
6 644
6 645
6 646
6 647
6 648
6 649
6 650
6 651
6 652
6 653
6 654
6 655
6 656
6 657
6 658
6 659
6 660
6 661
6 662
6 663
6 664
6 665
6 666
6 667
6 668
6 669
6 670
6 671
6 672
6 673
6 674
6 675
6 676
6 677
6 678
6 679
6 680
6 681
6 682
6 683
6 684
6 685
6 686
6 687
6 688
6 689
6 690
6 691
6 692
6 693
6 694
6 695
6 696
5 6
5 697
5 698
5 699
5 700
5 701
5 702
5 703
5 704
5 705
5 706
5 707
5 708
5 709
5 710
5 711
5 712
5 713
5 714
5 715
5 716
5 717
5 718
5 719
5 720
5 721
5 722
5 723
5 724
5 725
5 726
5 727
5 728
5 729
5 730
5 731
5 732
5 733
5 734
5 735
5 736
5 737
5 738
5 739
5 740
5 741
5 742
5 743
5 744
5 745
5 746
5 747
5 748
5 749
5 750
5 751
5 752
5 753
5 754
5 755
5 756
5 757
5 758
4 5
4 759
4 760
4 761
4 762
4 763
4 764
4 765
4 766
4 767
4 768
4 769
4 770
4 771
4 772
4 773
4 774
4 775
4 776
4 777
4 778
4 779
4 780
4 781
4 782
4 783
4 784
4 785
4 786
4 787
4 788
4 789
4 790
4 791
4 792
4 793
4 794
4 795
4 796
4 797
4 798
4 799
4 800
4 801
4 802
4 803
4 804
4 805
4 806
4 807
4 808
4 809
4 810
4 811
4 812
4 813
4 814
4 815
4 816
4 817
4 818
4 819
4 820
3 4
3 821
3 822
3 823
3 824
3 825
3 826
3 827
3 828
3 829
3 830
3 831
3 832
3 833
3 834
3 835
3 836
3 837
3 838
3 839
3 840
3 841
3 842
3 843
3 844
3 845
3 846
3 847
3 848
3 849
3 850
3 851
3 852
3 853
3 854
3 855
3 856
3 857
3 858
3 859
3 860
3 861
3 862
3 863
3 864
3 865
3 866
3 867
3 868
3 869
3 870
3 871
3 872
3 873
3 874
3 875
3 876
3 877
3 878
3 879
3 880
3 881
3 882
2 3
2 883
2 884
2 885
2 886
2 887
2 888
2 889
2 890
2 891
2 892
2 893
2 894
2 895
2 896
2 897
2 898
2 899
2 900
2 901
2 902
2 903
2 904
2 905
2 906
2 907
2 908
2 909
2 910
2 911
2 912
2 913
2 914
2 915
2 916
2 917
2 918
2 919
2 920
2 921
2 922
2 923
2 924
2 925
2 926
2 927
2 928
2 929
2 930
2 931
2 932
2 933
2 934
2 935
2 936
2 937
2 938
2 939
2 940
2 941
2 942
2 943
2 944
1 2
1 945
1 946
1 947
1 948
1 949
1 950
1 951
1 952
1 953
1 954
1 1021
