1017 29760674
508 1
508 955
507 508
507 956
506 507
506 957
505 506
505 958
504 505
504 959
503 504
503 960
502 503
502 961
501 502
501 962
500 501
500 963
499 500
499 964
498 499
498 965
497 498
497 966
496 497
496 967
495 496
495 968
494 495
494 969
493 494
493 970
492 493
492 971
491 492
491 972
490 491
490 973
489 490
489 974
488 489
488 975
487 488
487 976
486 487
486 977
485 486
485 978
484 485
484 979
483 484
483 980
482 483
482 981
481 482
481 982
480 481
480 983
479 480
479 984
478 479
478 985
477 478
477 986
476 477
476 987
475 476
475 988
474 475
474 989
473 474
473 990
472 473
472 991
471 472
471 992
470 471
470 993
469 470
469 994
468 469
468 995
467 468
467 996
466 467
466 997
465 466
465 998
464 465
464 999
463 464
463 1000
462 463
462 1001
461 462
461 1002
460 461
460 1003
459 460
459 1004
458 459
458 1005
457 458
457 1006
456 457
456 1007
455 456
455 1008
454 455
454 1009
453 454
453 1010
452 453
452 1011
451 452
451 1012
450 451
450 1013
449 450
449 1014
448 449
448 1015
447 448
447 1016
446 447
446 1017
445 446
445 1018
444 445
444 1019
443 444
443 1020
442 443
442 1021
441 442
441 509
440 441
440 510
439 440
439 511
438 439
438 512
437 438
437 513
436 437
436 514
435 436
435 515
434 435
434 516
433 434
433 517
432 433
432 518
431 432
431 519
430 431
430 520
429 430
429 521
428 429
428 522
427 428
427 523
426 427
426 524
425 426
425 525
424 425
424 526
423 424
423 527
422 423
422 528
421 422
421 529
420 421
420 530
419 420
419 531
418 419
418 532
417 418
417 533
416 417
416 534
415 416
415 535
414 415
414 536
413 414
413 537
412 413
412 538
411 412
411 539
410 411
410 540
409 410
409 541
408 409
408 542
407 408
407 543
406 407
406 544
405 406
405 545
404 405
404 546
403 404
403 547
402 403
402 548
401 402
401 549
400 401
400 550
399 400
399 551
398 399
398 552
397 398
397 553
396 397
396 554
395 396
395 555
394 395
394 556
393 394
393 557
392 393
392 558
391 392
391 559
390 391
390 560
389 390
389 561
388 389
388 562
387 388
387 563
386 387
386 564
385 386
385 565
384 385
384 566
383 384
383 567
382 383
382 568
381 382
381 569
380 381
380 570
379 380
379 571
378 379
378 572
377 378
377 573
376 377
376 574
375 376
375 575
374 375
374 576
373 374
373 577
372 373
372 578
371 372
371 579
370 371
370 580
369 370
369 581
368 369
368 582
367 368
367 583
366 367
366 584
365 366
365 585
364 365
364 586
363 364
363 587
362 363
362 588
361 362
361 589
360 361
360 590
359 360
359 591
358 359
358 592
357 358
357 593
356 357
356 594
355 356
355 595
354 355
354 596
353 354
353 597
352 353
352 598
351 352
351 599
350 351
350 600
349 350
349 601
348 349
348 602
347 348
347 603
346 347
346 604
345 346
345 605
344 345
344 606
343 344
343 607
342 343
342 608
341 342
341 609
340 341
340 610
339 340
339 611
338 339
338 612
337 338
337 613
336 337
336 614
335 336
335 615
334 335
334 616
333 334
333 617
332 333
332 618
331 332
331 619
330 331
330 620
329 330
329 621
328 329
328 622
327 328
327 623
326 327
326 624
325 326
325 625
324 325
324 626
323 324
323 627
322 323
322 628
321 322
321 629
320 321
320 630
319 320
319 631
318 319
318 632
317 318
317 633
316 317
316 634
315 316
315 635
314 315
314 636
313 314
313 637
312 313
312 638
311 312
311 639
310 311
310 640
309 310
309 641
308 309
308 642
307 308
307 643
306 307
306 644
305 306
305 645
304 305
304 646
303 304
303 647
302 303
302 648
301 302
301 649
300 301
300 650
299 300
299 651
298 299
298 652
297 298
297 653
296 297
296 654
295 296
295 655
294 295
294 656
293 294
293 657
292 293
292 658
291 292
291 659
290 291
290 660
289 290
289 661
288 289
288 662
287 288
287 663
286 287
286 664
285 286
285 665
284 285
284 666
283 284
283 667
282 283
282 668
281 282
281 669
280 281
280 670
279 280
279 671
278 279
278 672
277 278
277 673
276 277
276 674
275 276
275 675
274 275
274 676
273 274
273 677
272 273
272 678
271 272
271 679
270 271
270 680
269 270
269 681
268 269
268 682
267 268
267 683
266 267
266 684
265 266
265 685
264 265
264 686
263 264
263 687
262 263
262 688
261 262
261 689
260 261
260 690
259 260
259 691
258 259
258 692
257 258
257 693
256 257
256 694
255 256
255 695
254 255
254 696
253 254
253 697
252 253
252 698
251 252
251 699
250 251
250 700
249 250
249 701
248 249
248 702
247 248
247 703
246 247
246 704
245 246
245 705
244 245
244 706
243 244
243 707
242 243
242 708
241 242
241 709
240 241
240 710
239 240
239 711
238 239
238 712
237 238
237 713
236 237
236 714
235 236
235 715
234 235
234 716
233 234
233 717
232 233
232 718
231 232
231 719
230 231
230 720
229 230
229 721
228 229
228 722
227 228
227 723
226 227
226 724
225 226
225 725
224 225
224 726
223 224
223 727
222 223
222 728
221 222
221 729
220 221
220 730
219 220
219 731
218 219
218 732
217 218
217 733
216 217
216 734
215 216
215 735
214 215
214 736
213 214
213 737
212 213
212 738
211 212
211 739
210 211
210 740
209 210
209 741
208 209
208 742
207 208
207 743
206 207
206 744
205 206
205 745
204 205
204 746
203 204
203 747
202 203
202 748
201 202
201 749
200 201
200 750
199 200
199 751
198 199
198 752
197 198
197 753
196 197
196 754
195 196
195 755
194 195
194 756
193 194
193 757
192 193
192 758
191 192
191 759
190 191
190 760
189 190
189 761
188 189
188 762
187 188
187 763
186 187
186 764
185 186
185 765
184 185
184 766
183 184
183 767
182 183
182 768
181 182
181 769
180 181
180 770
179 180
179 771
178 179
178 772
177 178
177 773
176 177
176 774
175 176
175 775
174 175
174 776
173 174
173 777
172 173
172 778
171 172
171 779
170 171
170 780
169 170
169 781
168 169
168 782
167 168
167 783
166 167
166 784
165 166
165 785
164 165
164 786
163 164
163 787
162 163
162 788
161 162
161 789
160 161
160 790
159 160
159 791
158 159
158 792
157 158
157 793
156 157
156 794
155 156
155 795
154 155
154 796
153 154
153 797
152 153
152 798
151 152
151 799
150 151
150 800
149 150
149 801
148 149
148 802
147 148
147 803
146 147
146 804
145 146
145 805
144 145
144 806
143 144
143 807
142 143
142 808
141 142
141 809
140 141
140 810
139 140
139 811
138 139
138 812
137 138
137 813
136 137
136 814
135 136
135 815
134 135
134 816
133 134
133 817
132 133
132 818
131 132
131 819
130 131
130 820
129 130
129 821
128 129
128 822
127 128
127 823
126 127
126 824
125 126
125 825
124 125
124 826
123 124
123 827
122 123
122 828
121 122
121 829
120 121
120 830
119 120
119 831
118 119
118 832
117 118
117 833
116 117
116 834
115 116
115 835
114 115
114 836
113 114
113 837
112 113
112 838
111 112
111 839
110 111
110 840
109 110
109 841
108 109
108 842
107 108
107 843
106 107
106 844
105 106
105 845
104 105
104 846
103 104
103 847
102 103
102 848
101 102
101 849
100 101
100 850
99 100
99 851
98 99
98 852
97 98
97 853
96 97
96 854
95 96
95 855
94 95
94 856
93 94
93 857
92 93
92 858
91 92
91 859
90 91
90 860
89 90
89 861
88 89
88 862
87 88
87 863
86 87
86 864
85 86
85 865
84 85
84 866
83 84
83 867
82 83
82 868
81 82
81 869
80 81
80 870
79 80
79 871
78 79
78 872
77 78
77 873
76 77
76 874
75 76
75 875
74 75
74 876
73 74
73 877
72 73
72 878
71 72
71 879
70 71
70 880
69 70
69 881
68 69
68 882
67 68
67 883
66 67
66 884
65 66
65 885
64 65
64 886
63 64
63 887
62 63
62 888
61 62
61 889
60 61
60 890
59 60
59 891
58 59
58 892
57 58
57 893
56 57
56 894
55 56
55 895
54 55
54 896
53 54
53 897
52 53
52 898
51 52
51 899
50 51
50 900
49 50
49 901
48 49
48 902
47 48
47 903
46 47
46 904
45 46
45 905
44 45
44 906
43 44
43 907
42 43
42 908
41 42
41 909
40 41
40 910
39 40
39 911
38 39
38 912
37 38
37 913
36 37
36 914
35 36
35 915
34 35
34 916
33 34
33 917
32 33
32 918
31 32
31 919
30 31
30 920
29 30
29 921
28 29
28 922
27 28
27 923
26 27
26 924
25 26
25 925
24 25
24 926
23 24
23 927
22 23
22 928
21 22
21 929
20 21
20 930
19 20
19 931
18 19
18 932
17 18
17 933
16 17
16 934
15 16
15 935
14 15
14 936
13 14
13 937
12 13
12 938
11 12
11 939
10 11
10 940
9 10
9 941
8 9
8 942
7 8
7 943
6 7
6 944
5 6
5 945
4 5
4 946
3 4
3 947
2 3
2 948
1 2
1 949
950 1018
