1059 3631294
67 950
67 951
67 952
67 953
67 954
67 955
67 956
67 957
67 958
67 959
67 960
67 961
67 962
67 963
67 964
67 965
66 67
66 966
66 967
66 968
66 969
66 970
66 971
66 972
66 973
66 974
66 975
66 976
66 977
66 978
66 979
66 980
65 66
65 981
65 982
65 983
65 984
65 985
65 986
65 987
65 988
65 989
65 990
65 991
65 992
65 993
65 994
65 995
64 65
64 996
64 997
64 998
64 999
64 1000
64 1001
64 1002
64 1003
64 1004
64 1005
64 1006
64 1007
64 1008
64 1009
64 1010
63 64
63 1011
63 1012
63 1013
63 1014
63 1015
63 1016
63 1017
63 1018
63 68
63 69
63 70
63 71
63 72
63 73
63 74
62 63
62 75
62 76
62 77
62 78
62 79
62 80
62 81
62 82
62 83
62 84
62 85
62 86
62 87
62 88
62 89
61 62
61 90
61 91
61 92
61 93
61 94
61 95
61 96
61 97
61 98
61 99
61 100
61 101
61 102
61 103
61 104
60 61
60 105
60 106
60 107
60 108
60 109
60 110
60 111
60 112
60 113
60 114
60 115
60 116
60 117
60 118
60 119
59 60
59 120
59 121
59 122
59 123
59 124
59 125
59 126
59 127
59 128
59 129
59 130
59 131
59 132
59 133
59 134
58 59
58 135
58 136
58 137
58 138
58 139
58 140
58 141
58 142
58 143
58 144
58 145
58 146
58 147
58 148
58 149
57 58
57 150
57 151
57 152
57 153
57 154
57 155
57 156
57 157
57 158
57 159
57 160
57 161
57 162
57 163
57 164
56 57
56 165
56 166
56 167
56 168
56 169
56 170
56 171
56 172
56 173
56 174
56 175
56 176
56 177
56 178
56 179
55 56
55 180
55 181
55 182
55 183
55 184
55 185
55 186
55 187
55 188
55 189
55 190
55 191
55 192
55 193
55 194
54 55
54 195
54 196
54 197
54 198
54 199
54 200
54 201
54 202
54 203
54 204
54 205
54 206
54 207
54 208
54 209
53 54
53 210
53 211
53 212
53 213
53 214
53 215
53 216
53 217
53 218
53 219
53 220
53 221
53 222
53 223
53 224
52 53
52 225
52 226
52 227
52 228
52 229
52 230
52 231
52 232
52 233
52 234
52 235
52 236
52 237
52 238
52 239
51 52
51 240
51 241
51 242
51 243
51 244
51 245
51 246
51 247
51 248
51 249
51 250
51 251
51 252
51 253
51 254
50 51
50 255
50 256
50 257
50 258
50 259
50 260
50 261
50 262
50 263
50 264
50 265
50 266
50 267
50 268
50 269
49 50
49 270
49 271
49 272
49 273
49 274
49 275
49 276
49 277
49 278
49 279
49 280
49 281
49 282
49 283
49 284
48 49
48 285
48 286
48 287
48 288
48 289
48 290
48 291
48 292
48 293
48 294
48 295
48 296
48 297
48 298
48 299
47 48
47 300
47 301
47 302
47 303
47 304
47 305
47 306
47 307
47 308
47 309
47 310
47 311
47 312
47 313
47 314
46 47
46 315
46 316
46 317
46 318
46 319
46 320
46 321
46 322
46 323
46 324
46 325
46 326
46 327
46 328
46 329
45 46
45 330
45 331
45 332
45 333
45 334
45 335
45 336
45 337
45 338
45 339
45 340
45 341
45 342
45 343
45 344
44 45
44 345
44 346
44 347
44 348
44 349
44 350
44 351
44 352
44 353
44 354
44 355
44 356
44 357
44 358
44 359
43 44
43 360
43 361
43 362
43 363
43 364
43 365
43 366
43 367
43 368
43 369
43 370
43 371
43 372
43 373
43 374
42 43
42 375
42 376
42 377
42 378
42 379
42 380
42 381
42 382
42 383
42 384
42 385
42 386
42 387
42 388
42 389
41 42
41 390
41 391
41 392
41 393
41 394
41 395
41 396
41 397
41 398
41 399
41 400
41 401
41 402
41 403
41 404
40 41
40 405
40 406
40 407
40 408
40 409
40 410
40 411
40 412
40 413
40 414
40 415
40 416
40 417
40 418
40 419
39 40
39 420
39 421
39 422
39 423
39 424
39 425
39 426
39 427
39 428
39 429
39 430
39 431
39 432
39 433
39 434
38 39
38 435
38 436
38 437
38 438
38 439
38 440
38 441
38 442
38 443
38 444
38 445
38 446
38 447
38 448
38 449
37 38
37 450
37 451
37 452
37 453
37 454
37 455
37 456
37 457
37 458
37 459
37 460
37 461
37 462
37 463
37 464
36 37
36 465
36 466
36 467
36 468
36 469
36 470
36 471
36 472
36 473
36 474
36 475
36 476
36 477
36 478
36 479
35 36
35 480
35 481
35 482
35 483
35 484
35 485
35 486
35 487
35 488
35 489
35 490
35 491
35 492
35 493
35 494
34 35
34 495
34 496
34 497
34 498
34 499
34 500
34 501
34 502
34 503
34 504
34 505
34 506
34 507
34 508
34 509
33 34
33 510
33 511
33 512
33 513
33 514
33 515
33 516
33 517
33 518
33 519
33 520
33 521
33 522
33 523
33 524
32 33
32 525
32 526
32 527
32 528
32 529
32 530
32 531
32 532
32 533
32 534
32 535
32 536
32 537
32 538
32 539
31 32
31 540
31 541
31 542
31 543
31 544
31 545
31 546
31 547
31 548
31 549
31 550
31 551
31 552
31 553
31 554
30 31
30 555
30 556
30 557
30 558
30 559
30 560
30 561
30 562
30 563
30 564
30 565
30 566
30 567
30 568
30 569
29 30
29 570
29 571
29 572
29 573
29 574
29 575
29 576
29 577
29 578
29 579
29 580
29 581
29 582
29 583
29 584
28 29
28 585
28 586
28 587
28 588
28 589
28 590
28 591
28 592
28 593
28 594
28 595
28 596
28 597
28 598
28 599
27 28
27 600
27 601
27 602
27 603
27 604
27 605
27 606
27 607
27 608
27 609
27 610
27 611
27 612
27 613
27 614
26 27
26 615
26 616
26 617
26 618
26 619
26 620
26 621
26 622
26 623
26 624
26 625
26 626
26 627
26 628
26 629
25 26
25 630
25 631
25 632
25 633
25 634
25 635
25 636
25 637
25 638
25 639
25 640
25 641
25 642
25 643
25 644
24 25
24 645
24 646
24 647
24 648
24 649
24 650
24 651
24 652
24 653
24 654
24 655
24 656
24 657
24 658
24 659
23 24
23 660
23 661
23 662
23 663
23 664
23 665
23 666
23 667
23 668
23 669
23 670
23 671
23 672
23 673
23 674
22 23
22 675
22 676
22 677
22 678
22 679
22 680
22 681
22 682
22 683
22 684
22 685
22 686
22 687
22 688
22 689
21 22
21 690
21 691
21 692
21 693
21 694
21 695
21 696
21 697
21 698
21 699
21 700
21 701
21 702
21 703
21 704
20 21
20 705
20 706
20 707
20 708
20 709
20 710
20 711
20 712
20 713
20 714
20 715
20 716
20 717
20 718
20 719
19 20
19 720
19 721
19 722
19 723
19 724
19 725
19 726
19 727
19 728
19 729
19 730
19 731
19 732
19 733
19 734
18 19
18 735
18 736
18 737
18 738
18 739
18 740
18 741
18 742
18 743
18 744
18 745
18 746
18 747
18 748
18 749
17 18
17 750
17 751
17 752
17 753
17 754
17 755
17 756
17 757
17 758
17 759
17 760
17 761
17 762
17 763
17 764
16 17
16 765
16 766
16 767
16 768
16 769
16 770
16 771
16 772
16 773
16 774
16 775
16 776
16 777
16 778
16 779
15 16
15 780
15 781
15 782
15 783
15 784
15 785
15 786
15 787
15 788
15 789
15 790
15 791
15 792
15 793
15 794
14 15
14 795
14 796
14 797
14 798
14 799
14 800
14 801
14 802
14 803
14 804
14 805
14 806
14 807
14 808
14 809
13 14
13 810
13 811
13 812
13 813
13 814
13 815
13 816
13 817
13 818
13 819
13 820
13 821
13 822
13 823
13 824
12 13
12 825
12 826
12 827
12 828
12 829
12 830
12 831
12 832
12 833
12 834
12 835
12 836
12 837
12 838
12 839
11 12
11 840
11 841
11 842
11 843
11 844
11 845
11 846
11 847
11 848
11 849
11 850
11 851
11 852
11 853
11 854
10 11
10 855
10 856
10 857
10 858
10 859
10 860
10 861
10 862
10 863
10 864
10 865
10 866
10 867
10 868
10 869
9 10
9 870
9 871
9 872
9 873
9 874
9 875
9 876
9 877
9 878
9 879
9 880
9 881
9 882
9 883
9 884
8 9
8 885
8 886
8 887
8 888
8 889
8 890
8 891
8 892
8 893
8 894
8 895
8 896
8 897
8 898
8 899
7 8
7 900
7 901
7 902
7 903
7 904
7 905
7 906
7 907
7 908
7 909
7 910
7 911
7 912
7 913
7 914
6 7
6 915
6 916
6 917
6 918
6 919
6 920
6 921
6 922
6 923
6 924
6 925
6 926
6 927
6 928
6 929
5 6
5 930
5 931
5 932
5 933
5 934
5 935
5 936
5 937
5 938
5 939
5 940
5 941
5 942
5 943
5 944
4 5
4 945
4 946
4 947
4 948
4 949
4 950
4 951
4 952
4 953
4 954
4 955
4 956
4 957
4 958
4 959
3 4
3 960
3 961
3 962
3 963
3 964
3 965
3 966
3 967
3 968
3 969
3 970
3 971
3 972
3 973
3 974
2 3
2 975
2 976
2 977
2 978
2 979
2 980
2 981
2 982
2 983
2 984
2 985
2 986
2 987
2 988
2 989
1 2
1 990
1 1060
