1173 32850542
586 1
586 991
585 586
585 992
584 585
584 993
583 584
583 994
582 583
582 995
581 582
581 996
580 581
580 997
579 580
579 998
578 579
578 999
577 578
577 1000
576 577
576 1001
575 576
575 1002
574 575
574 1003
573 574
573 1004
572 573
572 1005
571 572
571 1006
570 571
570 1007
569 570
569 1008
568 569
568 1009
567 568
567 1010
566 567
566 1011
565 566
565 1012
564 565
564 1013
563 564
563 1014
562 563
562 1015
561 562
561 1016
560 561
560 1017
559 560
559 1018
558 559
558 1019
557 558
557 1020
556 557
556 1021
555 556
555 1022
554 555
554 1023
553 554
553 1024
552 553
552 1025
551 552
551 1026
550 551
550 1027
549 550
549 1028
548 549
548 1029
547 548
547 1030
546 547
546 1031
545 546
545 1032
544 545
544 1033
543 544
543 1034
542 543
542 1035
541 542
541 1036
540 541
540 1037
539 540
539 1038
538 539
538 1039
537 538
537 1040
536 537
536 1041
535 536
535 1042
534 535
534 1043
533 534
533 1044
532 533
532 1045
531 532
531 1046
530 531
530 1047
529 530
529 1048
528 529
528 1049
527 528
527 1050
526 527
526 1051
525 526
525 1052
524 525
524 1053
523 524
523 1054
522 523
522 1055
521 522
521 1056
520 521
520 1057
519 520
519 1058
518 519
518 1059
517 518
517 1060
516 517
516 587
515 516
515 588
514 515
514 589
513 514
513 590
512 513
512 591
511 512
511 592
510 511
510 593
509 510
509 594
508 509
508 595
507 508
507 596
506 507
506 597
505 506
505 598
504 505
504 599
503 504
503 600
502 503
502 601
501 502
501 602
500 501
500 603
499 500
499 604
498 499
498 605
497 498
497 606
496 497
496 607
495 496
495 608
494 495
494 609
493 494
493 610
492 493
492 611
491 492
491 612
490 491
490 613
489 490
489 614
488 489
488 615
487 488
487 616
486 487
486 617
485 486
485 618
484 485
484 619
483 484
483 620
482 483
482 621
481 482
481 622
480 481
480 623
479 480
479 624
478 479
478 625
477 478
477 626
476 477
476 627
475 476
475 628
474 475
474 629
473 474
473 630
472 473
472 631
471 472
471 632
470 471
470 633
469 470
469 634
468 469
468 635
467 468
467 636
466 467
466 637
465 466
465 638
464 465
464 639
463 464
463 640
462 463
462 641
461 462
461 642
460 461
460 643
459 460
459 644
458 459
458 645
457 458
457 646
456 457
456 647
455 456
455 648
454 455
454 649
453 454
453 650
452 453
452 651
451 452
451 652
450 451
450 653
449 450
449 654
448 449
448 655
447 448
447 656
446 447
446 657
445 446
445 658
444 445
444 659
443 444
443 660
442 443
442 661
441 442
441 662
440 441
440 663
439 440
439 664
438 439
438 665
437 438
437 666
436 437
436 667
435 436
435 668
434 435
434 669
433 434
433 670
432 433
432 671
431 432
431 672
430 431
430 673
429 430
429 674
428 429
428 675
427 428
427 676
426 427
426 677
425 426
425 678
424 425
424 679
423 424
423 680
422 423
422 681
421 422
421 682
420 421
420 683
419 420
419 684
418 419
418 685
417 418
417 686
416 417
416 687
415 416
415 688
414 415
414 689
413 414
413 690
412 413
412 691
411 412
411 692
410 411
410 693
409 410
409 694
408 409
408 695
407 408
407 696
406 407
406 697
405 406
405 698
404 405
404 699
403 404
403 700
402 403
402 701
401 402
401 702
400 401
400 703
399 400
399 704
398 399
398 705
397 398
397 706
396 397
396 707
395 396
395 708
394 395
394 709
393 394
393 710
392 393
392 711
391 392
391 712
390 391
390 713
389 390
389 714
388 389
388 715
387 388
387 716
386 387
386 717
385 386
385 718
384 385
384 719
383 384
383 720
382 383
382 721
381 382
381 722
380 381
380 723
379 380
379 724
378 379
378 725
377 378
377 726
376 377
376 727
375 376
375 728
374 375
374 729
373 374
373 730
372 373
372 731
371 372
371 732
370 371
370 733
369 370
369 734
368 369
368 735
367 368
367 736
366 367
366 737
365 366
365 738
364 365
364 739
363 364
363 740
362 363
362 741
361 362
361 742
360 361
360 743
359 360
359 744
358 359
358 745
357 358
357 746
356 357
356 747
355 356
355 748
354 355
354 749
353 354
353 750
352 353
352 751
351 352
351 752
350 351
350 753
349 350
349 754
348 349
348 755
347 348
347 756
346 347
346 757
345 346
345 758
344 345
344 759
343 344
343 760
342 343
342 761
341 342
341 762
340 341
340 763
339 340
339 764
338 339
338 765
337 338
337 766
336 337
336 767
335 336
335 768
334 335
334 769
333 334
333 770
332 333
332 771
331 332
331 772
330 331
330 773
329 330
329 774
328 329
328 775
327 328
327 776
326 327
326 777
325 326
325 778
324 325
324 779
323 324
323 780
322 323
322 781
321 322
321 782
320 321
320 783
319 320
319 784
318 319
318 785
317 318
317 786
316 317
316 787
315 316
315 788
314 315
314 789
313 314
313 790
312 313
312 791
311 312
311 792
310 311
310 793
309 310
309 794
308 309
308 795
307 308
307 796
306 307
306 797
305 306
305 798
304 305
304 799
303 304
303 800
302 303
302 801
301 302
301 802
300 301
300 803
299 300
299 804
298 299
298 805
297 298
297 806
296 297
296 807
295 296
295 808
294 295
294 809
293 294
293 810
292 293
292 811
291 292
291 812
290 291
290 813
289 290
289 814
288 289
288 815
287 288
287 816
286 287
286 817
285 286
285 818
284 285
284 819
283 284
283 820
282 283
282 821
281 282
281 822
280 281
280 823
279 280
279 824
278 279
278 825
277 278
277 826
276 277
276 827
275 276
275 828
274 275
274 829
273 274
273 830
272 273
272 831
271 272
271 832
270 271
270 833
269 270
269 834
268 269
268 835
267 268
267 836
266 267
266 837
265 266
265 838
264 265
264 839
263 264
263 840
262 263
262 841
261 262
261 842
260 261
260 843
259 260
259 844
258 259
258 845
257 258
257 846
256 257
256 847
255 256
255 848
254 255
254 849
253 254
253 850
252 253
252 851
251 252
251 852
250 251
250 853
249 250
249 854
248 249
248 855
247 248
247 856
246 247
246 857
245 246
245 858
244 245
244 859
243 244
243 860
242 243
242 861
241 242
241 862
240 241
240 863
239 240
239 864
238 239
238 865
237 238
237 866
236 237
236 867
235 236
235 868
234 235
234 869
233 234
233 870
232 233
232 871
231 232
231 872
230 231
230 873
229 230
229 874
228 229
228 875
227 228
227 876
226 227
226 877
225 226
225 878
224 225
224 879
223 224
223 880
222 223
222 881
221 222
221 882
220 221
220 883
219 220
219 884
218 219
218 885
217 218
217 886
216 217
216 887
215 216
215 888
214 215
214 889
213 214
213 890
212 213
212 891
211 212
211 892
210 211
210 893
209 210
209 894
208 209
208 895
207 208
207 896
206 207
206 897
205 206
205 898
204 205
204 899
203 204
203 900
202 203
202 901
201 202
201 902
200 201
200 903
199 200
199 904
198 199
198 905
197 198
197 906
196 197
196 907
195 196
195 908
194 195
194 909
193 194
193 910
192 193
192 911
191 192
191 912
190 191
190 913
189 190
189 914
188 189
188 915
187 188
187 916
186 187
186 917
185 186
185 918
184 185
184 919
183 184
183 920
182 183
182 921
181 182
181 922
180 181
180 923
179 180
179 924
178 179
178 925
177 178
177 926
176 177
176 927
175 176
175 928
174 175
174 929
173 174
173 930
172 173
172 931
171 172
171 932
170 171
170 933
169 170
169 934
168 169
168 935
167 168
167 936
166 167
166 937
165 166
165 938
164 165
164 939
163 164
163 940
162 163
162 941
161 162
161 942
160 161
160 943
159 160
159 944
158 159
158 945
157 158
157 946
156 157
156 947
155 156
155 948
154 155
154 949
153 154
153 950
152 153
152 951
151 152
151 952
150 151
150 953
149 150
149 954
148 149
148 955
147 148
147 956
146 147
146 957
145 146
145 958
144 145
144 959
143 144
143 960
142 143
142 961
141 142
141 962
140 141
140 963
139 140
139 964
138 139
138 965
137 138
137 966
136 137
136 967
135 136
135 968
134 135
134 969
133 134
133 970
132 133
132 971
131 132
131 972
130 131
130 973
129 130
129 974
128 129
128 975
127 128
127 976
126 127
126 977
125 126
125 978
124 125
124 979
123 124
123 980
122 123
122 981
121 122
121 982
120 121
120 983
119 120
119 984
118 119
118 985
117 118
117 986
116 117
116 987
115 116
115 988
114 115
114 989
113 114
113 990
112 113
112 991
111 112
111 992
110 111
110 993
109 110
109 994
108 109
108 995
107 108
107 996
106 107
106 997
105 106
105 998
104 105
104 999
103 104
103 1000
102 103
102 1001
101 102
101 1002
100 101
100 1003
99 100
99 1004
98 99
98 1005
97 98
97 1006
96 97
96 1007
95 96
95 1008
94 95
94 1009
93 94
93 1010
92 93
92 1011
91 92
91 1012
90 91
90 1013
89 90
89 1014
88 89
88 1015
87 88
87 1016
86 87
86 1017
85 86
85 1018
84 85
84 1019
83 84
83 1020
82 83
82 1021
81 82
81 1022
80 81
80 1023
79 80
79 1024
78 79
78 1025
77 78
77 1026
76 77
76 1027
75 76
75 1028
74 75
74 1029
73 74
73 1030
72 73
72 1031
71 72
71 1032
70 71
70 1033
69 70
69 1034
68 69
68 1035
67 68
67 1036
66 67
66 1037
65 66
65 1038
64 65
64 1039
63 64
63 1040
62 63
62 1041
61 62
61 1042
60 61
60 1043
59 60
59 1044
58 59
58 1045
57 58
57 1046
56 57
56 1047
55 56
55 1048
54 55
54 1049
53 54
53 1050
52 53
52 1051
51 52
51 1052
50 51
50 1053
49 50
49 1054
48 49
48 1055
47 48
47 1056
46 47
46 1057
45 46
45 1058
44 45
44 1059
43 44
43 1060
42 43
42 1061
41 42
41 1062
40 41
40 1063
39 40
39 1064
38 39
38 1065
37 38
37 1066
36 37
36 1067
35 36
35 1068
34 35
34 1069
33 34
33 1070
32 33
32 1071
31 32
31 1072
30 31
30 1073
29 30
29 1074
28 29
28 1075
27 28
27 1076
26 27
26 1077
25 26
25 1078
24 25
24 1079
23 24
23 1080
22 23
22 1081
21 22
21 1082
20 21
20 1083
19 20
19 1084
18 19
18 1085
17 18
17 1086
16 17
16 1087
15 16
15 1088
14 15
14 1089
13 14
13 1090
12 13
12 1091
11 12
11 1092
10 11
10 1093
9 10
9 1094
8 9
8 1095
7 8
7 1096
6 7
6 1097
5 6
5 1098
4 5
4 1099
3 4
3 1100
2 3
2 1101
1 2
1 1102
1 1174
