1131 30428525
565 1
565 1103
564 565
564 1104
563 564
563 1105
562 563
562 1106
561 562
561 1107
560 561
560 1108
559 560
559 1109
558 559
558 1110
557 558
557 1111
556 557
556 1112
555 556
555 1113
554 555
554 1114
553 554
553 1115
552 553
552 1116
551 552
551 1117
550 551
550 1118
549 550
549 1119
548 549
548 1120
547 548
547 1121
546 547
546 1122
545 546
545 1123
544 545
544 1124
543 544
543 1125
542 543
542 1126
541 542
541 1127
540 541
540 1128
539 540
539 1129
538 539
538 1130
537 538
537 1131
536 537
536 1132
535 536
535 1133
534 535
534 1134
533 534
533 1135
532 533
532 1136
531 532
531 1137
530 531
530 1138
529 530
529 1139
528 529
528 1140
527 528
527 1141
526 527
526 1142
525 526
525 1143
524 525
524 1144
523 524
523 1145
522 523
522 1146
521 522
521 1147
520 521
520 1148
519 520
519 1149
518 519
518 1150
517 518
517 1151
516 517
516 1152
515 516
515 1153
514 515
514 1154
513 514
513 1155
512 513
512 1156
511 512
511 1157
510 511
510 1158
509 510
509 1159
508 509
508 1160
507 508
507 1161
506 507
506 1162
505 506
505 1163
504 505
504 1164
503 504
503 1165
502 503
502 1166
501 502
501 1167
500 501
500 1168
499 500
499 1169
498 499
498 1170
497 498
497 1171
496 497
496 1172
495 496
495 1173
494 495
494 1174
493 494
493 566
492 493
492 567
491 492
491 568
490 491
490 569
489 490
489 570
488 489
488 571
487 488
487 572
486 487
486 573
485 486
485 574
484 485
484 575
483 484
483 576
482 483
482 577
481 482
481 578
480 481
480 579
479 480
479 580
478 479
478 581
477 478
477 582
476 477
476 583
475 476
475 584
474 475
474 585
473 474
473 586
472 473
472 587
471 472
471 588
470 471
470 589
469 470
469 590
468 469
468 591
467 468
467 592
466 467
466 593
465 466
465 594
464 465
464 595
463 464
463 596
462 463
462 597
461 462
461 598
460 461
460 599
459 460
459 600
458 459
458 601
457 458
457 602
456 457
456 603
455 456
455 604
454 455
454 605
453 454
453 606
452 453
452 607
451 452
451 608
450 451
450 609
449 450
449 610
448 449
448 611
447 448
447 612
446 447
446 613
445 446
445 614
444 445
444 615
443 444
443 616
442 443
442 617
441 442
441 618
440 441
440 619
439 440
439 620
438 439
438 621
437 438
437 622
436 437
436 623
435 436
435 624
434 435
434 625
433 434
433 626
432 433
432 627
431 432
431 628
430 431
430 629
429 430
429 630
428 429
428 631
427 428
427 632
426 427
426 633
425 426
425 634
424 425
424 635
423 424
423 636
422 423
422 637
421 422
421 638
420 421
420 639
419 420
419 640
418 419
418 641
417 418
417 642
416 417
416 643
415 416
415 644
414 415
414 645
413 414
413 646
412 413
412 647
411 412
411 648
410 411
410 649
409 410
409 650
408 409
408 651
407 408
407 652
406 407
406 653
405 406
405 654
404 405
404 655
403 404
403 656
402 403
402 657
401 402
401 658
400 401
400 659
399 400
399 660
398 399
398 661
397 398
397 662
396 397
396 663
395 396
395 664
394 395
394 665
393 394
393 666
392 393
392 667
391 392
391 668
390 391
390 669
389 390
389 670
388 389
388 671
387 388
387 672
386 387
386 673
385 386
385 674
384 385
384 675
383 384
383 676
382 383
382 677
381 382
381 678
380 381
380 679
379 380
379 680
378 379
378 681
377 378
377 682
376 377
376 683
375 376
375 684
374 375
374 685
373 374
373 686
372 373
372 687
371 372
371 688
370 371
370 689
369 370
369 690
368 369
368 691
367 368
367 692
366 367
366 693
365 366
365 694
364 365
364 695
363 364
363 696
362 363
362 697
361 362
361 698
360 361
360 699
359 360
359 700
358 359
358 701
357 358
357 702
356 357
356 703
355 356
355 704
354 355
354 705
353 354
353 706
352 353
352 707
351 352
351 708
350 351
350 709
349 350
349 710
348 349
348 711
347 348
347 712
346 347
346 713
345 346
345 714
344 345
344 715
343 344
343 716
342 343
342 717
341 342
341 718
340 341
340 719
339 340
339 720
338 339
338 721
337 338
337 722
336 337
336 723
335 336
335 724
334 335
334 725
333 334
333 726
332 333
332 727
331 332
331 728
330 331
330 729
329 330
329 730
328 329
328 731
327 328
327 732
326 327
326 733
325 326
325 734
324 325
324 735
323 324
323 736
322 323
322 737
321 322
321 738
320 321
320 739
319 320
319 740
318 319
318 741
317 318
317 742
316 317
316 743
315 316
315 744
314 315
314 745
313 314
313 746
312 313
312 747
311 312
311 748
310 311
310 749
309 310
309 750
308 309
308 751
307 308
307 752
306 307
306 753
305 306
305 754
304 305
304 755
303 304
303 756
302 303
302 757
301 302
301 758
300 301
300 759
299 300
299 760
298 299
298 761
297 298
297 762
296 297
296 763
295 296
295 764
294 295
294 765
293 294
293 766
292 293
292 767
291 292
291 768
290 291
290 769
289 290
289 770
288 289
288 771
287 288
287 772
286 287
286 773
285 286
285 774
284 285
284 775
283 284
283 776
282 283
282 777
281 282
281 778
280 281
280 779
279 280
279 780
278 279
278 781
277 278
277 782
276 277
276 783
275 276
275 784
274 275
274 785
273 274
273 786
272 273
272 787
271 272
271 788
270 271
270 789
269 270
269 790
268 269
268 791
267 268
267 792
266 267
266 793
265 266
265 794
264 265
264 795
263 264
263 796
262 263
262 797
261 262
261 798
260 261
260 799
259 260
259 800
258 259
258 801
257 258
257 802
256 257
256 803
255 256
255 804
254 255
254 805
253 254
253 806
252 253
252 807
251 252
251 808
250 251
250 809
249 250
249 810
248 249
248 811
247 248
247 812
246 247
246 813
245 246
245 814
244 245
244 815
243 244
243 816
242 243
242 817
241 242
241 818
240 241
240 819
239 240
239 820
238 239
238 821
237 238
237 822
236 237
236 823
235 236
235 824
234 235
234 825
233 234
233 826
232 233
232 827
231 232
231 828
230 231
230 829
229 230
229 830
228 229
228 831
227 228
227 832
226 227
226 833
225 226
225 834
224 225
224 835
223 224
223 836
222 223
222 837
221 222
221 838
220 221
220 839
219 220
219 840
218 219
218 841
217 218
217 842
216 217
216 843
215 216
215 844
214 215
214 845
213 214
213 846
212 213
212 847
211 212
211 848
210 211
210 849
209 210
209 850
208 209
208 851
207 208
207 852
206 207
206 853
205 206
205 854
204 205
204 855
203 204
203 856
202 203
202 857
201 202
201 858
200 201
200 859
199 200
199 860
198 199
198 861
197 198
197 862
196 197
196 863
195 196
195 864
194 195
194 865
193 194
193 866
192 193
192 867
191 192
191 868
190 191
190 869
189 190
189 870
188 189
188 871
187 188
187 872
186 187
186 873
185 186
185 874
184 185
184 875
183 184
183 876
182 183
182 877
181 182
181 878
180 181
180 879
179 180
179 880
178 179
178 881
177 178
177 882
176 177
176 883
175 176
175 884
174 175
174 885
173 174
173 886
172 173
172 887
171 172
171 888
170 171
170 889
169 170
169 890
168 169
168 891
167 168
167 892
166 167
166 893
165 166
165 894
164 165
164 895
163 164
163 896
162 163
162 897
161 162
161 898
160 161
160 899
159 160
159 900
158 159
158 901
157 158
157 902
156 157
156 903
155 156
155 904
154 155
154 905
153 154
153 906
152 153
152 907
151 152
151 908
150 151
150 909
149 150
149 910
148 149
148 911
147 148
147 912
146 147
146 913
145 146
145 914
144 145
144 915
143 144
143 916
142 143
142 917
141 142
141 918
140 141
140 919
139 140
139 920
138 139
138 921
137 138
137 922
136 137
136 923
135 136
135 924
134 135
134 925
133 134
133 926
132 133
132 927
131 132
131 928
130 131
130 929
129 130
129 930
128 129
128 931
127 128
127 932
126 127
126 933
125 126
125 934
124 125
124 935
123 124
123 936
122 123
122 937
121 122
121 938
120 121
120 939
119 120
119 940
118 119
118 941
117 118
117 942
116 117
116 943
115 116
115 944
114 115
114 945
113 114
113 946
112 113
112 947
111 112
111 948
110 111
110 949
109 110
109 950
108 109
108 951
107 108
107 952
106 107
106 953
105 106
105 954
104 105
104 955
103 104
103 956
102 103
102 957
101 102
101 958
100 101
100 959
99 100
99 960
98 99
98 961
97 98
97 962
96 97
96 963
95 96
95 964
94 95
94 965
93 94
93 966
92 93
92 967
91 92
91 968
90 91
90 969
89 90
89 970
88 89
88 971
87 88
87 972
86 87
86 973
85 86
85 974
84 85
84 975
83 84
83 976
82 83
82 977
81 82
81 978
80 81
80 979
79 80
79 980
78 79
78 981
77 78
77 982
76 77
76 983
75 76
75 984
74 75
74 985
73 74
73 986
72 73
72 987
71 72
71 988
70 71
70 989
69 70
69 990
68 69
68 991
67 68
67 992
66 67
66 993
65 66
65 994
64 65
64 995
63 64
63 996
62 63
62 997
61 62
61 998
60 61
60 999
59 60
59 1000
58 59
58 1001
57 58
57 1002
56 57
56 1003
55 56
55 1004
54 55
54 1005
53 54
53 1006
52 53
52 1007
51 52
51 1008
50 51
50 1009
49 50
49 1010
48 49
48 1011
47 48
47 1012
46 47
46 1013
45 46
45 1014
44 45
44 1015
43 44
43 1016
42 43
42 1017
41 42
41 1018
40 41
40 1019
39 40
39 1020
38 39
38 1021
37 38
37 1022
36 37
36 1023
35 36
35 1024
34 35
34 1025
33 34
33 1026
32 33
32 1027
31 32
31 1028
30 31
30 1029
29 30
29 1030
28 29
28 1031
27 28
27 1032
26 27
26 1033
25 26
25 1034
24 25
24 1035
23 24
23 1036
22 23
22 1037
21 22
21 1038
20 21
20 1039
19 20
19 1040
18 19
18 1041
17 18
17 1042
16 17
16 1043
15 16
15 1044
14 15
14 1045
13 14
13 1046
12 13
12 1047
11 12
11 1048
10 11
10 1049
9 10
9 1050
8 9
8 1051
7 8
7 1052
6 7
6 1053
5 6
5 1054
4 5
4 1055
3 4
3 1056
2 3
2 1057
1 2
1 1058
1 1132
