1143 13475451
229 1
229 1059
229 1060
229 1061
229 1062
228 229
228 1063
228 1064
228 1065
228 1066
227 228
227 1067
227 1068
227 1069
227 1070
226 227
226 1071
226 1072
226 1073
226 1074
225 226
225 1075
225 1076
225 1077
225 1078
224 225
224 1079
224 1080
224 1081
224 1082
223 224
223 1083
223 1084
223 1085
223 1086
222 223
222 1087
222 1088
222 1089
222 1090
221 222
221 1091
221 1092
221 1093
221 1094
220 221
220 1095
220 1096
220 1097
220 1098
219 220
219 1099
219 1100
219 1101
219 1102
218 219
218 1103
218 1104
218 1105
218 1106
217 218
217 1107
217 1108
217 1109
217 1110
216 217
216 1111
216 1112
216 1113
216 1114
215 216
215 1115
215 1116
215 1117
215 1118
214 215
214 1119
214 1120
214 1121
214 1122
213 214
213 1123
213 1124
213 1125
213 1126
212 213
212 1127
212 1128
212 1129
212 1130
211 212
211 1131
211 1132
211 230
211 231
210 211
210 232
210 233
210 234
210 235
209 210
209 236
209 237
209 238
209 239
208 209
208 240
208 241
208 242
208 243
207 208
207 244
207 245
207 246
207 247
206 207
206 248
206 249
206 250
206 251
205 206
205 252
205 253
205 254
205 255
204 205
204 256
204 257
204 258
204 259
203 204
203 260
203 261
203 262
203 263
202 203
202 264
202 265
202 266
202 267
201 202
201 268
201 269
201 270
201 271
200 201
200 272
200 273
200 274
200 275
199 200
199 276
199 277
199 278
199 279
198 199
198 280
198 281
198 282
198 283
197 198
197 284
197 285
197 286
197 287
196 197
196 288
196 289
196 290
196 291
195 196
195 292
195 293
195 294
195 295
194 195
194 296
194 297
194 298
194 299
193 194
193 300
193 301
193 302
193 303
192 193
192 304
192 305
192 306
192 307
191 192
191 308
191 309
191 310
191 311
190 191
190 312
190 313
190 314
190 315
189 190
189 316
189 317
189 318
189 319
188 189
188 320
188 321
188 322
188 323
187 188
187 324
187 325
187 326
187 327
186 187
186 328
186 329
186 330
186 331
185 186
185 332
185 333
185 334
185 335
184 185
184 336
184 337
184 338
184 339
183 184
183 340
183 341
183 342
183 343
182 183
182 344
182 345
182 346
182 347
181 182
181 348
181 349
181 350
181 351
180 181
180 352
180 353
180 354
180 355
179 180
179 356
179 357
179 358
179 359
178 179
178 360
178 361
178 362
178 363
177 178
177 364
177 365
177 366
177 367
176 177
176 368
176 369
176 370
176 371
175 176
175 372
175 373
175 374
175 375
174 175
174 376
174 377
174 378
174 379
173 174
173 380
173 381
173 382
173 383
172 173
172 384
172 385
172 386
172 387
171 172
171 388
171 389
171 390
171 391
170 171
170 392
170 393
170 394
170 395
169 170
169 396
169 397
169 398
169 399
168 169
168 400
168 401
168 402
168 403
167 168
167 404
167 405
167 406
167 407
166 167
166 408
166 409
166 410
166 411
165 166
165 412
165 413
165 414
165 415
164 165
164 416
164 417
164 418
164 419
163 164
163 420
163 421
163 422
163 423
162 163
162 424
162 425
162 426
162 427
161 162
161 428
161 429
161 430
161 431
160 161
160 432
160 433
160 434
160 435
159 160
159 436
159 437
159 438
159 439
158 159
158 440
158 441
158 442
158 443
157 158
157 444
157 445
157 446
157 447
156 157
156 448
156 449
156 450
156 451
155 156
155 452
155 453
155 454
155 455
154 155
154 456
154 457
154 458
154 459
153 154
153 460
153 461
153 462
153 463
152 153
152 464
152 465
152 466
152 467
151 152
151 468
151 469
151 470
151 471
150 151
150 472
150 473
150 474
150 475
149 150
149 476
149 477
149 478
149 479
148 149
148 480
148 481
148 482
148 483
147 148
147 484
147 485
147 486
147 487
146 147
146 488
146 489
146 490
146 491
145 146
145 492
145 493
145 494
145 495
144 145
144 496
144 497
144 498
144 499
143 144
143 500
143 501
143 502
143 503
142 143
142 504
142 505
142 506
142 507
141 142
141 508
141 509
141 510
141 511
140 141
140 512
140 513
140 514
140 515
139 140
139 516
139 517
139 518
139 519
138 139
138 520
138 521
138 522
138 523
137 138
137 524
137 525
137 526
137 527
136 137
136 528
136 529
136 530
136 531
135 136
135 532
135 533
135 534
135 535
134 135
134 536
134 537
134 538
134 539
133 134
133 540
133 541
133 542
133 543
132 133
132 544
132 545
132 546
132 547
131 132
131 548
131 549
131 550
131 551
130 131
130 552
130 553
130 554
130 555
129 130
129 556
129 557
129 558
129 559
128 129
128 560
128 561
128 562
128 563
127 128
127 564
127 565
127 566
127 567
126 127
126 568
126 569
126 570
126 571
125 126
125 572
125 573
125 574
125 575
124 125
124 576
124 577
124 578
124 579
123 124
123 580
123 581
123 582
123 583
122 123
122 584
122 585
122 586
122 587
121 122
121 588
121 589
121 590
121 591
120 121
120 592
120 593
120 594
120 595
119 120
119 596
119 597
119 598
119 599
118 119
118 600
118 601
118 602
118 603
117 118
117 604
117 605
117 606
117 607
116 117
116 608
116 609
116 610
116 611
115 116
115 612
115 613
115 614
115 615
114 115
114 616
114 617
114 618
114 619
113 114
113 620
113 621
113 622
113 623
112 113
112 624
112 625
112 626
112 627
111 112
111 628
111 629
111 630
111 631
110 111
110 632
110 633
110 634
110 635
109 110
109 636
109 637
109 638
109 639
108 109
108 640
108 641
108 642
108 643
107 108
107 644
107 645
107 646
107 647
106 107
106 648
106 649
106 650
106 651
105 106
105 652
105 653
105 654
105 655
104 105
104 656
104 657
104 658
104 659
103 104
103 660
103 661
103 662
103 663
102 103
102 664
102 665
102 666
102 667
101 102
101 668
101 669
101 670
101 671
100 101
100 672
100 673
100 674
100 675
99 100
99 676
99 677
99 678
99 679
98 99
98 680
98 681
98 682
98 683
97 98
97 684
97 685
97 686
97 687
96 97
96 688
96 689
96 690
96 691
95 96
95 692
95 693
95 694
95 695
94 95
94 696
94 697
94 698
94 699
93 94
93 700
93 701
93 702
93 703
92 93
92 704
92 705
92 706
92 707
91 92
91 708
91 709
91 710
91 711
90 91
90 712
90 713
90 714
90 715
89 90
89 716
89 717
89 718
89 719
88 89
88 720
88 721
88 722
88 723
87 88
87 724
87 725
87 726
87 727
86 87
86 728
86 729
86 730
86 731
85 86
85 732
85 733
85 734
85 735
84 85
84 736
84 737
84 738
84 739
83 84
83 740
83 741
83 742
83 743
82 83
82 744
82 745
82 746
82 747
81 82
81 748
81 749
81 750
81 751
80 81
80 752
80 753
80 754
80 755
79 80
79 756
79 757
79 758
79 759
78 79
78 760
78 761
78 762
78 763
77 78
77 764
77 765
77 766
77 767
76 77
76 768
76 769
76 770
76 771
75 76
75 772
75 773
75 774
75 775
74 75
74 776
74 777
74 778
74 779
73 74
73 780
73 781
73 782
73 783
72 73
72 784
72 785
72 786
72 787
71 72
71 788
71 789
71 790
71 791
70 71
70 792
70 793
70 794
70 795
69 70
69 796
69 797
69 798
69 799
68 69
68 800
68 801
68 802
68 803
67 68
67 804
67 805
67 806
67 807
66 67
66 808
66 809
66 810
66 811
65 66
65 812
65 813
65 814
65 815
64 65
64 816
64 817
64 818
64 819
63 64
63 820
63 821
63 822
63 823
62 63
62 824
62 825
62 826
62 827
61 62
61 828
61 829
61 830
61 831
60 61
60 832
60 833
60 834
60 835
59 60
59 836
59 837
59 838
59 839
58 59
58 840
58 841
58 842
58 843
57 58
57 844
57 845
57 846
57 847
56 57
56 848
56 849
56 850
56 851
55 56
55 852
55 853
55 854
55 855
54 55
54 856
54 857
54 858
54 859
53 54
53 860
53 861
53 862
53 863
52 53
52 864
52 865
52 866
52 867
51 52
51 868
51 869
51 870
51 871
50 51
50 872
50 873
50 874
50 875
49 50
49 876
49 877
49 878
49 879
48 49
48 880
48 881
48 882
48 883
47 48
47 884
47 885
47 886
47 887
46 47
46 888
46 889
46 890
46 891
45 46
45 892
45 893
45 894
45 895
44 45
44 896
44 897
44 898
44 899
43 44
43 900
43 901
43 902
43 903
42 43
42 904
42 905
42 906
42 907
41 42
41 908
41 909
41 910
41 911
40 41
40 912
40 913
40 914
40 915
39 40
39 916
39 917
39 918
39 919
38 39
38 920
38 921
38 922
38 923
37 38
37 924
37 925
37 926
37 927
36 37
36 928
36 929
36 930
36 931
35 36
35 932
35 933
35 934
35 935
34 35
34 936
34 937
34 938
34 939
33 34
33 940
33 941
33 942
33 943
32 33
32 944
32 945
32 946
32 947
31 32
31 948
31 949
31 950
31 951
30 31
30 952
30 953
30 954
30 955
29 30
29 956
29 957
29 958
29 959
28 29
28 960
28 961
28 962
28 963
27 28
27 964
27 965
27 966
27 967
26 27
26 968
26 969
26 970
26 971
25 26
25 972
25 973
25 974
25 975
24 25
24 976
24 977
24 978
24 979
23 24
23 980
23 981
23 982
23 983
22 23
22 984
22 985
22 986
22 987
21 22
21 988
21 989
21 990
21 991
20 21
20 992
20 993
20 994
20 995
19 20
19 996
19 997
19 998
19 999
18 19
18 1000
18 1001
18 1002
18 1003
17 18
17 1004
17 1005
17 1006
17 1007
16 17
16 1008
16 1009
16 1010
16 1011
15 16
15 1012
15 1013
15 1014
15 1015
14 15
14 1016
14 1017
14 1018
14 1019
13 14
13 1020
13 1021
13 1022
13 1023
12 13
12 1024
12 1025
12 1026
12 1027
11 12
11 1028
11 1029
11 1030
11 1031
10 11
10 1032
10 1033
10 1034
10 1035
9 10
9 1036
9 1037
9 1038
9 1039
8 9
8 1040
8 1041
8 1042
8 1043
7 8
7 1044
7 1045
7 1046
7 1047
6 7
6 1048
6 1049
6 1050
6 1051
5 6
5 1052
5 1053
5 1054
5 1055
4 5
4 1056
4 1057
4 1058
4 1059
3 4
3 1060
3 1061
3 1062
3 1063
2 3
2 1064
2 1065
2 1066
2 1067
1 2
1 1068
1 1144
