1192 23190532
596 1
596 1069
595 596
595 1070
594 595
594 1071
593 594
593 1072
592 593
592 1073
591 592
591 1074
590 591
590 1075
589 590
589 1076
588 589
588 1077
587 588
587 1078
586 587
586 1079
585 586
585 1080
584 585
584 1081
583 584
583 1082
582 583
582 1083
581 582
581 1084
580 581
580 1085
579 580
579 1086
578 579
578 1087
577 578
577 1088
576 577
576 1089
575 576
575 1090
574 575
574 1091
573 574
573 1092
572 573
572 1093
571 572
571 1094
570 571
570 1095
569 570
569 1096
568 569
568 1097
567 568
567 1098
566 567
566 1099
565 566
565 1100
564 565
564 1101
563 564
563 1102
562 563
562 1103
561 562
561 1104
560 561
560 1105
559 560
559 1106
558 559
558 1107
557 558
557 1108
556 557
556 1109
555 556
555 1110
554 555
554 1111
553 554
553 1112
552 553
552 1113
551 552
551 1114
550 551
550 1115
549 550
549 1116
548 549
548 1117
547 548
547 1118
546 547
546 1119
545 546
545 1120
544 545
544 1121
543 544
543 1122
542 543
542 1123
541 542
541 1124
540 541
540 1125
539 540
539 1126
538 539
538 1127
537 538
537 1128
536 537
536 1129
535 536
535 1130
534 535
534 1131
533 534
533 1132
532 533
532 1133
531 532
531 1134
530 531
530 1135
529 530
529 1136
528 529
528 1137
527 528
527 1138
526 527
526 1139
525 526
525 1140
524 525
524 1141
523 524
523 1142
522 523
522 1143
521 522
521 1144
520 521
520 597
519 520
519 598
518 519
518 599
517 518
517 600
516 517
516 601
515 516
515 602
514 515
514 603
513 514
513 604
512 513
512 605
511 512
511 606
510 511
510 607
509 510
509 608
508 509
508 609
507 508
507 610
506 507
506 611
505 506
505 612
504 505
504 613
503 504
503 614
502 503
502 615
501 502
501 616
500 501
500 617
499 500
499 618
498 499
498 619
497 498
497 620
496 497
496 621
495 496
495 622
494 495
494 623
493 494
493 624
492 493
492 625
491 492
491 626
490 491
490 627
489 490
489 628
488 489
488 629
487 488
487 630
486 487
486 631
485 486
485 632
484 485
484 633
483 484
483 634
482 483
482 635
481 482
481 636
480 481
480 637
479 480
479 638
478 479
478 639
477 478
477 640
476 477
476 641
475 476
475 642
474 475
474 643
473 474
473 644
472 473
472 645
471 472
471 646
470 471
470 647
469 470
469 648
468 469
468 649
467 468
467 650
466 467
466 651
465 466
465 652
464 465
464 653
463 464
463 654
462 463
462 655
461 462
461 656
460 461
460 657
459 460
459 658
458 459
458 659
457 458
457 660
456 457
456 661
455 456
455 662
454 455
454 663
453 454
453 664
452 453
452 665
451 452
451 666
450 451
450 667
449 450
449 668
448 449
448 669
447 448
447 670
446 447
446 671
445 446
445 672
444 445
444 673
443 444
443 674
442 443
442 675
441 442
441 676
440 441
440 677
439 440
439 678
438 439
438 679
437 438
437 680
436 437
436 681
435 436
435 682
434 435
434 683
433 434
433 684
432 433
432 685
431 432
431 686
430 431
430 687
429 430
429 688
428 429
428 689
427 428
427 690
426 427
426 691
425 426
425 692
424 425
424 693
423 424
423 694
422 423
422 695
421 422
421 696
420 421
420 697
419 420
419 698
418 419
418 699
417 418
417 700
416 417
416 701
415 416
415 702
414 415
414 703
413 414
413 704
412 413
412 705
411 412
411 706
410 411
410 707
409 410
409 708
408 409
408 709
407 408
407 710
406 407
406 711
405 406
405 712
404 405
404 713
403 404
403 714
402 403
402 715
401 402
401 716
400 401
400 717
399 400
399 718
398 399
398 719
397 398
397 720
396 397
396 721
395 396
395 722
394 395
394 723
393 394
393 724
392 393
392 725
391 392
391 726
390 391
390 727
389 390
389 728
388 389
388 729
387 388
387 730
386 387
386 731
385 386
385 732
384 385
384 733
383 384
383 734
382 383
382 735
381 382
381 736
380 381
380 737
379 380
379 738
378 379
378 739
377 378
377 740
376 377
376 741
375 376
375 742
374 375
374 743
373 374
373 744
372 373
372 745
371 372
371 746
370 371
370 747
369 370
369 748
368 369
368 749
367 368
367 750
366 367
366 751
365 366
365 752
364 365
364 753
363 364
363 754
362 363
362 755
361 362
361 756
360 361
360 757
359 360
359 758
358 359
358 759
357 358
357 760
356 357
356 761
355 356
355 762
354 355
354 763
353 354
353 764
352 353
352 765
351 352
351 766
350 351
350 767
349 350
349 768
348 349
348 769
347 348
347 770
346 347
346 771
345 346
345 772
344 345
344 773
343 344
343 774
342 343
342 775
341 342
341 776
340 341
340 777
339 340
339 778
338 339
338 779
337 338
337 780
336 337
336 781
335 336
335 782
334 335
334 783
333 334
333 784
332 333
332 785
331 332
331 786
330 331
330 787
329 330
329 788
328 329
328 789
327 328
327 790
326 327
326 791
325 326
325 792
324 325
324 793
323 324
323 794
322 323
322 795
321 322
321 796
320 321
320 797
319 320
319 798
318 319
318 799
317 318
317 800
316 317
316 801
315 316
315 802
314 315
314 803
313 314
313 804
312 313
312 805
311 312
311 806
310 311
310 807
309 310
309 808
308 309
308 809
307 308
307 810
306 307
306 811
305 306
305 812
304 305
304 813
303 304
303 814
302 303
302 815
301 302
301 816
300 301
300 817
299 300
299 818
298 299
298 819
297 298
297 820
296 297
296 821
295 296
295 822
294 295
294 823
293 294
293 824
292 293
292 825
291 292
291 826
290 291
290 827
289 290
289 828
288 289
288 829
287 288
287 830
286 287
286 831
285 286
285 832
284 285
284 833
283 284
283 834
282 283
282 835
281 282
281 836
280 281
280 837
279 280
279 838
278 279
278 839
277 278
277 840
276 277
276 841
275 276
275 842
274 275
274 843
273 274
273 844
272 273
272 845
271 272
271 846
270 271
270 847
269 270
269 848
268 269
268 849
267 268
267 850
266 267
266 851
265 266
265 852
264 265
264 853
263 264
263 854
262 263
262 855
261 262
261 856
260 261
260 857
259 260
259 858
258 259
258 859
257 258
257 860
256 257
256 861
255 256
255 862
254 255
254 863
253 254
253 864
252 253
252 865
251 252
251 866
250 251
250 867
249 250
249 868
248 249
248 869
247 248
247 870
246 247
246 871
245 246
245 872
244 245
244 873
243 244
243 874
242 243
242 875
241 242
241 876
240 241
240 877
239 240
239 878
238 239
238 879
237 238
237 880
236 237
236 881
235 236
235 882
234 235
234 883
233 234
233 884
232 233
232 885
231 232
231 886
230 231
230 887
229 230
229 888
228 229
228 889
227 228
227 890
226 227
226 891
225 226
225 892
224 225
224 893
223 224
223 894
222 223
222 895
221 222
221 896
220 221
220 897
219 220
219 898
218 219
218 899
217 218
217 900
216 217
216 901
215 216
215 902
214 215
214 903
213 214
213 904
212 213
212 905
211 212
211 906
210 211
210 907
209 210
209 908
208 209
208 909
207 208
207 910
206 207
206 911
205 206
205 912
204 205
204 913
203 204
203 914
202 203
202 915
201 202
201 916
200 201
200 917
199 200
199 918
198 199
198 919
197 198
197 920
196 197
196 921
195 196
195 922
194 195
194 923
193 194
193 924
192 193
192 925
191 192
191 926
190 191
190 927
189 190
189 928
188 189
188 929
187 188
187 930
186 187
186 931
185 186
185 932
184 185
184 933
183 184
183 934
182 183
182 935
181 182
181 936
180 181
180 937
179 180
179 938
178 179
178 939
177 178
177 940
176 177
176 941
175 176
175 942
174 175
174 943
173 174
173 944
172 173
172 945
171 172
171 946
170 171
170 947
169 170
169 948
168 169
168 949
167 168
167 950
166 167
166 951
165 166
165 952
164 165
164 953
163 164
163 954
162 163
162 955
161 162
161 956
160 161
160 957
159 160
159 958
158 159
158 959
157 158
157 960
156 157
156 961
155 156
155 962
154 155
154 963
153 154
153 964
152 153
152 965
151 152
151 966
150 151
150 967
149 150
149 968
148 149
148 969
147 148
147 970
146 147
146 971
145 146
145 972
144 145
144 973
143 144
143 974
142 143
142 975
141 142
141 976
140 141
140 977
139 140
139 978
138 139
138 979
137 138
137 980
136 137
136 981
135 136
135 982
134 135
134 983
133 134
133 984
132 133
132 985
131 132
131 986
130 131
130 987
129 130
129 988
128 129
128 989
127 128
127 990
126 127
126 991
125 126
125 992
124 125
124 993
123 124
123 994
122 123
122 995
121 122
121 996
120 121
120 997
119 120
119 998
118 119
118 999
117 118
117 1000
116 117
116 1001
115 116
115 1002
114 115
114 1003
113 114
113 1004
112 113
112 1005
111 112
111 1006
110 111
110 1007
109 110
109 1008
108 109
108 1009
107 108
107 1010
106 107
106 1011
105 106
105 1012
104 105
104 1013
103 104
103 1014
102 103
102 1015
101 102
101 1016
100 101
100 1017
99 100
99 1018
98 99
98 1019
97 98
97 1020
96 97
96 1021
95 96
95 1022
94 95
94 1023
93 94
93 1024
92 93
92 1025
91 92
91 1026
90 91
90 1027
89 90
89 1028
88 89
88 1029
87 88
87 1030
86 87
86 1031
85 86
85 1032
84 85
84 1033
83 84
83 1034
82 83
82 1035
81 82
81 1036
80 81
80 1037
79 80
79 1038
78 79
78 1039
77 78
77 1040
76 77
76 1041
75 76
75 1042
74 75
74 1043
73 74
73 1044
72 73
72 1045
71 72
71 1046
70 71
70 1047
69 70
69 1048
68 69
68 1049
67 68
67 1050
66 67
66 1051
65 66
65 1052
64 65
64 1053
63 64
63 1054
62 63
62 1055
61 62
61 1056
60 61
60 1057
59 60
59 1058
58 59
58 1059
57 58
57 1060
56 57
56 1061
55 56
55 1062
54 55
54 1063
53 54
53 1064
52 53
52 1065
51 52
51 1066
50 51
50 1067
49 50
49 1068
48 49
48 1069
47 48
47 1070
46 47
46 1071
45 46
45 1072
44 45
44 1073
43 44
43 1074
42 43
42 1075
41 42
41 1076
40 41
40 1077
39 40
39 1078
38 39
38 1079
37 38
37 1080
36 37
36 1081
35 36
35 1082
34 35
34 1083
33 34
33 1084
32 33
32 1085
31 32
31 1086
30 31
30 1087
29 30
29 1088
28 29
28 1089
27 28
27 1090
26 27
26 1091
25 26
25 1092
24 25
24 1093
23 24
23 1094
22 23
22 1095
21 22
21 1096
20 21
20 1097
19 20
19 1098
18 19
18 1099
17 18
17 1100
16 17
16 1101
15 16
15 1102
14 15
14 1103
13 14
13 1104
12 13
12 1105
11 12
11 1106
10 11
10 1107
9 10
9 1108
8 9
8 1109
7 8
7 1110
6 7
6 1111
5 6
5 1112
4 5
4 1113
3 4
3 1114
2 3
2 1115
1 2
1 1193
