1245 1190316
20 1
20 1116
20 1117
20 1118
20 1119
20 1120
20 1121
20 1122
20 1123
20 1124
20 1125
20 1126
20 1127
20 1128
20 1129
20 1130
20 1131
20 1132
20 1133
20 1134
20 1135
20 1136
20 1137
20 1138
20 1139
20 1140
20 1141
20 1142
20 1143
20 1144
20 1145
20 1146
20 1147
20 1148
20 1149
20 1150
20 1151
20 1152
20 1153
20 1154
20 1155
20 1156
20 1157
20 1158
20 1159
20 1160
20 1161
20 1162
20 1163
20 1164
20 1165
20 1166
20 1167
20 1168
20 1169
20 1170
20 1171
20 1172
20 1173
20 1174
20 1175
20 1176
20 1177
20 1178
20 1179
19 20
19 1180
19 1181
19 1182
19 1183
19 1184
19 1185
19 1186
19 1187
19 1188
19 1189
19 1190
19 1191
19 1192
19 1193
19 21
19 22
19 23
19 24
19 25
19 26
19 27
19 28
19 29
19 30
19 31
19 32
19 33
19 34
19 35
19 36
19 37
19 38
19 39
19 40
19 41
19 42
19 43
19 44
19 45
19 46
19 47
19 48
19 49
19 50
19 51
19 52
19 53
19 54
19 55
19 56
19 57
19 58
19 59
19 60
19 61
19 62
19 63
19 64
19 65
19 66
19 67
19 68
19 69
19 70
18 19
18 71
18 72
18 73
18 74
18 75
18 76
18 77
18 78
18 79
18 80
18 81
18 82
18 83
18 84
18 85
18 86
18 87
18 88
18 89
18 90
18 91
18 92
18 93
18 94
18 95
18 96
18 97
18 98
18 99
18 100
18 101
18 102
18 103
18 104
18 105
18 106
18 107
18 108
18 109
18 110
18 111
18 112
18 113
18 114
18 115
18 116
18 117
18 118
18 119
18 120
18 121
18 122
18 123
18 124
18 125
18 126
18 127
18 128
18 129
18 130
18 131
18 132
18 133
18 134
17 18
17 135
17 136
17 137
17 138
17 139
17 140
17 141
17 142
17 143
17 144
17 145
17 146
17 147
17 148
17 149
17 150
17 151
17 152
17 153
17 154
17 155
17 156
17 157
17 158
17 159
17 160
17 161
17 162
17 163
17 164
17 165
17 166
17 167
17 168
17 169
17 170
17 171
17 172
17 173
17 174
17 175
17 176
17 177
17 178
17 179
17 180
17 181
17 182
17 183
17 184
17 185
17 186
17 187
17 188
17 189
17 190
17 191
17 192
17 193
17 194
17 195
17 196
17 197
17 198
16 17
16 199
16 200
16 201
16 202
16 203
16 204
16 205
16 206
16 207
16 208
16 209
16 210
16 211
16 212
16 213
16 214
16 215
16 216
16 217
16 218
16 219
16 220
16 221
16 222
16 223
16 224
16 225
16 226
16 227
16 228
16 229
16 230
16 231
16 232
16 233
16 234
16 235
16 236
16 237
16 238
16 239
16 240
16 241
16 242
16 243
16 244
16 245
16 246
16 247
16 248
16 249
16 250
16 251
16 252
16 253
16 254
16 255
16 256
16 257
16 258
16 259
16 260
16 261
16 262
15 16
15 263
15 264
15 265
15 266
15 267
15 268
15 269
15 270
15 271
15 272
15 273
15 274
15 275
15 276
15 277
15 278
15 279
15 280
15 281
15 282
15 283
15 284
15 285
15 286
15 287
15 288
15 289
15 290
15 291
15 292
15 293
15 294
15 295
15 296
15 297
15 298
15 299
15 300
15 301
15 302
15 303
15 304
15 305
15 306
15 307
15 308
15 309
15 310
15 311
15 312
15 313
15 314
15 315
15 316
15 317
15 318
15 319
15 320
15 321
15 322
15 323
15 324
15 325
15 326
14 15
14 327
14 328
14 329
14 330
14 331
14 332
14 333
14 334
14 335
14 336
14 337
14 338
14 339
14 340
14 341
14 342
14 343
14 344
14 345
14 346
14 347
14 348
14 349
14 350
14 351
14 352
14 353
14 354
14 355
14 356
14 357
14 358
14 359
14 360
14 361
14 362
14 363
14 364
14 365
14 366
14 367
14 368
14 369
14 370
14 371
14 372
14 373
14 374
14 375
14 376
14 377
14 378
14 379
14 380
14 381
14 382
14 383
14 384
14 385
14 386
14 387
14 388
14 389
14 390
13 14
13 391
13 392
13 393
13 394
13 395
13 396
13 397
13 398
13 399
13 400
13 401
13 402
13 403
13 404
13 405
13 406
13 407
13 408
13 409
13 410
13 411
13 412
13 413
13 414
13 415
13 416
13 417
13 418
13 419
13 420
13 421
13 422
13 423
13 424
13 425
13 426
13 427
13 428
13 429
13 430
13 431
13 432
13 433
13 434
13 435
13 436
13 437
13 438
13 439
13 440
13 441
13 442
13 443
13 444
13 445
13 446
13 447
13 448
13 449
13 450
13 451
13 452
13 453
13 454
12 13
12 455
12 456
12 457
12 458
12 459
12 460
12 461
12 462
12 463
12 464
12 465
12 466
12 467
12 468
12 469
12 470
12 471
12 472
12 473
12 474
12 475
12 476
12 477
12 478
12 479
12 480
12 481
12 482
12 483
12 484
12 485
12 486
12 487
12 488
12 489
12 490
12 491
12 492
12 493
12 494
12 495
12 496
12 497
12 498
12 499
12 500
12 501
12 502
12 503
12 504
12 505
12 506
12 507
12 508
12 509
12 510
12 511
12 512
12 513
12 514
12 515
12 516
12 517
12 518
11 12
11 519
11 520
11 521
11 522
11 523
11 524
11 525
11 526
11 527
11 528
11 529
11 530
11 531
11 532
11 533
11 534
11 535
11 536
11 537
11 538
11 539
11 540
11 541
11 542
11 543
11 544
11 545
11 546
11 547
11 548
11 549
11 550
11 551
11 552
11 553
11 554
11 555
11 556
11 557
11 558
11 559
11 560
11 561
11 562
11 563
11 564
11 565
11 566
11 567
11 568
11 569
11 570
11 571
11 572
11 573
11 574
11 575
11 576
11 577
11 578
11 579
11 580
11 581
11 582
10 11
10 583
10 584
10 585
10 586
10 587
10 588
10 589
10 590
10 591
10 592
10 593
10 594
10 595
10 596
10 597
10 598
10 599
10 600
10 601
10 602
10 603
10 604
10 605
10 606
10 607
10 608
10 609
10 610
10 611
10 612
10 613
10 614
10 615
10 616
10 617
10 618
10 619
10 620
10 621
10 622
10 623
10 624
10 625
10 626
10 627
10 628
10 629
10 630
10 631
10 632
10 633
10 634
10 635
10 636
10 637
10 638
10 639
10 640
10 641
10 642
10 643
10 644
10 645
10 646
9 10
9 647
9 648
9 649
9 650
9 651
9 652
9 653
9 654
9 655
9 656
9 657
9 658
9 659
9 660
9 661
9 662
9 663
9 664
9 665
9 666
9 667
9 668
9 669
9 670
9 671
9 672
9 673
9 674
9 675
9 676
9 677
9 678
9 679
9 680
9 681
9 682
9 683
9 684
9 685
9 686
9 687
9 688
9 689
9 690
9 691
9 692
9 693
9 694
9 695
9 696
9 697
9 698
9 699
9 700
9 701
9 702
9 703
9 704
9 705
9 706
9 707
9 708
9 709
9 710
8 9
8 711
8 712
8 713
8 714
8 715
8 716
8 717
8 718
8 719
8 720
8 721
8 722
8 723
8 724
8 725
8 726
8 727
8 728
8 729
8 730
8 731
8 732
8 733
8 734
8 735
8 736
8 737
8 738
8 739
8 740
8 741
8 742
8 743
8 744
8 745
8 746
8 747
8 748
8 749
8 750
8 751
8 752
8 753
8 754
8 755
8 756
8 757
8 758
8 759
8 760
8 761
8 762
8 763
8 764
8 765
8 766
8 767
8 768
8 769
8 770
8 771
8 772
8 773
8 774
7 8
7 775
7 776
7 777
7 778
7 779
7 780
7 781
7 782
7 783
7 784
7 785
7 786
7 787
7 788
7 789
7 790
7 791
7 792
7 793
7 794
7 795
7 796
7 797
7 798
7 799
7 800
7 801
7 802
7 803
7 804
7 805
7 806
7 807
7 808
7 809
7 810
7 811
7 812
7 813
7 814
7 815
7 816
7 817
7 818
7 819
7 820
7 821
7 822
7 823
7 824
7 825
7 826
7 827
7 828
7 829
7 830
7 831
7 832
7 833
7 834
7 835
7 836
7 837
7 838
6 7
6 839
6 840
6 841
6 842
6 843
6 844
6 845
6 846
6 847
6 848
6 849
6 850
6 851
6 852
6 853
6 854
6 855
6 856
6 857
6 858
6 859
6 860
6 861
6 862
6 863
6 864
6 865
6 866
6 867
6 868
6 869
6 870
6 871
6 872
6 873
6 874
6 875
6 876
6 877
6 878
6 879
6 880
6 881
6 882
6 883
6 884
6 885
6 886
6 887
6 888
6 889
6 890
6 891
6 892
6 893
6 894
6 895
6 896
6 897
6 898
6 899
6 900
6 901
6 902
5 6
5 903
5 904
5 905
5 906
5 907
5 908
5 909
5 910
5 911
5 912
5 913
5 914
5 915
5 916
5 917
5 918
5 919
5 920
5 921
5 922
5 923
5 924
5 925
5 926
5 927
5 928
5 929
5 930
5 931
5 932
5 933
5 934
5 935
5 936
5 937
5 938
5 939
5 940
5 941
5 942
5 943
5 944
5 945
5 946
5 947
5 948
5 949
5 950
5 951
5 952
5 953
5 954
5 955
5 956
5 957
5 958
5 959
5 960
5 961
5 962
5 963
5 964
5 965
5 966
4 5
4 967
4 968
4 969
4 970
4 971
4 972
4 973
4 974
4 975
4 976
4 977
4 978
4 979
4 980
4 981
4 982
4 983
4 984
4 985
4 986
4 987
4 988
4 989
4 990
4 991
4 992
4 993
4 994
4 995
4 996
4 997
4 998
4 999
4 1000
4 1001
4 1002
4 1003
4 1004
4 1005
4 1006
4 1007
4 1008
4 1009
4 1010
4 1011
4 1012
4 1013
4 1014
4 1015
4 1016
4 1017
4 1018
4 1019
4 1020
4 1021
4 1022
4 1023
4 1024
4 1025
4 1026
4 1027
4 1028
4 1029
4 1030
3 4
3 1031
3 1032
3 1033
3 1034
3 1035
3 1036
3 1037
3 1038
3 1039
3 1040
3 1041
3 1042
3 1043
3 1044
3 1045
3 1046
3 1047
3 1048
3 1049
3 1050
3 1051
3 1052
3 1053
3 1054
3 1055
3 1056
3 1057
3 1058
3 1059
3 1060
3 1061
3 1062
3 1063
3 1064
3 1065
3 1066
3 1067
3 1068
3 1069
3 1070
3 1071
3 1072
3 1073
3 1074
3 1075
3 1076
3 1077
3 1078
3 1079
3 1080
3 1081
3 1082
3 1083
3 1084
3 1085
3 1086
3 1087
3 1088
3 1089
3 1090
3 1091
3 1092
3 1093
3 1094
2 3
2 1095
2 1096
2 1097
2 1098
2 1099
2 1100
2 1101
2 1102
2 1103
2 1104
2 1105
2 1106
2 1107
2 1108
2 1109
2 1110
2 1111
2 1112
2 1113
2 1114
2 1115
2 1116
2 1117
2 1118
2 1119
2 1120
2 1121
2 1122
2 1123
2 1124
2 1125
2 1126
2 1127
2 1128
2 1129
2 1130
2 1131
2 1132
2 1133
2 1134
2 1135
2 1136
2 1137
2 1138
2 1139
2 1140
2 1141
2 1142
2 1143
2 1144
2 1145
2 1146
2 1147
2 1148
2 1149
2 1150
2 1151
2 1152
2 1153
2 1154
2 1155
2 1156
2 1157
2 1158
1 2
1 1159
1 1160
1 1161
1 1162
1 1163
1 1164
1 1165
1 1166
1 1246
