1281 19528052
640 1
640 1167
639 640
639 1168
638 639
638 1169
637 638
637 1170
636 637
636 1171
635 636
635 1172
634 635
634 1173
633 634
633 1174
632 633
632 1175
631 632
631 1176
630 631
630 1177
629 630
629 1178
628 629
628 1179
627 628
627 1180
626 627
626 1181
625 626
625 1182
624 625
624 1183
623 624
623 1184
622 623
622 1185
621 622
621 1186
620 621
620 1187
619 620
619 1188
618 619
618 1189
617 618
617 1190
616 617
616 1191
615 616
615 1192
614 615
614 1193
613 614
613 1194
612 613
612 1195
611 612
611 1196
610 611
610 1197
609 610
609 1198
608 609
608 1199
607 608
607 1200
606 607
606 1201
605 606
605 1202
604 605
604 1203
603 604
603 1204
602 603
602 1205
601 602
601 1206
600 601
600 1207
599 600
599 1208
598 599
598 1209
597 598
597 1210
596 597
596 1211
595 596
595 1212
594 595
594 1213
593 594
593 1214
592 593
592 1215
591 592
591 1216
590 591
590 1217
589 590
589 1218
588 589
588 1219
587 588
587 1220
586 587
586 1221
585 586
585 1222
584 585
584 1223
583 584
583 1224
582 583
582 1225
581 582
581 1226
580 581
580 1227
579 580
579 1228
578 579
578 1229
577 578
577 1230
576 577
576 1231
575 576
575 1232
574 575
574 1233
573 574
573 1234
572 573
572 1235
571 572
571 1236
570 571
570 1237
569 570
569 1238
568 569
568 1239
567 568
567 1240
566 567
566 1241
565 566
565 1242
564 565
564 1243
563 564
563 1244
562 563
562 1245
561 562
561 1246
560 561
560 641
559 560
559 642
558 559
558 643
557 558
557 644
556 557
556 645
555 556
555 646
554 555
554 647
553 554
553 648
552 553
552 649
551 552
551 650
550 551
550 651
549 550
549 652
548 549
548 653
547 548
547 654
546 547
546 655
545 546
545 656
544 545
544 657
543 544
543 658
542 543
542 659
541 542
541 660
540 541
540 661
539 540
539 662
538 539
538 663
537 538
537 664
536 537
536 665
535 536
535 666
534 535
534 667
533 534
533 668
532 533
532 669
531 532
531 670
530 531
530 671
529 530
529 672
528 529
528 673
527 528
527 674
526 527
526 675
525 526
525 676
524 525
524 677
523 524
523 678
522 523
522 679
521 522
521 680
520 521
520 681
519 520
519 682
518 519
518 683
517 518
517 684
516 517
516 685
515 516
515 686
514 515
514 687
513 514
513 688
512 513
512 689
511 512
511 690
510 511
510 691
509 510
509 692
508 509
508 693
507 508
507 694
506 507
506 695
505 506
505 696
504 505
504 697
503 504
503 698
502 503
502 699
501 502
501 700
500 501
500 701
499 500
499 702
498 499
498 703
497 498
497 704
496 497
496 705
495 496
495 706
494 495
494 707
493 494
493 708
492 493
492 709
491 492
491 710
490 491
490 711
489 490
489 712
488 489
488 713
487 488
487 714
486 487
486 715
485 486
485 716
484 485
484 717
483 484
483 718
482 483
482 719
481 482
481 720
480 481
480 721
479 480
479 722
478 479
478 723
477 478
477 724
476 477
476 725
475 476
475 726
474 475
474 727
473 474
473 728
472 473
472 729
471 472
471 730
470 471
470 731
469 470
469 732
468 469
468 733
467 468
467 734
466 467
466 735
465 466
465 736
464 465
464 737
463 464
463 738
462 463
462 739
461 462
461 740
460 461
460 741
459 460
459 742
458 459
458 743
457 458
457 744
456 457
456 745
455 456
455 746
454 455
454 747
453 454
453 748
452 453
452 749
451 452
451 750
450 451
450 751
449 450
449 752
448 449
448 753
447 448
447 754
446 447
446 755
445 446
445 756
444 445
444 757
443 444
443 758
442 443
442 759
441 442
441 760
440 441
440 761
439 440
439 762
438 439
438 763
437 438
437 764
436 437
436 765
435 436
435 766
434 435
434 767
433 434
433 768
432 433
432 769
431 432
431 770
430 431
430 771
429 430
429 772
428 429
428 773
427 428
427 774
426 427
426 775
425 426
425 776
424 425
424 777
423 424
423 778
422 423
422 779
421 422
421 780
420 421
420 781
419 420
419 782
418 419
418 783
417 418
417 784
416 417
416 785
415 416
415 786
414 415
414 787
413 414
413 788
412 413
412 789
411 412
411 790
410 411
410 791
409 410
409 792
408 409
408 793
407 408
407 794
406 407
406 795
405 406
405 796
404 405
404 797
403 404
403 798
402 403
402 799
401 402
401 800
400 401
400 801
399 400
399 802
398 399
398 803
397 398
397 804
396 397
396 805
395 396
395 806
394 395
394 807
393 394
393 808
392 393
392 809
391 392
391 810
390 391
390 811
389 390
389 812
388 389
388 813
387 388
387 814
386 387
386 815
385 386
385 816
384 385
384 817
383 384
383 818
382 383
382 819
381 382
381 820
380 381
380 821
379 380
379 822
378 379
378 823
377 378
377 824
376 377
376 825
375 376
375 826
374 375
374 827
373 374
373 828
372 373
372 829
371 372
371 830
370 371
370 831
369 370
369 832
368 369
368 833
367 368
367 834
366 367
366 835
365 366
365 836
364 365
364 837
363 364
363 838
362 363
362 839
361 362
361 840
360 361
360 841
359 360
359 842
358 359
358 843
357 358
357 844
356 357
356 845
355 356
355 846
354 355
354 847
353 354
353 848
352 353
352 849
351 352
351 850
350 351
350 851
349 350
349 852
348 349
348 853
347 348
347 854
346 347
346 855
345 346
345 856
344 345
344 857
343 344
343 858
342 343
342 859
341 342
341 860
340 341
340 861
339 340
339 862
338 339
338 863
337 338
337 864
336 337
336 865
335 336
335 866
334 335
334 867
333 334
333 868
332 333
332 869
331 332
331 870
330 331
330 871
329 330
329 872
328 329
328 873
327 328
327 874
326 327
326 875
325 326
325 876
324 325
324 877
323 324
323 878
322 323
322 879
321 322
321 880
320 321
320 881
319 320
319 882
318 319
318 883
317 318
317 884
316 317
316 885
315 316
315 886
314 315
314 887
313 314
313 888
312 313
312 889
311 312
311 890
310 311
310 891
309 310
309 892
308 309
308 893
307 308
307 894
306 307
306 895
305 306
305 896
304 305
304 897
303 304
303 898
302 303
302 899
301 302
301 900
300 301
300 901
299 300
299 902
298 299
298 903
297 298
297 904
296 297
296 905
295 296
295 906
294 295
294 907
293 294
293 908
292 293
292 909
291 292
291 910
290 291
290 911
289 290
289 912
288 289
288 913
287 288
287 914
286 287
286 915
285 286
285 916
284 285
284 917
283 284
283 918
282 283
282 919
281 282
281 920
280 281
280 921
279 280
279 922
278 279
278 923
277 278
277 924
276 277
276 925
275 276
275 926
274 275
274 927
273 274
273 928
272 273
272 929
271 272
271 930
270 271
270 931
269 270
269 932
268 269
268 933
267 268
267 934
266 267
266 935
265 266
265 936
264 265
264 937
263 264
263 938
262 263
262 939
261 262
261 940
260 261
260 941
259 260
259 942
258 259
258 943
257 258
257 944
256 257
256 945
255 256
255 946
254 255
254 947
253 254
253 948
252 253
252 949
251 252
251 950
250 251
250 951
249 250
249 952
248 249
248 953
247 248
247 954
246 247
246 955
245 246
245 956
244 245
244 957
243 244
243 958
242 243
242 959
241 242
241 960
240 241
240 961
239 240
239 962
238 239
238 963
237 238
237 964
236 237
236 965
235 236
235 966
234 235
234 967
233 234
233 968
232 233
232 969
231 232
231 970
230 231
230 971
229 230
229 972
228 229
228 973
227 228
227 974
226 227
226 975
225 226
225 976
224 225
224 977
223 224
223 978
222 223
222 979
221 222
221 980
220 221
220 981
219 220
219 982
218 219
218 983
217 218
217 984
216 217
216 985
215 216
215 986
214 215
214 987
213 214
213 988
212 213
212 989
211 212
211 990
210 211
210 991
209 210
209 992
208 209
208 993
207 208
207 994
206 207
206 995
205 206
205 996
204 205
204 997
203 204
203 998
202 203
202 999
201 202
201 1000
200 201
200 1001
199 200
199 1002
198 199
198 1003
197 198
197 1004
196 197
196 1005
195 196
195 1006
194 195
194 1007
193 194
193 1008
192 193
192 1009
191 192
191 1010
190 191
190 1011
189 190
189 1012
188 189
188 1013
187 188
187 1014
186 187
186 1015
185 186
185 1016
184 185
184 1017
183 184
183 1018
182 183
182 1019
181 182
181 1020
180 181
180 1021
179 180
179 1022
178 179
178 1023
177 178
177 1024
176 177
176 1025
175 176
175 1026
174 175
174 1027
173 174
173 1028
172 173
172 1029
171 172
171 1030
170 171
170 1031
169 170
169 1032
168 169
168 1033
167 168
167 1034
166 167
166 1035
165 166
165 1036
164 165
164 1037
163 164
163 1038
162 163
162 1039
161 162
161 1040
160 161
160 1041
159 160
159 1042
158 159
158 1043
157 158
157 1044
156 157
156 1045
155 156
155 1046
154 155
154 1047
153 154
153 1048
152 153
152 1049
151 152
151 1050
150 151
150 1051
149 150
149 1052
148 149
148 1053
147 148
147 1054
146 147
146 1055
145 146
145 1056
144 145
144 1057
143 144
143 1058
142 143
142 1059
141 142
141 1060
140 141
140 1061
139 140
139 1062
138 139
138 1063
137 138
137 1064
136 137
136 1065
135 136
135 1066
134 135
134 1067
133 134
133 1068
132 133
132 1069
131 132
131 1070
130 131
130 1071
129 130
129 1072
128 129
128 1073
127 128
127 1074
126 127
126 1075
125 126
125 1076
124 125
124 1077
123 124
123 1078
122 123
122 1079
121 122
121 1080
120 121
120 1081
119 120
119 1082
118 119
118 1083
117 118
117 1084
116 117
116 1085
115 116
115 1086
114 115
114 1087
113 114
113 1088
112 113
112 1089
111 112
111 1090
110 111
110 1091
109 110
109 1092
108 109
108 1093
107 108
107 1094
106 107
106 1095
105 106
105 1096
104 105
104 1097
103 104
103 1098
102 103
102 1099
101 102
101 1100
100 101
100 1101
99 100
99 1102
98 99
98 1103
97 98
97 1104
96 97
96 1105
95 96
95 1106
94 95
94 1107
93 94
93 1108
92 93
92 1109
91 92
91 1110
90 91
90 1111
89 90
89 1112
88 89
88 1113
87 88
87 1114
86 87
86 1115
85 86
85 1116
84 85
84 1117
83 84
83 1118
82 83
82 1119
81 82
81 1120
80 81
80 1121
79 80
79 1122
78 79
78 1123
77 78
77 1124
76 77
76 1125
75 76
75 1126
74 75
74 1127
73 74
73 1128
72 73
72 1129
71 72
71 1130
70 71
70 1131
69 70
69 1132
68 69
68 1133
67 68
67 1134
66 67
66 1135
65 66
65 1136
64 65
64 1137
63 64
63 1138
62 63
62 1139
61 62
61 1140
60 61
60 1141
59 60
59 1142
58 59
58 1143
57 58
57 1144
56 57
56 1145
55 56
55 1146
54 55
54 1147
53 54
53 1148
52 53
52 1149
51 52
51 1150
50 51
50 1151
49 50
49 1152
48 49
48 1153
47 48
47 1154
46 47
46 1155
45 46
45 1156
44 45
44 1157
43 44
43 1158
42 43
42 1159
41 42
41 1160
40 41
40 1161
39 40
39 1162
38 39
38 1163
37 38
37 1164
36 37
36 1165
35 36
35 1166
34 35
34 1167
33 34
33 1168
32 33
32 1169
31 32
31 1170
30 31
30 1171
29 30
29 1172
28 29
28 1173
27 28
27 1174
26 27
26 1175
25 26
25 1176
24 25
24 1177
23 24
23 1178
22 23
22 1179
21 22
21 1180
20 21
20 1181
19 20
19 1182
18 19
18 1183
17 18
17 1184
16 17
16 1185
15 16
15 1186
14 15
14 1187
13 14
13 1188
12 13
12 1189
11 12
11 1190
10 11
10 1191
9 10
9 1192
8 9
8 1193
7 8
7 1194
6 7
6 1195
5 6
5 1196
4 5
4 1197
3 4
3 1198
2 3
2 1199
1 2
1 1200
1 1282
