1218 19108189
406 1
406 1201
406 1202
405 406
405 1203
405 1204
404 405
404 1205
404 1206
403 404
403 1207
403 1208
402 403
402 1209
402 1210
401 402
401 1211
401 1212
400 401
400 1213
400 1214
399 400
399 1215
399 1216
398 399
398 1217
398 1218
397 398
397 1219
397 1220
396 397
396 1221
396 1222
395 396
395 1223
395 1224
394 395
394 1225
394 1226
393 394
393 1227
393 1228
392 393
392 1229
392 1230
391 392
391 1231
391 1232
390 391
390 1233
390 1234
389 390
389 1235
389 1236
388 389
388 1237
388 1238
387 388
387 1239
387 1240
386 387
386 1241
386 1242
385 386
385 1243
385 1244
384 385
384 1245
384 1246
383 384
383 1247
383 1248
382 383
382 1249
382 1250
381 382
381 1251
381 1252
380 381
380 1253
380 1254
379 380
379 1255
379 1256
378 379
378 1257
378 1258
377 378
377 1259
377 1260
376 377
376 1261
376 1262
375 376
375 1263
375 1264
374 375
374 1265
374 1266
373 374
373 1267
373 1268
372 373
372 1269
372 1270
371 372
371 1271
371 1272
370 371
370 1273
370 1274
369 370
369 1275
369 1276
368 369
368 1277
368 1278
367 368
367 1279
367 1280
366 367
366 1281
366 1282
365 366
365 407
365 408
364 365
364 409
364 410
363 364
363 411
363 412
362 363
362 413
362 414
361 362
361 415
361 416
360 361
360 417
360 418
359 360
359 419
359 420
358 359
358 421
358 422
357 358
357 423
357 424
356 357
356 425
356 426
355 356
355 427
355 428
354 355
354 429
354 430
353 354
353 431
353 432
352 353
352 433
352 434
351 352
351 435
351 436
350 351
350 437
350 438
349 350
349 439
349 440
348 349
348 441
348 442
347 348
347 443
347 444
346 347
346 445
346 446
345 346
345 447
345 448
344 345
344 449
344 450
343 344
343 451
343 452
342 343
342 453
342 454
341 342
341 455
341 456
340 341
340 457
340 458
339 340
339 459
339 460
338 339
338 461
338 462
337 338
337 463
337 464
336 337
336 465
336 466
335 336
335 467
335 468
334 335
334 469
334 470
333 334
333 471
333 472
332 333
332 473
332 474
331 332
331 475
331 476
330 331
330 477
330 478
329 330
329 479
329 480
328 329
328 481
328 482
327 328
327 483
327 484
326 327
326 485
326 486
325 326
325 487
325 488
324 325
324 489
324 490
323 324
323 491
323 492
322 323
322 493
322 494
321 322
321 495
321 496
320 321
320 497
320 498
319 320
319 499
319 500
318 319
318 501
318 502
317 318
317 503
317 504
316 317
316 505
316 506
315 316
315 507
315 508
314 315
314 509
314 510
313 314
313 511
313 512
312 313
312 513
312 514
311 312
311 515
311 516
310 311
310 517
310 518
309 310
309 519
309 520
308 309
308 521
308 522
307 308
307 523
307 524
306 307
306 525
306 526
305 306
305 527
305 528
304 305
304 529
304 530
303 304
303 531
303 532
302 303
302 533
302 534
301 302
301 535
301 536
300 301
300 537
300 538
299 300
299 539
299 540
298 299
298 541
298 542
297 298
297 543
297 544
296 297
296 545
296 546
295 296
295 547
295 548
294 295
294 549
294 550
293 294
293 551
293 552
292 293
292 553
292 554
291 292
291 555
291 556
290 291
290 557
290 558
289 290
289 559
289 560
288 289
288 561
288 562
287 288
287 563
287 564
286 287
286 565
286 566
285 286
285 567
285 568
284 285
284 569
284 570
283 284
283 571
283 572
282 283
282 573
282 574
281 282
281 575
281 576
280 281
280 577
280 578
279 280
279 579
279 580
278 279
278 581
278 582
277 278
277 583
277 584
276 277
276 585
276 586
275 276
275 587
275 588
274 275
274 589
274 590
273 274
273 591
273 592
272 273
272 593
272 594
271 272
271 595
271 596
270 271
270 597
270 598
269 270
269 599
269 600
268 269
268 601
268 602
267 268
267 603
267 604
266 267
266 605
266 606
265 266
265 607
265 608
264 265
264 609
264 610
263 264
263 611
263 612
262 263
262 613
262 614
261 262
261 615
261 616
260 261
260 617
260 618
259 260
259 619
259 620
258 259
258 621
258 622
257 258
257 623
257 624
256 257
256 625
256 626
255 256
255 627
255 628
254 255
254 629
254 630
253 254
253 631
253 632
252 253
252 633
252 634
251 252
251 635
251 636
250 251
250 637
250 638
249 250
249 639
249 640
248 249
248 641
248 642
247 248
247 643
247 644
246 247
246 645
246 646
245 246
245 647
245 648
244 245
244 649
244 650
243 244
243 651
243 652
242 243
242 653
242 654
241 242
241 655
241 656
240 241
240 657
240 658
239 240
239 659
239 660
238 239
238 661
238 662
237 238
237 663
237 664
236 237
236 665
236 666
235 236
235 667
235 668
234 235
234 669
234 670
233 234
233 671
233 672
232 233
232 673
232 674
231 232
231 675
231 676
230 231
230 677
230 678
229 230
229 679
229 680
228 229
228 681
228 682
227 228
227 683
227 684
226 227
226 685
226 686
225 226
225 687
225 688
224 225
224 689
224 690
223 224
223 691
223 692
222 223
222 693
222 694
221 222
221 695
221 696
220 221
220 697
220 698
219 220
219 699
219 700
218 219
218 701
218 702
217 218
217 703
217 704
216 217
216 705
216 706
215 216
215 707
215 708
214 215
214 709
214 710
213 214
213 711
213 712
212 213
212 713
212 714
211 212
211 715
211 716
210 211
210 717
210 718
209 210
209 719
209 720
208 209
208 721
208 722
207 208
207 723
207 724
206 207
206 725
206 726
205 206
205 727
205 728
204 205
204 729
204 730
203 204
203 731
203 732
202 203
202 733
202 734
201 202
201 735
201 736
200 201
200 737
200 738
199 200
199 739
199 740
198 199
198 741
198 742
197 198
197 743
197 744
196 197
196 745
196 746
195 196
195 747
195 748
194 195
194 749
194 750
193 194
193 751
193 752
192 193
192 753
192 754
191 192
191 755
191 756
190 191
190 757
190 758
189 190
189 759
189 760
188 189
188 761
188 762
187 188
187 763
187 764
186 187
186 765
186 766
185 186
185 767
185 768
184 185
184 769
184 770
183 184
183 771
183 772
182 183
182 773
182 774
181 182
181 775
181 776
180 181
180 777
180 778
179 180
179 779
179 780
178 179
178 781
178 782
177 178
177 783
177 784
176 177
176 785
176 786
175 176
175 787
175 788
174 175
174 789
174 790
173 174
173 791
173 792
172 173
172 793
172 794
171 172
171 795
171 796
170 171
170 797
170 798
169 170
169 799
169 800
168 169
168 801
168 802
167 168
167 803
167 804
166 167
166 805
166 806
165 166
165 807
165 808
164 165
164 809
164 810
163 164
163 811
163 812
162 163
162 813
162 814
161 162
161 815
161 816
160 161
160 817
160 818
159 160
159 819
159 820
158 159
158 821
158 822
157 158
157 823
157 824
156 157
156 825
156 826
155 156
155 827
155 828
154 155
154 829
154 830
153 154
153 831
153 832
152 153
152 833
152 834
151 152
151 835
151 836
150 151
150 837
150 838
149 150
149 839
149 840
148 149
148 841
148 842
147 148
147 843
147 844
146 147
146 845
146 846
145 146
145 847
145 848
144 145
144 849
144 850
143 144
143 851
143 852
142 143
142 853
142 854
141 142
141 855
141 856
140 141
140 857
140 858
139 140
139 859
139 860
138 139
138 861
138 862
137 138
137 863
137 864
136 137
136 865
136 866
135 136
135 867
135 868
134 135
134 869
134 870
133 134
133 871
133 872
132 133
132 873
132 874
131 132
131 875
131 876
130 131
130 877
130 878
129 130
129 879
129 880
128 129
128 881
128 882
127 128
127 883
127 884
126 127
126 885
126 886
125 126
125 887
125 888
124 125
124 889
124 890
123 124
123 891
123 892
122 123
122 893
122 894
121 122
121 895
121 896
120 121
120 897
120 898
119 120
119 899
119 900
118 119
118 901
118 902
117 118
117 903
117 904
116 117
116 905
116 906
115 116
115 907
115 908
114 115
114 909
114 910
113 114
113 911
113 912
112 113
112 913
112 914
111 112
111 915
111 916
110 111
110 917
110 918
109 110
109 919
109 920
108 109
108 921
108 922
107 108
107 923
107 924
106 107
106 925
106 926
105 106
105 927
105 928
104 105
104 929
104 930
103 104
103 931
103 932
102 103
102 933
102 934
101 102
101 935
101 936
100 101
100 937
100 938
99 100
99 939
99 940
98 99
98 941
98 942
97 98
97 943
97 944
96 97
96 945
96 946
95 96
95 947
95 948
94 95
94 949
94 950
93 94
93 951
93 952
92 93
92 953
92 954
91 92
91 955
91 956
90 91
90 957
90 958
89 90
89 959
89 960
88 89
88 961
88 962
87 88
87 963
87 964
86 87
86 965
86 966
85 86
85 967
85 968
84 85
84 969
84 970
83 84
83 971
83 972
82 83
82 973
82 974
81 82
81 975
81 976
80 81
80 977
80 978
79 80
79 979
79 980
78 79
78 981
78 982
77 78
77 983
77 984
76 77
76 985
76 986
75 76
75 987
75 988
74 75
74 989
74 990
73 74
73 991
73 992
72 73
72 993
72 994
71 72
71 995
71 996
70 71
70 997
70 998
69 70
69 999
69 1000
68 69
68 1001
68 1002
67 68
67 1003
67 1004
66 67
66 1005
66 1006
65 66
65 1007
65 1008
64 65
64 1009
64 1010
63 64
63 1011
63 1012
62 63
62 1013
62 1014
61 62
61 1015
61 1016
60 61
60 1017
60 1018
59 60
59 1019
59 1020
58 59
58 1021
58 1022
57 58
57 1023
57 1024
56 57
56 1025
56 1026
55 56
55 1027
55 1028
54 55
54 1029
54 1030
53 54
53 1031
53 1032
52 53
52 1033
52 1034
51 52
51 1035
51 1036
50 51
50 1037
50 1038
49 50
49 1039
49 1040
48 49
48 1041
48 1042
47 48
47 1043
47 1044
46 47
46 1045
46 1046
45 46
45 1047
45 1048
44 45
44 1049
44 1050
43 44
43 1051
43 1052
42 43
42 1053
42 1054
41 42
41 1055
41 1056
40 41
40 1057
40 1058
39 40
39 1059
39 1060
38 39
38 1061
38 1062
37 38
37 1063
37 1064
36 37
36 1065
36 1066
35 36
35 1067
35 1068
34 35
34 1069
34 1070
33 34
33 1071
33 1072
32 33
32 1073
32 1074
31 32
31 1075
31 1076
30 31
30 1077
30 1078
29 30
29 1079
29 1080
28 29
28 1081
28 1082
27 28
27 1083
27 1084
26 27
26 1085
26 1086
25 26
25 1087
25 1088
24 25
24 1089
24 1090
23 24
23 1091
23 1092
22 23
22 1093
22 1094
21 22
21 1095
21 1096
20 21
20 1097
20 1098
19 20
19 1099
19 1100
18 19
18 1101
18 1102
17 18
17 1103
17 1104
16 17
16 1105
16 1106
15 16
15 1107
15 1108
14 15
14 1109
14 1110
13 14
13 1111
13 1112
12 13
12 1113
12 1114
11 12
11 1115
11 1116
10 11
10 1117
10 1118
9 10
9 1119
9 1120
8 9
8 1121
8 1122
7 8
7 1123
7 1124
6 7
6 1125
6 1126
5 6
5 1127
5 1128
4 5
4 1129
4 1130
3 4
3 1131
3 1132
2 3
2 1133
2 1134
1 2
1 1135
1 1219
