1274 12159175
213 1
213 1136
213 1137
213 1138
213 1139
213 1140
212 213
212 1141
212 1142
212 1143
212 1144
212 1145
211 212
211 1146
211 1147
211 1148
211 1149
211 1150
210 211
210 1151
210 1152
210 1153
210 1154
210 1155
209 210
209 1156
209 1157
209 1158
209 1159
209 1160
208 209
208 1161
208 1162
208 1163
208 1164
208 1165
207 208
207 1166
207 1167
207 1168
207 1169
207 1170
206 207
206 1171
206 1172
206 1173
206 1174
206 1175
205 206
205 1176
205 1177
205 1178
205 1179
205 1180
204 205
204 1181
204 1182
204 1183
204 1184
204 1185
203 204
203 1186
203 1187
203 1188
203 1189
203 1190
202 203
202 1191
202 1192
202 1193
202 1194
202 1195
201 202
201 1196
201 1197
201 1198
201 1199
201 1200
200 201
200 1201
200 1202
200 1203
200 1204
200 1205
199 200
199 1206
199 1207
199 1208
199 1209
199 1210
198 199
198 1211
198 1212
198 1213
198 1214
198 1215
197 198
197 1216
197 1217
197 1218
197 1219
197 214
196 197
196 215
196 216
196 217
196 218
196 219
195 196
195 220
195 221
195 222
195 223
195 224
194 195
194 225
194 226
194 227
194 228
194 229
193 194
193 230
193 231
193 232
193 233
193 234
192 193
192 235
192 236
192 237
192 238
192 239
191 192
191 240
191 241
191 242
191 243
191 244
190 191
190 245
190 246
190 247
190 248
190 249
189 190
189 250
189 251
189 252
189 253
189 254
188 189
188 255
188 256
188 257
188 258
188 259
187 188
187 260
187 261
187 262
187 263
187 264
186 187
186 265
186 266
186 267
186 268
186 269
185 186
185 270
185 271
185 272
185 273
185 274
184 185
184 275
184 276
184 277
184 278
184 279
183 184
183 280
183 281
183 282
183 283
183 284
182 183
182 285
182 286
182 287
182 288
182 289
181 182
181 290
181 291
181 292
181 293
181 294
180 181
180 295
180 296
180 297
180 298
180 299
179 180
179 300
179 301
179 302
179 303
179 304
178 179
178 305
178 306
178 307
178 308
178 309
177 178
177 310
177 311
177 312
177 313
177 314
176 177
176 315
176 316
176 317
176 318
176 319
175 176
175 320
175 321
175 322
175 323
175 324
174 175
174 325
174 326
174 327
174 328
174 329
173 174
173 330
173 331
173 332
173 333
173 334
172 173
172 335
172 336
172 337
172 338
172 339
171 172
171 340
171 341
171 342
171 343
171 344
170 171
170 345
170 346
170 347
170 348
170 349
169 170
169 350
169 351
169 352
169 353
169 354
168 169
168 355
168 356
168 357
168 358
168 359
167 168
167 360
167 361
167 362
167 363
167 364
166 167
166 365
166 366
166 367
166 368
166 369
165 166
165 370
165 371
165 372
165 373
165 374
164 165
164 375
164 376
164 377
164 378
164 379
163 164
163 380
163 381
163 382
163 383
163 384
162 163
162 385
162 386
162 387
162 388
162 389
161 162
161 390
161 391
161 392
161 393
161 394
160 161
160 395
160 396
160 397
160 398
160 399
159 160
159 400
159 401
159 402
159 403
159 404
158 159
158 405
158 406
158 407
158 408
158 409
157 158
157 410
157 411
157 412
157 413
157 414
156 157
156 415
156 416
156 417
156 418
156 419
155 156
155 420
155 421
155 422
155 423
155 424
154 155
154 425
154 426
154 427
154 428
154 429
153 154
153 430
153 431
153 432
153 433
153 434
152 153
152 435
152 436
152 437
152 438
152 439
151 152
151 440
151 441
151 442
151 443
151 444
150 151
150 445
150 446
150 447
150 448
150 449
149 150
149 450
149 451
149 452
149 453
149 454
148 149
148 455
148 456
148 457
148 458
148 459
147 148
147 460
147 461
147 462
147 463
147 464
146 147
146 465
146 466
146 467
146 468
146 469
145 146
145 470
145 471
145 472
145 473
145 474
144 145
144 475
144 476
144 477
144 478
144 479
143 144
143 480
143 481
143 482
143 483
143 484
142 143
142 485
142 486
142 487
142 488
142 489
141 142
141 490
141 491
141 492
141 493
141 494
140 141
140 495
140 496
140 497
140 498
140 499
139 140
139 500
139 501
139 502
139 503
139 504
138 139
138 505
138 506
138 507
138 508
138 509
137 138
137 510
137 511
137 512
137 513
137 514
136 137
136 515
136 516
136 517
136 518
136 519
135 136
135 520
135 521
135 522
135 523
135 524
134 135
134 525
134 526
134 527
134 528
134 529
133 134
133 530
133 531
133 532
133 533
133 534
132 133
132 535
132 536
132 537
132 538
132 539
131 132
131 540
131 541
131 542
131 543
131 544
130 131
130 545
130 546
130 547
130 548
130 549
129 130
129 550
129 551
129 552
129 553
129 554
128 129
128 555
128 556
128 557
128 558
128 559
127 128
127 560
127 561
127 562
127 563
127 564
126 127
126 565
126 566
126 567
126 568
126 569
125 126
125 570
125 571
125 572
125 573
125 574
124 125
124 575
124 576
124 577
124 578
124 579
123 124
123 580
123 581
123 582
123 583
123 584
122 123
122 585
122 586
122 587
122 588
122 589
121 122
121 590
121 591
121 592
121 593
121 594
120 121
120 595
120 596
120 597
120 598
120 599
119 120
119 600
119 601
119 602
119 603
119 604
118 119
118 605
118 606
118 607
118 608
118 609
117 118
117 610
117 611
117 612
117 613
117 614
116 117
116 615
116 616
116 617
116 618
116 619
115 116
115 620
115 621
115 622
115 623
115 624
114 115
114 625
114 626
114 627
114 628
114 629
113 114
113 630
113 631
113 632
113 633
113 634
112 113
112 635
112 636
112 637
112 638
112 639
111 112
111 640
111 641
111 642
111 643
111 644
110 111
110 645
110 646
110 647
110 648
110 649
109 110
109 650
109 651
109 652
109 653
109 654
108 109
108 655
108 656
108 657
108 658
108 659
107 108
107 660
107 661
107 662
107 663
107 664
106 107
106 665
106 666
106 667
106 668
106 669
105 106
105 670
105 671
105 672
105 673
105 674
104 105
104 675
104 676
104 677
104 678
104 679
103 104
103 680
103 681
103 682
103 683
103 684
102 103
102 685
102 686
102 687
102 688
102 689
101 102
101 690
101 691
101 692
101 693
101 694
100 101
100 695
100 696
100 697
100 698
100 699
99 100
99 700
99 701
99 702
99 703
99 704
98 99
98 705
98 706
98 707
98 708
98 709
97 98
97 710
97 711
97 712
97 713
97 714
96 97
96 715
96 716
96 717
96 718
96 719
95 96
95 720
95 721
95 722
95 723
95 724
94 95
94 725
94 726
94 727
94 728
94 729
93 94
93 730
93 731
93 732
93 733
93 734
92 93
92 735
92 736
92 737
92 738
92 739
91 92
91 740
91 741
91 742
91 743
91 744
90 91
90 745
90 746
90 747
90 748
90 749
89 90
89 750
89 751
89 752
89 753
89 754
88 89
88 755
88 756
88 757
88 758
88 759
87 88
87 760
87 761
87 762
87 763
87 764
86 87
86 765
86 766
86 767
86 768
86 769
85 86
85 770
85 771
85 772
85 773
85 774
84 85
84 775
84 776
84 777
84 778
84 779
83 84
83 780
83 781
83 782
83 783
83 784
82 83
82 785
82 786
82 787
82 788
82 789
81 82
81 790
81 791
81 792
81 793
81 794
80 81
80 795
80 796
80 797
80 798
80 799
79 80
79 800
79 801
79 802
79 803
79 804
78 79
78 805
78 806
78 807
78 808
78 809
77 78
77 810
77 811
77 812
77 813
77 814
76 77
76 815
76 816
76 817
76 818
76 819
75 76
75 820
75 821
75 822
75 823
75 824
74 75
74 825
74 826
74 827
74 828
74 829
73 74
73 830
73 831
73 832
73 833
73 834
72 73
72 835
72 836
72 837
72 838
72 839
71 72
71 840
71 841
71 842
71 843
71 844
70 71
70 845
70 846
70 847
70 848
70 849
69 70
69 850
69 851
69 852
69 853
69 854
68 69
68 855
68 856
68 857
68 858
68 859
67 68
67 860
67 861
67 862
67 863
67 864
66 67
66 865
66 866
66 867
66 868
66 869
65 66
65 870
65 871
65 872
65 873
65 874
64 65
64 875
64 876
64 877
64 878
64 879
63 64
63 880
63 881
63 882
63 883
63 884
62 63
62 885
62 886
62 887
62 888
62 889
61 62
61 890
61 891
61 892
61 893
61 894
60 61
60 895
60 896
60 897
60 898
60 899
59 60
59 900
59 901
59 902
59 903
59 904
58 59
58 905
58 906
58 907
58 908
58 909
57 58
57 910
57 911
57 912
57 913
57 914
56 57
56 915
56 916
56 917
56 918
56 919
55 56
55 920
55 921
55 922
55 923
55 924
54 55
54 925
54 926
54 927
54 928
54 929
53 54
53 930
53 931
53 932
53 933
53 934
52 53
52 935
52 936
52 937
52 938
52 939
51 52
51 940
51 941
51 942
51 943
51 944
50 51
50 945
50 946
50 947
50 948
50 949
49 50
49 950
49 951
49 952
49 953
49 954
48 49
48 955
48 956
48 957
48 958
48 959
47 48
47 960
47 961
47 962
47 963
47 964
46 47
46 965
46 966
46 967
46 968
46 969
45 46
45 970
45 971
45 972
45 973
45 974
44 45
44 975
44 976
44 977
44 978
44 979
43 44
43 980
43 981
43 982
43 983
43 984
42 43
42 985
42 986
42 987
42 988
42 989
41 42
41 990
41 991
41 992
41 993
41 994
40 41
40 995
40 996
40 997
40 998
40 999
39 40
39 1000
39 1001
39 1002
39 1003
39 1004
38 39
38 1005
38 1006
38 1007
38 1008
38 1009
37 38
37 1010
37 1011
37 1012
37 1013
37 1014
36 37
36 1015
36 1016
36 1017
36 1018
36 1019
35 36
35 1020
35 1021
35 1022
35 1023
35 1024
34 35
34 1025
34 1026
34 1027
34 1028
34 1029
33 34
33 1030
33 1031
33 1032
33 1033
33 1034
32 33
32 1035
32 1036
32 1037
32 1038
32 1039
31 32
31 1040
31 1041
31 1042
31 1043
31 1044
30 31
30 1045
30 1046
30 1047
30 1048
30 1049
29 30
29 1050
29 1051
29 1052
29 1053
29 1054
28 29
28 1055
28 1056
28 1057
28 1058
28 1059
27 28
27 1060
27 1061
27 1062
27 1063
27 1064
26 27
26 1065
26 1066
26 1067
26 1068
26 1069
25 26
25 1070
25 1071
25 1072
25 1073
25 1074
24 25
24 1075
24 1076
24 1077
24 1078
24 1079
23 24
23 1080
23 1081
23 1082
23 1083
23 1084
22 23
22 1085
22 1086
22 1087
22 1088
22 1089
21 22
21 1090
21 1091
21 1092
21 1093
21 1094
20 21
20 1095
20 1096
20 1097
20 1098
20 1099
19 20
19 1100
19 1101
19 1102
19 1103
19 1104
18 19
18 1105
18 1106
18 1107
18 1108
18 1109
17 18
17 1110
17 1111
17 1112
17 1113
17 1114
16 17
16 1115
16 1116
16 1117
16 1118
16 1119
15 16
15 1120
15 1121
15 1122
15 1123
15 1124
14 15
14 1125
14 1126
14 1127
14 1128
14 1129
13 14
13 1130
13 1131
13 1132
13 1133
13 1134
12 13
12 1135
12 1136
12 1137
12 1138
12 1139
11 12
11 1140
11 1141
11 1142
11 1143
11 1144
10 11
10 1145
10 1146
10 1147
10 1148
10 1149
9 10
9 1150
9 1151
9 1152
9 1153
9 1154
8 9
8 1155
8 1156
8 1157
8 1158
8 1159
7 8
7 1160
7 1161
7 1162
7 1163
7 1164
6 7
6 1165
6 1166
6 1167
6 1168
6 1169
5 6
5 1170
5 1171
5 1172
5 1173
5 1174
4 5
4 1175
4 1176
4 1177
4 1178
4 1179
3 4
3 1180
3 1181
3 1182
3 1183
3 1184
2 3
2 1185
2 1186
2 1187
2 1188
2 1189
1 2
1 1275
