1203 20981458
401 1
401 1190
401 1191
400 401
400 1192
400 1193
399 400
399 1194
399 1195
398 399
398 1196
398 1197
397 398
397 1198
397 1199
396 397
396 1200
396 1201
395 396
395 1202
395 1203
394 395
394 1204
394 1205
393 394
393 1206
393 1207
392 393
392 1208
392 1209
391 392
391 1210
391 1211
390 391
390 1212
390 1213
389 390
389 1214
389 1215
388 389
388 1216
388 1217
387 388
387 1218
387 1219
386 387
386 1220
386 1221
385 386
385 1222
385 1223
384 385
384 1224
384 1225
383 384
383 1226
383 1227
382 383
382 1228
382 1229
381 382
381 1230
381 1231
380 381
380 1232
380 1233
379 380
379 1234
379 1235
378 379
378 1236
378 1237
377 378
377 1238
377 1239
376 377
376 1240
376 1241
375 376
375 1242
375 1243
374 375
374 1244
374 1245
373 374
373 1246
373 1247
372 373
372 1248
372 1249
371 372
371 1250
371 1251
370 371
370 1252
370 1253
369 370
369 1254
369 1255
368 369
368 1256
368 1257
367 368
367 1258
367 1259
366 367
366 1260
366 1261
365 366
365 1262
365 1263
364 365
364 1264
364 1265
363 364
363 1266
363 1267
362 363
362 1268
362 1269
361 362
361 1270
361 1271
360 361
360 1272
360 1273
359 360
359 1274
359 1275
358 359
358 402
358 403
357 358
357 404
357 405
356 357
356 406
356 407
355 356
355 408
355 409
354 355
354 410
354 411
353 354
353 412
353 413
352 353
352 414
352 415
351 352
351 416
351 417
350 351
350 418
350 419
349 350
349 420
349 421
348 349
348 422
348 423
347 348
347 424
347 425
346 347
346 426
346 427
345 346
345 428
345 429
344 345
344 430
344 431
343 344
343 432
343 433
342 343
342 434
342 435
341 342
341 436
341 437
340 341
340 438
340 439
339 340
339 440
339 441
338 339
338 442
338 443
337 338
337 444
337 445
336 337
336 446
336 447
335 336
335 448
335 449
334 335
334 450
334 451
333 334
333 452
333 453
332 333
332 454
332 455
331 332
331 456
331 457
330 331
330 458
330 459
329 330
329 460
329 461
328 329
328 462
328 463
327 328
327 464
327 465
326 327
326 466
326 467
325 326
325 468
325 469
324 325
324 470
324 471
323 324
323 472
323 473
322 323
322 474
322 475
321 322
321 476
321 477
320 321
320 478
320 479
319 320
319 480
319 481
318 319
318 482
318 483
317 318
317 484
317 485
316 317
316 486
316 487
315 316
315 488
315 489
314 315
314 490
314 491
313 314
313 492
313 493
312 313
312 494
312 495
311 312
311 496
311 497
310 311
310 498
310 499
309 310
309 500
309 501
308 309
308 502
308 503
307 308
307 504
307 505
306 307
306 506
306 507
305 306
305 508
305 509
304 305
304 510
304 511
303 304
303 512
303 513
302 303
302 514
302 515
301 302
301 516
301 517
300 301
300 518
300 519
299 300
299 520
299 521
298 299
298 522
298 523
297 298
297 524
297 525
296 297
296 526
296 527
295 296
295 528
295 529
294 295
294 530
294 531
293 294
293 532
293 533
292 293
292 534
292 535
291 292
291 536
291 537
290 291
290 538
290 539
289 290
289 540
289 541
288 289
288 542
288 543
287 288
287 544
287 545
286 287
286 546
286 547
285 286
285 548
285 549
284 285
284 550
284 551
283 284
283 552
283 553
282 283
282 554
282 555
281 282
281 556
281 557
280 281
280 558
280 559
279 280
279 560
279 561
278 279
278 562
278 563
277 278
277 564
277 565
276 277
276 566
276 567
275 276
275 568
275 569
274 275
274 570
274 571
273 274
273 572
273 573
272 273
272 574
272 575
271 272
271 576
271 577
270 271
270 578
270 579
269 270
269 580
269 581
268 269
268 582
268 583
267 268
267 584
267 585
266 267
266 586
266 587
265 266
265 588
265 589
264 265
264 590
264 591
263 264
263 592
263 593
262 263
262 594
262 595
261 262
261 596
261 597
260 261
260 598
260 599
259 260
259 600
259 601
258 259
258 602
258 603
257 258
257 604
257 605
256 257
256 606
256 607
255 256
255 608
255 609
254 255
254 610
254 611
253 254
253 612
253 613
252 253
252 614
252 615
251 252
251 616
251 617
250 251
250 618
250 619
249 250
249 620
249 621
248 249
248 622
248 623
247 248
247 624
247 625
246 247
246 626
246 627
245 246
245 628
245 629
244 245
244 630
244 631
243 244
243 632
243 633
242 243
242 634
242 635
241 242
241 636
241 637
240 241
240 638
240 639
239 240
239 640
239 641
238 239
238 642
238 643
237 238
237 644
237 645
236 237
236 646
236 647
235 236
235 648
235 649
234 235
234 650
234 651
233 234
233 652
233 653
232 233
232 654
232 655
231 232
231 656
231 657
230 231
230 658
230 659
229 230
229 660
229 661
228 229
228 662
228 663
227 228
227 664
227 665
226 227
226 666
226 667
225 226
225 668
225 669
224 225
224 670
224 671
223 224
223 672
223 673
222 223
222 674
222 675
221 222
221 676
221 677
220 221
220 678
220 679
219 220
219 680
219 681
218 219
218 682
218 683
217 218
217 684
217 685
216 217
216 686
216 687
215 216
215 688
215 689
214 215
214 690
214 691
213 214
213 692
213 693
212 213
212 694
212 695
211 212
211 696
211 697
210 211
210 698
210 699
209 210
209 700
209 701
208 209
208 702
208 703
207 208
207 704
207 705
206 207
206 706
206 707
205 206
205 708
205 709
204 205
204 710
204 711
203 204
203 712
203 713
202 203
202 714
202 715
201 202
201 716
201 717
200 201
200 718
200 719
199 200
199 720
199 721
198 199
198 722
198 723
197 198
197 724
197 725
196 197
196 726
196 727
195 196
195 728
195 729
194 195
194 730
194 731
193 194
193 732
193 733
192 193
192 734
192 735
191 192
191 736
191 737
190 191
190 738
190 739
189 190
189 740
189 741
188 189
188 742
188 743
187 188
187 744
187 745
186 187
186 746
186 747
185 186
185 748
185 749
184 185
184 750
184 751
183 184
183 752
183 753
182 183
182 754
182 755
181 182
181 756
181 757
180 181
180 758
180 759
179 180
179 760
179 761
178 179
178 762
178 763
177 178
177 764
177 765
176 177
176 766
176 767
175 176
175 768
175 769
174 175
174 770
174 771
173 174
173 772
173 773
172 173
172 774
172 775
171 172
171 776
171 777
170 171
170 778
170 779
169 170
169 780
169 781
168 169
168 782
168 783
167 168
167 784
167 785
166 167
166 786
166 787
165 166
165 788
165 789
164 165
164 790
164 791
163 164
163 792
163 793
162 163
162 794
162 795
161 162
161 796
161 797
160 161
160 798
160 799
159 160
159 800
159 801
158 159
158 802
158 803
157 158
157 804
157 805
156 157
156 806
156 807
155 156
155 808
155 809
154 155
154 810
154 811
153 154
153 812
153 813
152 153
152 814
152 815
151 152
151 816
151 817
150 151
150 818
150 819
149 150
149 820
149 821
148 149
148 822
148 823
147 148
147 824
147 825
146 147
146 826
146 827
145 146
145 828
145 829
144 145
144 830
144 831
143 144
143 832
143 833
142 143
142 834
142 835
141 142
141 836
141 837
140 141
140 838
140 839
139 140
139 840
139 841
138 139
138 842
138 843
137 138
137 844
137 845
136 137
136 846
136 847
135 136
135 848
135 849
134 135
134 850
134 851
133 134
133 852
133 853
132 133
132 854
132 855
131 132
131 856
131 857
130 131
130 858
130 859
129 130
129 860
129 861
128 129
128 862
128 863
127 128
127 864
127 865
126 127
126 866
126 867
125 126
125 868
125 869
124 125
124 870
124 871
123 124
123 872
123 873
122 123
122 874
122 875
121 122
121 876
121 877
120 121
120 878
120 879
119 120
119 880
119 881
118 119
118 882
118 883
117 118
117 884
117 885
116 117
116 886
116 887
115 116
115 888
115 889
114 115
114 890
114 891
113 114
113 892
113 893
112 113
112 894
112 895
111 112
111 896
111 897
110 111
110 898
110 899
109 110
109 900
109 901
108 109
108 902
108 903
107 108
107 904
107 905
106 107
106 906
106 907
105 106
105 908
105 909
104 105
104 910
104 911
103 104
103 912
103 913
102 103
102 914
102 915
101 102
101 916
101 917
100 101
100 918
100 919
99 100
99 920
99 921
98 99
98 922
98 923
97 98
97 924
97 925
96 97
96 926
96 927
95 96
95 928
95 929
94 95
94 930
94 931
93 94
93 932
93 933
92 93
92 934
92 935
91 92
91 936
91 937
90 91
90 938
90 939
89 90
89 940
89 941
88 89
88 942
88 943
87 88
87 944
87 945
86 87
86 946
86 947
85 86
85 948
85 949
84 85
84 950
84 951
83 84
83 952
83 953
82 83
82 954
82 955
81 82
81 956
81 957
80 81
80 958
80 959
79 80
79 960
79 961
78 79
78 962
78 963
77 78
77 964
77 965
76 77
76 966
76 967
75 76
75 968
75 969
74 75
74 970
74 971
73 74
73 972
73 973
72 73
72 974
72 975
71 72
71 976
71 977
70 71
70 978
70 979
69 70
69 980
69 981
68 69
68 982
68 983
67 68
67 984
67 985
66 67
66 986
66 987
65 66
65 988
65 989
64 65
64 990
64 991
63 64
63 992
63 993
62 63
62 994
62 995
61 62
61 996
61 997
60 61
60 998
60 999
59 60
59 1000
59 1001
58 59
58 1002
58 1003
57 58
57 1004
57 1005
56 57
56 1006
56 1007
55 56
55 1008
55 1009
54 55
54 1010
54 1011
53 54
53 1012
53 1013
52 53
52 1014
52 1015
51 52
51 1016
51 1017
50 51
50 1018
50 1019
49 50
49 1020
49 1021
48 49
48 1022
48 1023
47 48
47 1024
47 1025
46 47
46 1026
46 1027
45 46
45 1028
45 1029
44 45
44 1030
44 1031
43 44
43 1032
43 1033
42 43
42 1034
42 1035
41 42
41 1036
41 1037
40 41
40 1038
40 1039
39 40
39 1040
39 1041
38 39
38 1042
38 1043
37 38
37 1044
37 1045
36 37
36 1046
36 1047
35 36
35 1048
35 1049
34 35
34 1050
34 1051
33 34
33 1052
33 1053
32 33
32 1054
32 1055
31 32
31 1056
31 1057
30 31
30 1058
30 1059
29 30
29 1060
29 1061
28 29
28 1062
28 1063
27 28
27 1064
27 1065
26 27
26 1066
26 1067
25 26
25 1068
25 1069
24 25
24 1070
24 1071
23 24
23 1072
23 1073
22 23
22 1074
22 1075
21 22
21 1076
21 1077
20 21
20 1078
20 1079
19 20
19 1080
19 1081
18 19
18 1082
18 1083
17 18
17 1084
17 1085
16 17
16 1086
16 1087
15 16
15 1088
15 1089
14 15
14 1090
14 1091
13 14
13 1092
13 1093
12 13
12 1094
12 1095
11 12
11 1096
11 1097
10 11
10 1098
10 1099
9 10
9 1100
9 1101
8 9
8 1102
8 1103
7 8
7 1104
7 1105
6 7
6 1106
6 1107
5 6
5 1108
5 1109
4 5
4 1110
4 1111
3 4
3 1112
3 1113
2 3
2 1114
2 1115
1 2
1 1116
1 1204
