1432 27559374
716 1
716 1117
715 716
715 1118
714 715
714 1119
713 714
713 1120
712 713
712 1121
711 712
711 1122
710 711
710 1123
709 710
709 1124
708 709
708 1125
707 708
707 1126
706 707
706 1127
705 706
705 1128
704 705
704 1129
703 704
703 1130
702 703
702 1131
701 702
701 1132
700 701
700 1133
699 700
699 1134
698 699
698 1135
697 698
697 1136
696 697
696 1137
695 696
695 1138
694 695
694 1139
693 694
693 1140
692 693
692 1141
691 692
691 1142
690 691
690 1143
689 690
689 1144
688 689
688 1145
687 688
687 1146
686 687
686 1147
685 686
685 1148
684 685
684 1149
683 684
683 1150
682 683
682 1151
681 682
681 1152
680 681
680 1153
679 680
679 1154
678 679
678 1155
677 678
677 1156
676 677
676 1157
675 676
675 1158
674 675
674 1159
673 674
673 1160
672 673
672 1161
671 672
671 1162
670 671
670 1163
669 670
669 1164
668 669
668 1165
667 668
667 1166
666 667
666 1167
665 666
665 1168
664 665
664 1169
663 664
663 1170
662 663
662 1171
661 662
661 1172
660 661
660 1173
659 660
659 1174
658 659
658 1175
657 658
657 1176
656 657
656 1177
655 656
655 1178
654 655
654 1179
653 654
653 1180
652 653
652 1181
651 652
651 1182
650 651
650 1183
649 650
649 1184
648 649
648 1185
647 648
647 1186
646 647
646 1187
645 646
645 1188
644 645
644 1189
643 644
643 1190
642 643
642 1191
641 642
641 1192
640 641
640 1193
639 640
639 1194
638 639
638 1195
637 638
637 1196
636 637
636 1197
635 636
635 1198
634 635
634 1199
633 634
633 1200
632 633
632 1201
631 632
631 1202
630 631
630 1203
629 630
629 1204
628 629
628 717
627 628
627 718
626 627
626 719
625 626
625 720
624 625
624 721
623 624
623 722
622 623
622 723
621 622
621 724
620 621
620 725
619 620
619 726
618 619
618 727
617 618
617 728
616 617
616 729
615 616
615 730
614 615
614 731
613 614
613 732
612 613
612 733
611 612
611 734
610 611
610 735
609 610
609 736
608 609
608 737
607 608
607 738
606 607
606 739
605 606
605 740
604 605
604 741
603 604
603 742
602 603
602 743
601 602
601 744
600 601
600 745
599 600
599 746
598 599
598 747
597 598
597 748
596 597
596 749
595 596
595 750
594 595
594 751
593 594
593 752
592 593
592 753
591 592
591 754
590 591
590 755
589 590
589 756
588 589
588 757
587 588
587 758
586 587
586 759
585 586
585 760
584 585
584 761
583 584
583 762
582 583
582 763
581 582
581 764
580 581
580 765
579 580
579 766
578 579
578 767
577 578
577 768
576 577
576 769
575 576
575 770
574 575
574 771
573 574
573 772
572 573
572 773
571 572
571 774
570 571
570 775
569 570
569 776
568 569
568 777
567 568
567 778
566 567
566 779
565 566
565 780
564 565
564 781
563 564
563 782
562 563
562 783
561 562
561 784
560 561
560 785
559 560
559 786
558 559
558 787
557 558
557 788
556 557
556 789
555 556
555 790
554 555
554 791
553 554
553 792
552 553
552 793
551 552
551 794
550 551
550 795
549 550
549 796
548 549
548 797
547 548
547 798
546 547
546 799
545 546
545 800
544 545
544 801
543 544
543 802
542 543
542 803
541 542
541 804
540 541
540 805
539 540
539 806
538 539
538 807
537 538
537 808
536 537
536 809
535 536
535 810
534 535
534 811
533 534
533 812
532 533
532 813
531 532
531 814
530 531
530 815
529 530
529 816
528 529
528 817
527 528
527 818
526 527
526 819
525 526
525 820
524 525
524 821
523 524
523 822
522 523
522 823
521 522
521 824
520 521
520 825
519 520
519 826
518 519
518 827
517 518
517 828
516 517
516 829
515 516
515 830
514 515
514 831
513 514
513 832
512 513
512 833
511 512
511 834
510 511
510 835
509 510
509 836
508 509
508 837
507 508
507 838
506 507
506 839
505 506
505 840
504 505
504 841
503 504
503 842
502 503
502 843
501 502
501 844
500 501
500 845
499 500
499 846
498 499
498 847
497 498
497 848
496 497
496 849
495 496
495 850
494 495
494 851
493 494
493 852
492 493
492 853
491 492
491 854
490 491
490 855
489 490
489 856
488 489
488 857
487 488
487 858
486 487
486 859
485 486
485 860
484 485
484 861
483 484
483 862
482 483
482 863
481 482
481 864
480 481
480 865
479 480
479 866
478 479
478 867
477 478
477 868
476 477
476 869
475 476
475 870
474 475
474 871
473 474
473 872
472 473
472 873
471 472
471 874
470 471
470 875
469 470
469 876
468 469
468 877
467 468
467 878
466 467
466 879
465 466
465 880
464 465
464 881
463 464
463 882
462 463
462 883
461 462
461 884
460 461
460 885
459 460
459 886
458 459
458 887
457 458
457 888
456 457
456 889
455 456
455 890
454 455
454 891
453 454
453 892
452 453
452 893
451 452
451 894
450 451
450 895
449 450
449 896
448 449
448 897
447 448
447 898
446 447
446 899
445 446
445 900
444 445
444 901
443 444
443 902
442 443
442 903
441 442
441 904
440 441
440 905
439 440
439 906
438 439
438 907
437 438
437 908
436 437
436 909
435 436
435 910
434 435
434 911
433 434
433 912
432 433
432 913
431 432
431 914
430 431
430 915
429 430
429 916
428 429
428 917
427 428
427 918
426 427
426 919
425 426
425 920
424 425
424 921
423 424
423 922
422 423
422 923
421 422
421 924
420 421
420 925
419 420
419 926
418 419
418 927
417 418
417 928
416 417
416 929
415 416
415 930
414 415
414 931
413 414
413 932
412 413
412 933
411 412
411 934
410 411
410 935
409 410
409 936
408 409
408 937
407 408
407 938
406 407
406 939
405 406
405 940
404 405
404 941
403 404
403 942
402 403
402 943
401 402
401 944
400 401
400 945
399 400
399 946
398 399
398 947
397 398
397 948
396 397
396 949
395 396
395 950
394 395
394 951
393 394
393 952
392 393
392 953
391 392
391 954
390 391
390 955
389 390
389 956
388 389
388 957
387 388
387 958
386 387
386 959
385 386
385 960
384 385
384 961
383 384
383 962
382 383
382 963
381 382
381 964
380 381
380 965
379 380
379 966
378 379
378 967
377 378
377 968
376 377
376 969
375 376
375 970
374 375
374 971
373 374
373 972
372 373
372 973
371 372
371 974
370 371
370 975
369 370
369 976
368 369
368 977
367 368
367 978
366 367
366 979
365 366
365 980
364 365
364 981
363 364
363 982
362 363
362 983
361 362
361 984
360 361
360 985
359 360
359 986
358 359
358 987
357 358
357 988
356 357
356 989
355 356
355 990
354 355
354 991
353 354
353 992
352 353
352 993
351 352
351 994
350 351
350 995
349 350
349 996
348 349
348 997
347 348
347 998
346 347
346 999
345 346
345 1000
344 345
344 1001
343 344
343 1002
342 343
342 1003
341 342
341 1004
340 341
340 1005
339 340
339 1006
338 339
338 1007
337 338
337 1008
336 337
336 1009
335 336
335 1010
334 335
334 1011
333 334
333 1012
332 333
332 1013
331 332
331 1014
330 331
330 1015
329 330
329 1016
328 329
328 1017
327 328
327 1018
326 327
326 1019
325 326
325 1020
324 325
324 1021
323 324
323 1022
322 323
322 1023
321 322
321 1024
320 321
320 1025
319 320
319 1026
318 319
318 1027
317 318
317 1028
316 317
316 1029
315 316
315 1030
314 315
314 1031
313 314
313 1032
312 313
312 1033
311 312
311 1034
310 311
310 1035
309 310
309 1036
308 309
308 1037
307 308
307 1038
306 307
306 1039
305 306
305 1040
304 305
304 1041
303 304
303 1042
302 303
302 1043
301 302
301 1044
300 301
300 1045
299 300
299 1046
298 299
298 1047
297 298
297 1048
296 297
296 1049
295 296
295 1050
294 295
294 1051
293 294
293 1052
292 293
292 1053
291 292
291 1054
290 291
290 1055
289 290
289 1056
288 289
288 1057
287 288
287 1058
286 287
286 1059
285 286
285 1060
284 285
284 1061
283 284
283 1062
282 283
282 1063
281 282
281 1064
280 281
280 1065
279 280
279 1066
278 279
278 1067
277 278
277 1068
276 277
276 1069
275 276
275 1070
274 275
274 1071
273 274
273 1072
272 273
272 1073
271 272
271 1074
270 271
270 1075
269 270
269 1076
268 269
268 1077
267 268
267 1078
266 267
266 1079
265 266
265 1080
264 265
264 1081
263 264
263 1082
262 263
262 1083
261 262
261 1084
260 261
260 1085
259 260
259 1086
258 259
258 1087
257 258
257 1088
256 257
256 1089
255 256
255 1090
254 255
254 1091
253 254
253 1092
252 253
252 1093
251 252
251 1094
250 251
250 1095
249 250
249 1096
248 249
248 1097
247 248
247 1098
246 247
246 1099
245 246
245 1100
244 245
244 1101
243 244
243 1102
242 243
242 1103
241 242
241 1104
240 241
240 1105
239 240
239 1106
238 239
238 1107
237 238
237 1108
236 237
236 1109
235 236
235 1110
234 235
234 1111
233 234
233 1112
232 233
232 1113
231 232
231 1114
230 231
230 1115
229 230
229 1116
228 229
228 1117
227 228
227 1118
226 227
226 1119
225 226
225 1120
224 225
224 1121
223 224
223 1122
222 223
222 1123
221 222
221 1124
220 221
220 1125
219 220
219 1126
218 219
218 1127
217 218
217 1128
216 217
216 1129
215 216
215 1130
214 215
214 1131
213 214
213 1132
212 213
212 1133
211 212
211 1134
210 211
210 1135
209 210
209 1136
208 209
208 1137
207 208
207 1138
206 207
206 1139
205 206
205 1140
204 205
204 1141
203 204
203 1142
202 203
202 1143
201 202
201 1144
200 201
200 1145
199 200
199 1146
198 199
198 1147
197 198
197 1148
196 197
196 1149
195 196
195 1150
194 195
194 1151
193 194
193 1152
192 193
192 1153
191 192
191 1154
190 191
190 1155
189 190
189 1156
188 189
188 1157
187 188
187 1158
186 187
186 1159
185 186
185 1160
184 185
184 1161
183 184
183 1162
182 183
182 1163
181 182
181 1164
180 181
180 1165
179 180
179 1166
178 179
178 1167
177 178
177 1168
176 177
176 1169
175 176
175 1170
174 175
174 1171
173 174
173 1172
172 173
172 1173
171 172
171 1174
170 171
170 1175
169 170
169 1176
168 169
168 1177
167 168
167 1178
166 167
166 1179
165 166
165 1180
164 165
164 1181
163 164
163 1182
162 163
162 1183
161 162
161 1184
160 161
160 1185
159 160
159 1186
158 159
158 1187
157 158
157 1188
156 157
156 1189
155 156
155 1190
154 155
154 1191
153 154
153 1192
152 153
152 1193
151 152
151 1194
150 151
150 1195
149 150
149 1196
148 149
148 1197
147 148
147 1198
146 147
146 1199
145 146
145 1200
144 145
144 1201
143 144
143 1202
142 143
142 1203
141 142
141 1204
140 141
140 1205
139 140
139 1206
138 139
138 1207
137 138
137 1208
136 137
136 1209
135 136
135 1210
134 135
134 1211
133 134
133 1212
132 133
132 1213
131 132
131 1214
130 131
130 1215
129 130
129 1216
128 129
128 1217
127 128
127 1218
126 127
126 1219
125 126
125 1220
124 125
124 1221
123 124
123 1222
122 123
122 1223
121 122
121 1224
120 121
120 1225
119 120
119 1226
118 119
118 1227
117 118
117 1228
116 117
116 1229
115 116
115 1230
114 115
114 1231
113 114
113 1232
112 113
112 1233
111 112
111 1234
110 111
110 1235
109 110
109 1236
108 109
108 1237
107 108
107 1238
106 107
106 1239
105 106
105 1240
104 105
104 1241
103 104
103 1242
102 103
102 1243
101 102
101 1244
100 101
100 1245
99 100
99 1246
98 99
98 1247
97 98
97 1248
96 97
96 1249
95 96
95 1250
94 95
94 1251
93 94
93 1252
92 93
92 1253
91 92
91 1254
90 91
90 1255
89 90
89 1256
88 89
88 1257
87 88
87 1258
86 87
86 1259
85 86
85 1260
84 85
84 1261
83 84
83 1262
82 83
82 1263
81 82
81 1264
80 81
80 1265
79 80
79 1266
78 79
78 1267
77 78
77 1268
76 77
76 1269
75 76
75 1270
74 75
74 1271
73 74
73 1272
72 73
72 1273
71 72
71 1274
70 71
70 1275
69 70
69 1276
68 69
68 1277
67 68
67 1278
66 67
66 1279
65 66
65 1280
64 65
64 1281
63 64
63 1282
62 63
62 1283
61 62
61 1284
60 61
60 1285
59 60
59 1286
58 59
58 1287
57 58
57 1288
56 57
56 1289
55 56
55 1290
54 55
54 1291
53 54
53 1292
52 53
52 1293
51 52
51 1294
50 51
50 1295
49 50
49 1296
48 49
48 1297
47 48
47 1298
46 47
46 1299
45 46
45 1300
44 45
44 1301
43 44
43 1302
42 43
42 1303
41 42
41 1304
40 41
40 1305
39 40
39 1306
38 39
38 1307
37 38
37 1308
36 37
36 1309
35 36
35 1310
34 35
34 1311
33 34
33 1312
32 33
32 1313
31 32
31 1314
30 31
30 1315
29 30
29 1316
28 29
28 1317
27 28
27 1318
26 27
26 1319
25 26
25 1320
24 25
24 1321
23 24
23 1322
22 23
22 1323
21 22
21 1324
20 21
20 1325
19 20
19 1326
18 19
18 1327
17 18
17 1328
16 17
16 1329
15 16
15 1330
14 15
14 1331
13 14
13 1332
12 13
12 1333
11 12
11 1334
10 11
10 1335
9 10
9 1336
8 9
8 1337
7 8
7 1338
6 7
6 1339
5 6
5 1340
4 5
4 1341
3 4
3 1342
2 3
2 1343
1 2
1 1433
