1478 13245633
370 1
370 1344
370 1345
370 1346
369 370
369 1347
369 1348
369 1349
368 369
368 1350
368 1351
368 1352
367 368
367 1353
367 1354
367 1355
366 367
366 1356
366 1357
366 1358
365 366
365 1359
365 1360
365 1361
364 365
364 1362
364 1363
364 1364
363 364
363 1365
363 1366
363 1367
362 363
362 1368
362 1369
362 1370
361 362
361 1371
361 1372
361 1373
360 361
360 1374
360 1375
360 1376
359 360
359 1377
359 1378
359 1379
358 359
358 1380
358 1381
358 1382
357 358
357 1383
357 1384
357 1385
356 357
356 1386
356 1387
356 1388
355 356
355 1389
355 1390
355 1391
354 355
354 1392
354 1393
354 1394
353 354
353 1395
353 1396
353 1397
352 353
352 1398
352 1399
352 1400
351 352
351 1401
351 1402
351 1403
350 351
350 1404
350 1405
350 1406
349 350
349 1407
349 1408
349 1409
348 349
348 1410
348 1411
348 1412
347 348
347 1413
347 1414
347 1415
346 347
346 1416
346 1417
346 1418
345 346
345 1419
345 1420
345 1421
344 345
344 1422
344 1423
344 1424
343 344
343 1425
343 1426
343 1427
342 343
342 1428
342 1429
342 1430
341 342
341 1431
341 1432
341 1433
340 341
340 371
340 372
340 373
339 340
339 374
339 375
339 376
338 339
338 377
338 378
338 379
337 338
337 380
337 381
337 382
336 337
336 383
336 384
336 385
335 336
335 386
335 387
335 388
334 335
334 389
334 390
334 391
333 334
333 392
333 393
333 394
332 333
332 395
332 396
332 397
331 332
331 398
331 399
331 400
330 331
330 401
330 402
330 403
329 330
329 404
329 405
329 406
328 329
328 407
328 408
328 409
327 328
327 410
327 411
327 412
326 327
326 413
326 414
326 415
325 326
325 416
325 417
325 418
324 325
324 419
324 420
324 421
323 324
323 422
323 423
323 424
322 323
322 425
322 426
322 427
321 322
321 428
321 429
321 430
320 321
320 431
320 432
320 433
319 320
319 434
319 435
319 436
318 319
318 437
318 438
318 439
317 318
317 440
317 441
317 442
316 317
316 443
316 444
316 445
315 316
315 446
315 447
315 448
314 315
314 449
314 450
314 451
313 314
313 452
313 453
313 454
312 313
312 455
312 456
312 457
311 312
311 458
311 459
311 460
310 311
310 461
310 462
310 463
309 310
309 464
309 465
309 466
308 309
308 467
308 468
308 469
307 308
307 470
307 471
307 472
306 307
306 473
306 474
306 475
305 306
305 476
305 477
305 478
304 305
304 479
304 480
304 481
303 304
303 482
303 483
303 484
302 303
302 485
302 486
302 487
301 302
301 488
301 489
301 490
300 301
300 491
300 492
300 493
299 300
299 494
299 495
299 496
298 299
298 497
298 498
298 499
297 298
297 500
297 501
297 502
296 297
296 503
296 504
296 505
295 296
295 506
295 507
295 508
294 295
294 509
294 510
294 511
293 294
293 512
293 513
293 514
292 293
292 515
292 516
292 517
291 292
291 518
291 519
291 520
290 291
290 521
290 522
290 523
289 290
289 524
289 525
289 526
288 289
288 527
288 528
288 529
287 288
287 530
287 531
287 532
286 287
286 533
286 534
286 535
285 286
285 536
285 537
285 538
284 285
284 539
284 540
284 541
283 284
283 542
283 543
283 544
282 283
282 545
282 546
282 547
281 282
281 548
281 549
281 550
280 281
280 551
280 552
280 553
279 280
279 554
279 555
279 556
278 279
278 557
278 558
278 559
277 278
277 560
277 561
277 562
276 277
276 563
276 564
276 565
275 276
275 566
275 567
275 568
274 275
274 569
274 570
274 571
273 274
273 572
273 573
273 574
272 273
272 575
272 576
272 577
271 272
271 578
271 579
271 580
270 271
270 581
270 582
270 583
269 270
269 584
269 585
269 586
268 269
268 587
268 588
268 589
267 268
267 590
267 591
267 592
266 267
266 593
266 594
266 595
265 266
265 596
265 597
265 598
264 265
264 599
264 600
264 601
263 264
263 602
263 603
263 604
262 263
262 605
262 606
262 607
261 262
261 608
261 609
261 610
260 261
260 611
260 612
260 613
259 260
259 614
259 615
259 616
258 259
258 617
258 618
258 619
257 258
257 620
257 621
257 622
256 257
256 623
256 624
256 625
255 256
255 626
255 627
255 628
254 255
254 629
254 630
254 631
253 254
253 632
253 633
253 634
252 253
252 635
252 636
252 637
251 252
251 638
251 639
251 640
250 251
250 641
250 642
250 643
249 250
249 644
249 645
249 646
248 249
248 647
248 648
248 649
247 248
247 650
247 651
247 652
246 247
246 653
246 654
246 655
245 246
245 656
245 657
245 658
244 245
244 659
244 660
244 661
243 244
243 662
243 663
243 664
242 243
242 665
242 666
242 667
241 242
241 668
241 669
241 670
240 241
240 671
240 672
240 673
239 240
239 674
239 675
239 676
238 239
238 677
238 678
238 679
237 238
237 680
237 681
237 682
236 237
236 683
236 684
236 685
235 236
235 686
235 687
235 688
234 235
234 689
234 690
234 691
233 234
233 692
233 693
233 694
232 233
232 695
232 696
232 697
231 232
231 698
231 699
231 700
230 231
230 701
230 702
230 703
229 230
229 704
229 705
229 706
228 229
228 707
228 708
228 709
227 228
227 710
227 711
227 712
226 227
226 713
226 714
226 715
225 226
225 716
225 717
225 718
224 225
224 719
224 720
224 721
223 224
223 722
223 723
223 724
222 223
222 725
222 726
222 727
221 222
221 728
221 729
221 730
220 221
220 731
220 732
220 733
219 220
219 734
219 735
219 736
218 219
218 737
218 738
218 739
217 218
217 740
217 741
217 742
216 217
216 743
216 744
216 745
215 216
215 746
215 747
215 748
214 215
214 749
214 750
214 751
213 214
213 752
213 753
213 754
212 213
212 755
212 756
212 757
211 212
211 758
211 759
211 760
210 211
210 761
210 762
210 763
209 210
209 764
209 765
209 766
208 209
208 767
208 768
208 769
207 208
207 770
207 771
207 772
206 207
206 773
206 774
206 775
205 206
205 776
205 777
205 778
204 205
204 779
204 780
204 781
203 204
203 782
203 783
203 784
202 203
202 785
202 786
202 787
201 202
201 788
201 789
201 790
200 201
200 791
200 792
200 793
199 200
199 794
199 795
199 796
198 199
198 797
198 798
198 799
197 198
197 800
197 801
197 802
196 197
196 803
196 804
196 805
195 196
195 806
195 807
195 808
194 195
194 809
194 810
194 811
193 194
193 812
193 813
193 814
192 193
192 815
192 816
192 817
191 192
191 818
191 819
191 820
190 191
190 821
190 822
190 823
189 190
189 824
189 825
189 826
188 189
188 827
188 828
188 829
187 188
187 830
187 831
187 832
186 187
186 833
186 834
186 835
185 186
185 836
185 837
185 838
184 185
184 839
184 840
184 841
183 184
183 842
183 843
183 844
182 183
182 845
182 846
182 847
181 182
181 848
181 849
181 850
180 181
180 851
180 852
180 853
179 180
179 854
179 855
179 856
178 179
178 857
178 858
178 859
177 178
177 860
177 861
177 862
176 177
176 863
176 864
176 865
175 176
175 866
175 867
175 868
174 175
174 869
174 870
174 871
173 174
173 872
173 873
173 874
172 173
172 875
172 876
172 877
171 172
171 878
171 879
171 880
170 171
170 881
170 882
170 883
169 170
169 884
169 885
169 886
168 169
168 887
168 888
168 889
167 168
167 890
167 891
167 892
166 167
166 893
166 894
166 895
165 166
165 896
165 897
165 898
164 165
164 899
164 900
164 901
163 164
163 902
163 903
163 904
162 163
162 905
162 906
162 907
161 162
161 908
161 909
161 910
160 161
160 911
160 912
160 913
159 160
159 914
159 915
159 916
158 159
158 917
158 918
158 919
157 158
157 920
157 921
157 922
156 157
156 923
156 924
156 925
155 156
155 926
155 927
155 928
154 155
154 929
154 930
154 931
153 154
153 932
153 933
153 934
152 153
152 935
152 936
152 937
151 152
151 938
151 939
151 940
150 151
150 941
150 942
150 943
149 150
149 944
149 945
149 946
148 149
148 947
148 948
148 949
147 148
147 950
147 951
147 952
146 147
146 953
146 954
146 955
145 146
145 956
145 957
145 958
144 145
144 959
144 960
144 961
143 144
143 962
143 963
143 964
142 143
142 965
142 966
142 967
141 142
141 968
141 969
141 970
140 141
140 971
140 972
140 973
139 140
139 974
139 975
139 976
138 139
138 977
138 978
138 979
137 138
137 980
137 981
137 982
136 137
136 983
136 984
136 985
135 136
135 986
135 987
135 988
134 135
134 989
134 990
134 991
133 134
133 992
133 993
133 994
132 133
132 995
132 996
132 997
131 132
131 998
131 999
131 1000
130 131
130 1001
130 1002
130 1003
129 130
129 1004
129 1005
129 1006
128 129
128 1007
128 1008
128 1009
127 128
127 1010
127 1011
127 1012
126 127
126 1013
126 1014
126 1015
125 126
125 1016
125 1017
125 1018
124 125
124 1019
124 1020
124 1021
123 124
123 1022
123 1023
123 1024
122 123
122 1025
122 1026
122 1027
121 122
121 1028
121 1029
121 1030
120 121
120 1031
120 1032
120 1033
119 120
119 1034
119 1035
119 1036
118 119
118 1037
118 1038
118 1039
117 118
117 1040
117 1041
117 1042
116 117
116 1043
116 1044
116 1045
115 116
115 1046
115 1047
115 1048
114 115
114 1049
114 1050
114 1051
113 114
113 1052
113 1053
113 1054
112 113
112 1055
112 1056
112 1057
111 112
111 1058
111 1059
111 1060
110 111
110 1061
110 1062
110 1063
109 110
109 1064
109 1065
109 1066
108 109
108 1067
108 1068
108 1069
107 108
107 1070
107 1071
107 1072
106 107
106 1073
106 1074
106 1075
105 106
105 1076
105 1077
105 1078
104 105
104 1079
104 1080
104 1081
103 104
103 1082
103 1083
103 1084
102 103
102 1085
102 1086
102 1087
101 102
101 1088
101 1089
101 1090
100 101
100 1091
100 1092
100 1093
99 100
99 1094
99 1095
99 1096
98 99
98 1097
98 1098
98 1099
97 98
97 1100
97 1101
97 1102
96 97
96 1103
96 1104
96 1105
95 96
95 1106
95 1107
95 1108
94 95
94 1109
94 1110
94 1111
93 94
93 1112
93 1113
93 1114
92 93
92 1115
92 1116
92 1117
91 92
91 1118
91 1119
91 1120
90 91
90 1121
90 1122
90 1123
89 90
89 1124
89 1125
89 1126
88 89
88 1127
88 1128
88 1129
87 88
87 1130
87 1131
87 1132
86 87
86 1133
86 1134
86 1135
85 86
85 1136
85 1137
85 1138
84 85
84 1139
84 1140
84 1141
83 84
83 1142
83 1143
83 1144
82 83
82 1145
82 1146
82 1147
81 82
81 1148
81 1149
81 1150
80 81
80 1151
80 1152
80 1153
79 80
79 1154
79 1155
79 1156
78 79
78 1157
78 1158
78 1159
77 78
77 1160
77 1161
77 1162
76 77
76 1163
76 1164
76 1165
75 76
75 1166
75 1167
75 1168
74 75
74 1169
74 1170
74 1171
73 74
73 1172
73 1173
73 1174
72 73
72 1175
72 1176
72 1177
71 72
71 1178
71 1179
71 1180
70 71
70 1181
70 1182
70 1183
69 70
69 1184
69 1185
69 1186
68 69
68 1187
68 1188
68 1189
67 68
67 1190
67 1191
67 1192
66 67
66 1193
66 1194
66 1195
65 66
65 1196
65 1197
65 1198
64 65
64 1199
64 1200
64 1201
63 64
63 1202
63 1203
63 1204
62 63
62 1205
62 1206
62 1207
61 62
61 1208
61 1209
61 1210
60 61
60 1211
60 1212
60 1213
59 60
59 1214
59 1215
59 1216
58 59
58 1217
58 1218
58 1219
57 58
57 1220
57 1221
57 1222
56 57
56 1223
56 1224
56 1225
55 56
55 1226
55 1227
55 1228
54 55
54 1229
54 1230
54 1231
53 54
53 1232
53 1233
53 1234
52 53
52 1235
52 1236
52 1237
51 52
51 1238
51 1239
51 1240
50 51
50 1241
50 1242
50 1243
49 50
49 1244
49 1245
49 1246
48 49
48 1247
48 1248
48 1249
47 48
47 1250
47 1251
47 1252
46 47
46 1253
46 1254
46 1255
45 46
45 1256
45 1257
45 1258
44 45
44 1259
44 1260
44 1261
43 44
43 1262
43 1263
43 1264
42 43
42 1265
42 1266
42 1267
41 42
41 1268
41 1269
41 1270
40 41
40 1271
40 1272
40 1273
39 40
39 1274
39 1275
39 1276
38 39
38 1277
38 1278
38 1279
37 38
37 1280
37 1281
37 1282
36 37
36 1283
36 1284
36 1285
35 36
35 1286
35 1287
35 1288
34 35
34 1289
34 1290
34 1291
33 34
33 1292
33 1293
33 1294
32 33
32 1295
32 1296
32 1297
31 32
31 1298
31 1299
31 1300
30 31
30 1301
30 1302
30 1303
29 30
29 1304
29 1305
29 1306
28 29
28 1307
28 1308
28 1309
27 28
27 1310
27 1311
27 1312
26 27
26 1313
26 1314
26 1315
25 26
25 1316
25 1317
25 1318
24 25
24 1319
24 1320
24 1321
23 24
23 1322
23 1323
23 1324
22 23
22 1325
22 1326
22 1327
21 22
21 1328
21 1329
21 1330
20 21
20 1331
20 1332
20 1333
19 20
19 1334
19 1335
19 1336
18 19
18 1337
18 1338
18 1339
17 18
17 1340
17 1341
17 1342
16 17
16 1343
16 1344
16 1345
15 16
15 1346
15 1347
15 1348
14 15
14 1349
14 1350
14 1351
13 14
13 1352
13 1353
13 1354
12 13
12 1355
12 1356
12 1357
11 12
11 1358
11 1359
11 1360
10 11
10 1361
10 1362
10 1363
9 10
9 1364
9 1365
9 1366
8 9
8 1367
8 1368
8 1369
7 8
7 1370
7 1371
7 1372
6 7
6 1373
6 1374
6 1375
5 6
5 1376
5 1377
5 1378
4 5
4 1379
4 1380
4 1381
3 4
3 1382
3 1383
3 1384
2 3
2 1385
2 1386
2 1387
1 2
1 1479
