1415 20881768
472 1
472 1388
472 1389
471 472
471 1390
471 1391
470 471
470 1392
470 1393
469 470
469 1394
469 1395
468 469
468 1396
468 1397
467 468
467 1398
467 1399
466 467
466 1400
466 1401
465 466
465 1402
465 1403
464 465
464 1404
464 1405
463 464
463 1406
463 1407
462 463
462 1408
462 1409
461 462
461 1410
461 1411
460 461
460 1412
460 1413
459 460
459 1414
459 1415
458 459
458 1416
458 1417
457 458
457 1418
457 1419
456 457
456 1420
456 1421
455 456
455 1422
455 1423
454 455
454 1424
454 1425
453 454
453 1426
453 1427
452 453
452 1428
452 1429
451 452
451 1430
451 1431
450 451
450 1432
450 1433
449 450
449 1434
449 1435
448 449
448 1436
448 1437
447 448
447 1438
447 1439
446 447
446 1440
446 1441
445 446
445 1442
445 1443
444 445
444 1444
444 1445
443 444
443 1446
443 1447
442 443
442 1448
442 1449
441 442
441 1450
441 1451
440 441
440 1452
440 1453
439 440
439 1454
439 1455
438 439
438 1456
438 1457
437 438
437 1458
437 1459
436 437
436 1460
436 1461
435 436
435 1462
435 1463
434 435
434 1464
434 1465
433 434
433 1466
433 1467
432 433
432 1468
432 1469
431 432
431 1470
431 1471
430 431
430 1472
430 1473
429 430
429 1474
429 1475
428 429
428 1476
428 1477
427 428
427 1478
427 1479
426 427
426 473
426 474
425 426
425 475
425 476
424 425
424 477
424 478
423 424
423 479
423 480
422 423
422 481
422 482
421 422
421 483
421 484
420 421
420 485
420 486
419 420
419 487
419 488
418 419
418 489
418 490
417 418
417 491
417 492
416 417
416 493
416 494
415 416
415 495
415 496
414 415
414 497
414 498
413 414
413 499
413 500
412 413
412 501
412 502
411 412
411 503
411 504
410 411
410 505
410 506
409 410
409 507
409 508
408 409
408 509
408 510
407 408
407 511
407 512
406 407
406 513
406 514
405 406
405 515
405 516
404 405
404 517
404 518
403 404
403 519
403 520
402 403
402 521
402 522
401 402
401 523
401 524
400 401
400 525
400 526
399 400
399 527
399 528
398 399
398 529
398 530
397 398
397 531
397 532
396 397
396 533
396 534
395 396
395 535
395 536
394 395
394 537
394 538
393 394
393 539
393 540
392 393
392 541
392 542
391 392
391 543
391 544
390 391
390 545
390 546
389 390
389 547
389 548
388 389
388 549
388 550
387 388
387 551
387 552
386 387
386 553
386 554
385 386
385 555
385 556
384 385
384 557
384 558
383 384
383 559
383 560
382 383
382 561
382 562
381 382
381 563
381 564
380 381
380 565
380 566
379 380
379 567
379 568
378 379
378 569
378 570
377 378
377 571
377 572
376 377
376 573
376 574
375 376
375 575
375 576
374 375
374 577
374 578
373 374
373 579
373 580
372 373
372 581
372 582
371 372
371 583
371 584
370 371
370 585
370 586
369 370
369 587
369 588
368 369
368 589
368 590
367 368
367 591
367 592
366 367
366 593
366 594
365 366
365 595
365 596
364 365
364 597
364 598
363 364
363 599
363 600
362 363
362 601
362 602
361 362
361 603
361 604
360 361
360 605
360 606
359 360
359 607
359 608
358 359
358 609
358 610
357 358
357 611
357 612
356 357
356 613
356 614
355 356
355 615
355 616
354 355
354 617
354 618
353 354
353 619
353 620
352 353
352 621
352 622
351 352
351 623
351 624
350 351
350 625
350 626
349 350
349 627
349 628
348 349
348 629
348 630
347 348
347 631
347 632
346 347
346 633
346 634
345 346
345 635
345 636
344 345
344 637
344 638
343 344
343 639
343 640
342 343
342 641
342 642
341 342
341 643
341 644
340 341
340 645
340 646
339 340
339 647
339 648
338 339
338 649
338 650
337 338
337 651
337 652
336 337
336 653
336 654
335 336
335 655
335 656
334 335
334 657
334 658
333 334
333 659
333 660
332 333
332 661
332 662
331 332
331 663
331 664
330 331
330 665
330 666
329 330
329 667
329 668
328 329
328 669
328 670
327 328
327 671
327 672
326 327
326 673
326 674
325 326
325 675
325 676
324 325
324 677
324 678
323 324
323 679
323 680
322 323
322 681
322 682
321 322
321 683
321 684
320 321
320 685
320 686
319 320
319 687
319 688
318 319
318 689
318 690
317 318
317 691
317 692
316 317
316 693
316 694
315 316
315 695
315 696
314 315
314 697
314 698
313 314
313 699
313 700
312 313
312 701
312 702
311 312
311 703
311 704
310 311
310 705
310 706
309 310
309 707
309 708
308 309
308 709
308 710
307 308
307 711
307 712
306 307
306 713
306 714
305 306
305 715
305 716
304 305
304 717
304 718
303 304
303 719
303 720
302 303
302 721
302 722
301 302
301 723
301 724
300 301
300 725
300 726
299 300
299 727
299 728
298 299
298 729
298 730
297 298
297 731
297 732
296 297
296 733
296 734
295 296
295 735
295 736
294 295
294 737
294 738
293 294
293 739
293 740
292 293
292 741
292 742
291 292
291 743
291 744
290 291
290 745
290 746
289 290
289 747
289 748
288 289
288 749
288 750
287 288
287 751
287 752
286 287
286 753
286 754
285 286
285 755
285 756
284 285
284 757
284 758
283 284
283 759
283 760
282 283
282 761
282 762
281 282
281 763
281 764
280 281
280 765
280 766
279 280
279 767
279 768
278 279
278 769
278 770
277 278
277 771
277 772
276 277
276 773
276 774
275 276
275 775
275 776
274 275
274 777
274 778
273 274
273 779
273 780
272 273
272 781
272 782
271 272
271 783
271 784
270 271
270 785
270 786
269 270
269 787
269 788
268 269
268 789
268 790
267 268
267 791
267 792
266 267
266 793
266 794
265 266
265 795
265 796
264 265
264 797
264 798
263 264
263 799
263 800
262 263
262 801
262 802
261 262
261 803
261 804
260 261
260 805
260 806
259 260
259 807
259 808
258 259
258 809
258 810
257 258
257 811
257 812
256 257
256 813
256 814
255 256
255 815
255 816
254 255
254 817
254 818
253 254
253 819
253 820
252 253
252 821
252 822
251 252
251 823
251 824
250 251
250 825
250 826
249 250
249 827
249 828
248 249
248 829
248 830
247 248
247 831
247 832
246 247
246 833
246 834
245 246
245 835
245 836
244 245
244 837
244 838
243 244
243 839
243 840
242 243
242 841
242 842
241 242
241 843
241 844
240 241
240 845
240 846
239 240
239 847
239 848
238 239
238 849
238 850
237 238
237 851
237 852
236 237
236 853
236 854
235 236
235 855
235 856
234 235
234 857
234 858
233 234
233 859
233 860
232 233
232 861
232 862
231 232
231 863
231 864
230 231
230 865
230 866
229 230
229 867
229 868
228 229
228 869
228 870
227 228
227 871
227 872
226 227
226 873
226 874
225 226
225 875
225 876
224 225
224 877
224 878
223 224
223 879
223 880
222 223
222 881
222 882
221 222
221 883
221 884
220 221
220 885
220 886
219 220
219 887
219 888
218 219
218 889
218 890
217 218
217 891
217 892
216 217
216 893
216 894
215 216
215 895
215 896
214 215
214 897
214 898
213 214
213 899
213 900
212 213
212 901
212 902
211 212
211 903
211 904
210 211
210 905
210 906
209 210
209 907
209 908
208 209
208 909
208 910
207 208
207 911
207 912
206 207
206 913
206 914
205 206
205 915
205 916
204 205
204 917
204 918
203 204
203 919
203 920
202 203
202 921
202 922
201 202
201 923
201 924
200 201
200 925
200 926
199 200
199 927
199 928
198 199
198 929
198 930
197 198
197 931
197 932
196 197
196 933
196 934
195 196
195 935
195 936
194 195
194 937
194 938
193 194
193 939
193 940
192 193
192 941
192 942
191 192
191 943
191 944
190 191
190 945
190 946
189 190
189 947
189 948
188 189
188 949
188 950
187 188
187 951
187 952
186 187
186 953
186 954
185 186
185 955
185 956
184 185
184 957
184 958
183 184
183 959
183 960
182 183
182 961
182 962
181 182
181 963
181 964
180 181
180 965
180 966
179 180
179 967
179 968
178 179
178 969
178 970
177 178
177 971
177 972
176 177
176 973
176 974
175 176
175 975
175 976
174 175
174 977
174 978
173 174
173 979
173 980
172 173
172 981
172 982
171 172
171 983
171 984
170 171
170 985
170 986
169 170
169 987
169 988
168 169
168 989
168 990
167 168
167 991
167 992
166 167
166 993
166 994
165 166
165 995
165 996
164 165
164 997
164 998
163 164
163 999
163 1000
162 163
162 1001
162 1002
161 162
161 1003
161 1004
160 161
160 1005
160 1006
159 160
159 1007
159 1008
158 159
158 1009
158 1010
157 158
157 1011
157 1012
156 157
156 1013
156 1014
155 156
155 1015
155 1016
154 155
154 1017
154 1018
153 154
153 1019
153 1020
152 153
152 1021
152 1022
151 152
151 1023
151 1024
150 151
150 1025
150 1026
149 150
149 1027
149 1028
148 149
148 1029
148 1030
147 148
147 1031
147 1032
146 147
146 1033
146 1034
145 146
145 1035
145 1036
144 145
144 1037
144 1038
143 144
143 1039
143 1040
142 143
142 1041
142 1042
141 142
141 1043
141 1044
140 141
140 1045
140 1046
139 140
139 1047
139 1048
138 139
138 1049
138 1050
137 138
137 1051
137 1052
136 137
136 1053
136 1054
135 136
135 1055
135 1056
134 135
134 1057
134 1058
133 134
133 1059
133 1060
132 133
132 1061
132 1062
131 132
131 1063
131 1064
130 131
130 1065
130 1066
129 130
129 1067
129 1068
128 129
128 1069
128 1070
127 128
127 1071
127 1072
126 127
126 1073
126 1074
125 126
125 1075
125 1076
124 125
124 1077
124 1078
123 124
123 1079
123 1080
122 123
122 1081
122 1082
121 122
121 1083
121 1084
120 121
120 1085
120 1086
119 120
119 1087
119 1088
118 119
118 1089
118 1090
117 118
117 1091
117 1092
116 117
116 1093
116 1094
115 116
115 1095
115 1096
114 115
114 1097
114 1098
113 114
113 1099
113 1100
112 113
112 1101
112 1102
111 112
111 1103
111 1104
110 111
110 1105
110 1106
109 110
109 1107
109 1108
108 109
108 1109
108 1110
107 108
107 1111
107 1112
106 107
106 1113
106 1114
105 106
105 1115
105 1116
104 105
104 1117
104 1118
103 104
103 1119
103 1120
102 103
102 1121
102 1122
101 102
101 1123
101 1124
100 101
100 1125
100 1126
99 100
99 1127
99 1128
98 99
98 1129
98 1130
97 98
97 1131
97 1132
96 97
96 1133
96 1134
95 96
95 1135
95 1136
94 95
94 1137
94 1138
93 94
93 1139
93 1140
92 93
92 1141
92 1142
91 92
91 1143
91 1144
90 91
90 1145
90 1146
89 90
89 1147
89 1148
88 89
88 1149
88 1150
87 88
87 1151
87 1152
86 87
86 1153
86 1154
85 86
85 1155
85 1156
84 85
84 1157
84 1158
83 84
83 1159
83 1160
82 83
82 1161
82 1162
81 82
81 1163
81 1164
80 81
80 1165
80 1166
79 80
79 1167
79 1168
78 79
78 1169
78 1170
77 78
77 1171
77 1172
76 77
76 1173
76 1174
75 76
75 1175
75 1176
74 75
74 1177
74 1178
73 74
73 1179
73 1180
72 73
72 1181
72 1182
71 72
71 1183
71 1184
70 71
70 1185
70 1186
69 70
69 1187
69 1188
68 69
68 1189
68 1190
67 68
67 1191
67 1192
66 67
66 1193
66 1194
65 66
65 1195
65 1196
64 65
64 1197
64 1198
63 64
63 1199
63 1200
62 63
62 1201
62 1202
61 62
61 1203
61 1204
60 61
60 1205
60 1206
59 60
59 1207
59 1208
58 59
58 1209
58 1210
57 58
57 1211
57 1212
56 57
56 1213
56 1214
55 56
55 1215
55 1216
54 55
54 1217
54 1218
53 54
53 1219
53 1220
52 53
52 1221
52 1222
51 52
51 1223
51 1224
50 51
50 1225
50 1226
49 50
49 1227
49 1228
48 49
48 1229
48 1230
47 48
47 1231
47 1232
46 47
46 1233
46 1234
45 46
45 1235
45 1236
44 45
44 1237
44 1238
43 44
43 1239
43 1240
42 43
42 1241
42 1242
41 42
41 1243
41 1244
40 41
40 1245
40 1246
39 40
39 1247
39 1248
38 39
38 1249
38 1250
37 38
37 1251
37 1252
36 37
36 1253
36 1254
35 36
35 1255
35 1256
34 35
34 1257
34 1258
33 34
33 1259
33 1260
32 33
32 1261
32 1262
31 32
31 1263
31 1264
30 31
30 1265
30 1266
29 30
29 1267
29 1268
28 29
28 1269
28 1270
27 28
27 1271
27 1272
26 27
26 1273
26 1274
25 26
25 1275
25 1276
24 25
24 1277
24 1278
23 24
23 1279
23 1280
22 23
22 1281
22 1282
21 22
21 1283
21 1284
20 21
20 1285
20 1286
19 20
19 1287
19 1288
18 19
18 1289
18 1290
17 18
17 1291
17 1292
16 17
16 1293
16 1294
15 16
15 1295
15 1296
14 15
14 1297
14 1298
13 14
13 1299
13 1300
12 13
12 1301
12 1302
11 12
11 1303
11 1304
10 11
10 1305
10 1306
9 10
9 1307
9 1308
8 9
8 1309
8 1310
7 8
7 1311
7 1312
6 7
6 1313
6 1314
5 6
5 1315
5 1316
4 5
4 1317
4 1318
3 4
3 1319
3 1320
2 3
2 1321
2 1322
1 2
1 1416
