1365 2381528
39 1
39 1323
39 1324
39 1325
39 1326
39 1327
39 1328
39 1329
39 1330
39 1331
39 1332
39 1333
39 1334
39 1335
39 1336
39 1337
39 1338
39 1339
39 1340
39 1341
39 1342
39 1343
39 1344
39 1345
39 1346
39 1347
39 1348
39 1349
39 1350
39 1351
39 1352
39 1353
39 1354
39 1355
39 1356
38 39
38 1357
38 1358
38 1359
38 1360
38 1361
38 1362
38 1363
38 1364
38 1365
38 1366
38 1367
38 1368
38 1369
38 1370
38 1371
38 1372
38 1373
38 1374
38 1375
38 1376
38 1377
38 1378
38 1379
38 1380
38 1381
38 1382
38 1383
38 1384
38 1385
38 1386
38 1387
38 1388
38 1389
38 1390
37 38
37 1391
37 1392
37 1393
37 1394
37 1395
37 1396
37 1397
37 1398
37 1399
37 1400
37 1401
37 1402
37 1403
37 1404
37 1405
37 1406
37 1407
37 1408
37 1409
37 1410
37 1411
37 1412
37 1413
37 1414
37 1415
37 1416
37 40
37 41
37 42
37 43
37 44
37 45
37 46
37 47
36 37
36 48
36 49
36 50
36 51
36 52
36 53
36 54
36 55
36 56
36 57
36 58
36 59
36 60
36 61
36 62
36 63
36 64
36 65
36 66
36 67
36 68
36 69
36 70
36 71
36 72
36 73
36 74
36 75
36 76
36 77
36 78
36 79
36 80
36 81
35 36
35 82
35 83
35 84
35 85
35 86
35 87
35 88
35 89
35 90
35 91
35 92
35 93
35 94
35 95
35 96
35 97
35 98
35 99
35 100
35 101
35 102
35 103
35 104
35 105
35 106
35 107
35 108
35 109
35 110
35 111
35 112
35 113
35 114
35 115
34 35
34 116
34 117
34 118
34 119
34 120
34 121
34 122
34 123
34 124
34 125
34 126
34 127
34 128
34 129
34 130
34 131
34 132
34 133
34 134
34 135
34 136
34 137
34 138
34 139
34 140
34 141
34 142
34 143
34 144
34 145
34 146
34 147
34 148
34 149
33 34
33 150
33 151
33 152
33 153
33 154
33 155
33 156
33 157
33 158
33 159
33 160
33 161
33 162
33 163
33 164
33 165
33 166
33 167
33 168
33 169
33 170
33 171
33 172
33 173
33 174
33 175
33 176
33 177
33 178
33 179
33 180
33 181
33 182
33 183
32 33
32 184
32 185
32 186
32 187
32 188
32 189
32 190
32 191
32 192
32 193
32 194
32 195
32 196
32 197
32 198
32 199
32 200
32 201
32 202
32 203
32 204
32 205
32 206
32 207
32 208
32 209
32 210
32 211
32 212
32 213
32 214
32 215
32 216
32 217
31 32
31 218
31 219
31 220
31 221
31 222
31 223
31 224
31 225
31 226
31 227
31 228
31 229
31 230
31 231
31 232
31 233
31 234
31 235
31 236
31 237
31 238
31 239
31 240
31 241
31 242
31 243
31 244
31 245
31 246
31 247
31 248
31 249
31 250
31 251
30 31
30 252
30 253
30 254
30 255
30 256
30 257
30 258
30 259
30 260
30 261
30 262
30 263
30 264
30 265
30 266
30 267
30 268
30 269
30 270
30 271
30 272
30 273
30 274
30 275
30 276
30 277
30 278
30 279
30 280
30 281
30 282
30 283
30 284
30 285
29 30
29 286
29 287
29 288
29 289
29 290
29 291
29 292
29 293
29 294
29 295
29 296
29 297
29 298
29 299
29 300
29 301
29 302
29 303
29 304
29 305
29 306
29 307
29 308
29 309
29 310
29 311
29 312
29 313
29 314
29 315
29 316
29 317
29 318
29 319
28 29
28 320
28 321
28 322
28 323
28 324
28 325
28 326
28 327
28 328
28 329
28 330
28 331
28 332
28 333
28 334
28 335
28 336
28 337
28 338
28 339
28 340
28 341
28 342
28 343
28 344
28 345
28 346
28 347
28 348
28 349
28 350
28 351
28 352
28 353
27 28
27 354
27 355
27 356
27 357
27 358
27 359
27 360
27 361
27 362
27 363
27 364
27 365
27 366
27 367
27 368
27 369
27 370
27 371
27 372
27 373
27 374
27 375
27 376
27 377
27 378
27 379
27 380
27 381
27 382
27 383
27 384
27 385
27 386
27 387
26 27
26 388
26 389
26 390
26 391
26 392
26 393
26 394
26 395
26 396
26 397
26 398
26 399
26 400
26 401
26 402
26 403
26 404
26 405
26 406
26 407
26 408
26 409
26 410
26 411
26 412
26 413
26 414
26 415
26 416
26 417
26 418
26 419
26 420
26 421
25 26
25 422
25 423
25 424
25 425
25 426
25 427
25 428
25 429
25 430
25 431
25 432
25 433
25 434
25 435
25 436
25 437
25 438
25 439
25 440
25 441
25 442
25 443
25 444
25 445
25 446
25 447
25 448
25 449
25 450
25 451
25 452
25 453
25 454
25 455
24 25
24 456
24 457
24 458
24 459
24 460
24 461
24 462
24 463
24 464
24 465
24 466
24 467
24 468
24 469
24 470
24 471
24 472
24 473
24 474
24 475
24 476
24 477
24 478
24 479
24 480
24 481
24 482
24 483
24 484
24 485
24 486
24 487
24 488
24 489
23 24
23 490
23 491
23 492
23 493
23 494
23 495
23 496
23 497
23 498
23 499
23 500
23 501
23 502
23 503
23 504
23 505
23 506
23 507
23 508
23 509
23 510
23 511
23 512
23 513
23 514
23 515
23 516
23 517
23 518
23 519
23 520
23 521
23 522
23 523
22 23
22 524
22 525
22 526
22 527
22 528
22 529
22 530
22 531
22 532
22 533
22 534
22 535
22 536
22 537
22 538
22 539
22 540
22 541
22 542
22 543
22 544
22 545
22 546
22 547
22 548
22 549
22 550
22 551
22 552
22 553
22 554
22 555
22 556
22 557
21 22
21 558
21 559
21 560
21 561
21 562
21 563
21 564
21 565
21 566
21 567
21 568
21 569
21 570
21 571
21 572
21 573
21 574
21 575
21 576
21 577
21 578
21 579
21 580
21 581
21 582
21 583
21 584
21 585
21 586
21 587
21 588
21 589
21 590
21 591
20 21
20 592
20 593
20 594
20 595
20 596
20 597
20 598
20 599
20 600
20 601
20 602
20 603
20 604
20 605
20 606
20 607
20 608
20 609
20 610
20 611
20 612
20 613
20 614
20 615
20 616
20 617
20 618
20 619
20 620
20 621
20 622
20 623
20 624
20 625
19 20
19 626
19 627
19 628
19 629
19 630
19 631
19 632
19 633
19 634
19 635
19 636
19 637
19 638
19 639
19 640
19 641
19 642
19 643
19 644
19 645
19 646
19 647
19 648
19 649
19 650
19 651
19 652
19 653
19 654
19 655
19 656
19 657
19 658
19 659
18 19
18 660
18 661
18 662
18 663
18 664
18 665
18 666
18 667
18 668
18 669
18 670
18 671
18 672
18 673
18 674
18 675
18 676
18 677
18 678
18 679
18 680
18 681
18 682
18 683
18 684
18 685
18 686
18 687
18 688
18 689
18 690
18 691
18 692
18 693
17 18
17 694
17 695
17 696
17 697
17 698
17 699
17 700
17 701
17 702
17 703
17 704
17 705
17 706
17 707
17 708
17 709
17 710
17 711
17 712
17 713
17 714
17 715
17 716
17 717
17 718
17 719
17 720
17 721
17 722
17 723
17 724
17 725
17 726
17 727
16 17
16 728
16 729
16 730
16 731
16 732
16 733
16 734
16 735
16 736
16 737
16 738
16 739
16 740
16 741
16 742
16 743
16 744
16 745
16 746
16 747
16 748
16 749
16 750
16 751
16 752
16 753
16 754
16 755
16 756
16 757
16 758
16 759
16 760
16 761
15 16
15 762
15 763
15 764
15 765
15 766
15 767
15 768
15 769
15 770
15 771
15 772
15 773
15 774
15 775
15 776
15 777
15 778
15 779
15 780
15 781
15 782
15 783
15 784
15 785
15 786
15 787
15 788
15 789
15 790
15 791
15 792
15 793
15 794
15 795
14 15
14 796
14 797
14 798
14 799
14 800
14 801
14 802
14 803
14 804
14 805
14 806
14 807
14 808
14 809
14 810
14 811
14 812
14 813
14 814
14 815
14 816
14 817
14 818
14 819
14 820
14 821
14 822
14 823
14 824
14 825
14 826
14 827
14 828
14 829
13 14
13 830
13 831
13 832
13 833
13 834
13 835
13 836
13 837
13 838
13 839
13 840
13 841
13 842
13 843
13 844
13 845
13 846
13 847
13 848
13 849
13 850
13 851
13 852
13 853
13 854
13 855
13 856
13 857
13 858
13 859
13 860
13 861
13 862
13 863
12 13
12 864
12 865
12 866
12 867
12 868
12 869
12 870
12 871
12 872
12 873
12 874
12 875
12 876
12 877
12 878
12 879
12 880
12 881
12 882
12 883
12 884
12 885
12 886
12 887
12 888
12 889
12 890
12 891
12 892
12 893
12 894
12 895
12 896
12 897
11 12
11 898
11 899
11 900
11 901
11 902
11 903
11 904
11 905
11 906
11 907
11 908
11 909
11 910
11 911
11 912
11 913
11 914
11 915
11 916
11 917
11 918
11 919
11 920
11 921
11 922
11 923
11 924
11 925
11 926
11 927
11 928
11 929
11 930
11 931
10 11
10 932
10 933
10 934
10 935
10 936
10 937
10 938
10 939
10 940
10 941
10 942
10 943
10 944
10 945
10 946
10 947
10 948
10 949
10 950
10 951
10 952
10 953
10 954
10 955
10 956
10 957
10 958
10 959
10 960
10 961
10 962
10 963
10 964
10 965
9 10
9 966
9 967
9 968
9 969
9 970
9 971
9 972
9 973
9 974
9 975
9 976
9 977
9 978
9 979
9 980
9 981
9 982
9 983
9 984
9 985
9 986
9 987
9 988
9 989
9 990
9 991
9 992
9 993
9 994
9 995
9 996
9 997
9 998
9 999
8 9
8 1000
8 1001
8 1002
8 1003
8 1004
8 1005
8 1006
8 1007
8 1008
8 1009
8 1010
8 1011
8 1012
8 1013
8 1014
8 1015
8 1016
8 1017
8 1018
8 1019
8 1020
8 1021
8 1022
8 1023
8 1024
8 1025
8 1026
8 1027
8 1028
8 1029
8 1030
8 1031
8 1032
8 1033
7 8
7 1034
7 1035
7 1036
7 1037
7 1038
7 1039
7 1040
7 1041
7 1042
7 1043
7 1044
7 1045
7 1046
7 1047
7 1048
7 1049
7 1050
7 1051
7 1052
7 1053
7 1054
7 1055
7 1056
7 1057
7 1058
7 1059
7 1060
7 1061
7 1062
7 1063
7 1064
7 1065
7 1066
7 1067
6 7
6 1068
6 1069
6 1070
6 1071
6 1072
6 1073
6 1074
6 1075
6 1076
6 1077
6 1078
6 1079
6 1080
6 1081
6 1082
6 1083
6 1084
6 1085
6 1086
6 1087
6 1088
6 1089
6 1090
6 1091
6 1092
6 1093
6 1094
6 1095
6 1096
6 1097
6 1098
6 1099
6 1100
6 1101
5 6
5 1102
5 1103
5 1104
5 1105
5 1106
5 1107
5 1108
5 1109
5 1110
5 1111
5 1112
5 1113
5 1114
5 1115
5 1116
5 1117
5 1118
5 1119
5 1120
5 1121
5 1122
5 1123
5 1124
5 1125
5 1126
5 1127
5 1128
5 1129
5 1130
5 1131
5 1132
5 1133
5 1134
5 1135
4 5
4 1136
4 1137
4 1138
4 1139
4 1140
4 1141
4 1142
4 1143
4 1144
4 1145
4 1146
4 1147
4 1148
4 1149
4 1150
4 1151
4 1152
4 1153
4 1154
4 1155
4 1156
4 1157
4 1158
4 1159
4 1160
4 1161
4 1162
4 1163
4 1164
4 1165
4 1166
4 1167
4 1168
4 1169
3 4
3 1170
3 1171
3 1172
3 1173
3 1174
3 1175
3 1176
3 1177
3 1178
3 1179
3 1180
3 1181
3 1182
3 1183
3 1184
3 1185
3 1186
3 1187
3 1188
3 1189
3 1190
3 1191
3 1192
3 1193
3 1194
3 1195
3 1196
3 1197
3 1198
3 1199
3 1200
3 1201
3 1202
3 1203
2 3
2 1204
2 1205
2 1206
2 1207
2 1208
2 1209
2 1210
2 1211
2 1212
2 1213
2 1214
2 1215
2 1216
2 1217
2 1218
2 1219
2 1220
2 1221
2 1222
2 1223
2 1224
2 1225
2 1226
2 1227
2 1228
2 1229
2 1230
2 1231
2 1232
2 1233
2 1234
2 1235
2 1236
2 1237
1 2
1 1238
1 1239
1 1240
1 1241
1 1242
1 1243
1 1244
1 1245
1 1246
1 1247
1 1248
1 1249
1 1250
1 1251
1 1252
1 1253
1 1254
1 1255
1 1256
1 1257
1 1258
1 1259
1 1260
1 1261
1 1262
1 1263
1 1264
1 1265
1 1266
1 1267
1 1268
1 1269
1 1270
1 1366
