1557 27375776
778 1
778 1271
777 778
777 1272
776 777
776 1273
775 776
775 1274
774 775
774 1275
773 774
773 1276
772 773
772 1277
771 772
771 1278
770 771
770 1279
769 770
769 1280
768 769
768 1281
767 768
767 1282
766 767
766 1283
765 766
765 1284
764 765
764 1285
763 764
763 1286
762 763
762 1287
761 762
761 1288
760 761
760 1289
759 760
759 1290
758 759
758 1291
757 758
757 1292
756 757
756 1293
755 756
755 1294
754 755
754 1295
753 754
753 1296
752 753
752 1297
751 752
751 1298
750 751
750 1299
749 750
749 1300
748 749
748 1301
747 748
747 1302
746 747
746 1303
745 746
745 1304
744 745
744 1305
743 744
743 1306
742 743
742 1307
741 742
741 1308
740 741
740 1309
739 740
739 1310
738 739
738 1311
737 738
737 1312
736 737
736 1313
735 736
735 1314
734 735
734 1315
733 734
733 1316
732 733
732 1317
731 732
731 1318
730 731
730 1319
729 730
729 1320
728 729
728 1321
727 728
727 1322
726 727
726 1323
725 726
725 1324
724 725
724 1325
723 724
723 1326
722 723
722 1327
721 722
721 1328
720 721
720 1329
719 720
719 1330
718 719
718 1331
717 718
717 1332
716 717
716 1333
715 716
715 1334
714 715
714 1335
713 714
713 1336
712 713
712 1337
711 712
711 1338
710 711
710 1339
709 710
709 1340
708 709
708 1341
707 708
707 1342
706 707
706 1343
705 706
705 1344
704 705
704 1345
703 704
703 1346
702 703
702 1347
701 702
701 1348
700 701
700 1349
699 700
699 1350
698 699
698 1351
697 698
697 1352
696 697
696 1353
695 696
695 1354
694 695
694 1355
693 694
693 1356
692 693
692 1357
691 692
691 1358
690 691
690 1359
689 690
689 1360
688 689
688 1361
687 688
687 1362
686 687
686 1363
685 686
685 1364
684 685
684 1365
683 684
683 1366
682 683
682 1445
681 682
681 1446
680 681
680 779
679 680
679 780
678 679
678 781
677 678
677 782
676 677
676 783
675 676
675 784
674 675
674 785
673 674
673 786
672 673
672 787
671 672
671 788
670 671
670 789
669 670
669 790
668 669
668 791
667 668
667 792
666 667
666 793
665 666
665 794
664 665
664 795
663 664
663 796
662 663
662 797
661 662
661 798
660 661
660 799
659 660
659 800
658 659
658 801
657 658
657 802
656 657
656 803
655 656
655 804
654 655
654 805
653 654
653 806
652 653
652 807
651 652
651 808
650 651
650 809
649 650
649 810
648 649
648 811
647 648
647 812
646 647
646 813
645 646
645 814
644 645
644 815
643 644
643 816
642 643
642 817
641 642
641 818
640 641
640 819
639 640
639 820
638 639
638 821
637 638
637 822
636 637
636 823
635 636
635 824
634 635
634 825
633 634
633 826
632 633
632 827
631 632
631 828
630 631
630 829
629 630
629 830
628 629
628 831
627 628
627 832
626 627
626 833
625 626
625 834
624 625
624 835
623 624
623 836
622 623
622 837
621 622
621 838
620 621
620 839
619 620
619 840
618 619
618 841
617 618
617 842
616 617
616 843
615 616
615 844
614 615
614 845
613 614
613 846
612 613
612 847
611 612
611 848
610 611
610 849
609 610
609 850
608 609
608 851
607 608
607 852
606 607
606 853
605 606
605 854
604 605
604 855
603 604
603 856
602 603
602 857
601 602
601 858
600 601
600 859
599 600
599 860
598 599
598 861
597 598
597 862
596 597
596 863
595 596
595 864
594 595
594 865
593 594
593 866
592 593
592 867
591 592
591 868
590 591
590 869
589 590
589 870
588 589
588 871
587 588
587 872
586 587
586 873
585 586
585 874
584 585
584 875
583 584
583 876
582 583
582 877
581 582
581 878
580 581
580 879
579 580
579 880
578 579
578 881
577 578
577 882
576 577
576 883
575 576
575 884
574 575
574 885
573 574
573 886
572 573
572 887
571 572
571 888
570 571
570 889
569 570
569 890
568 569
568 891
567 568
567 892
566 567
566 893
565 566
565 894
564 565
564 895
563 564
563 896
562 563
562 897
561 562
561 898
560 561
560 899
559 560
559 900
558 559
558 901
557 558
557 902
556 557
556 903
555 556
555 904
554 555
554 905
553 554
553 906
552 553
552 907
551 552
551 908
550 551
550 909
549 550
549 910
548 549
548 911
547 548
547 912
546 547
546 913
545 546
545 914
544 545
544 915
543 544
543 916
542 543
542 917
541 542
541 918
540 541
540 919
539 540
539 920
538 539
538 921
537 538
537 922
536 537
536 923
535 536
535 924
534 535
534 925
533 534
533 926
532 533
532 927
531 532
531 928
530 531
530 929
529 530
529 930
528 529
528 931
527 528
527 932
526 527
526 933
525 526
525 934
524 525
524 935
523 524
523 936
522 523
522 937
521 522
521 938
520 521
520 939
519 520
519 940
518 519
518 941
517 518
517 942
516 517
516 943
515 516
515 944
514 515
514 945
513 514
513 946
512 513
512 947
511 512
511 948
510 511
510 949
509 510
509 950
508 509
508 951
507 508
507 952
506 507
506 953
505 506
505 954
504 505
504 955
503 504
503 956
502 503
502 957
501 502
501 958
500 501
500 959
499 500
499 960
498 499
498 961
497 498
497 962
496 497
496 963
495 496
495 964
494 495
494 965
493 494
493 966
492 493
492 967
491 492
491 968
490 491
490 969
489 490
489 970
488 489
488 971
487 488
487 972
486 487
486 973
485 486
485 974
484 485
484 975
483 484
483 976
482 483
482 977
481 482
481 978
480 481
480 979
479 480
479 980
478 479
478 981
477 478
477 982
476 477
476 983
475 476
475 984
474 475
474 985
473 474
473 986
472 473
472 987
471 472
471 988
470 471
470 989
469 470
469 990
468 469
468 991
467 468
467 992
466 467
466 993
465 466
465 994
464 465
464 995
463 464
463 996
462 463
462 997
461 462
461 998
460 461
460 999
459 460
459 1000
458 459
458 1001
457 458
457 1002
456 457
456 1003
455 456
455 1004
454 455
454 1005
453 454
453 1006
452 453
452 1007
451 452
451 1008
450 451
450 1009
449 450
449 1010
448 449
448 1011
447 448
447 1012
446 447
446 1013
445 446
445 1014
444 445
444 1015
443 444
443 1016
442 443
442 1017
441 442
441 1018
440 441
440 1019
439 440
439 1020
438 439
438 1021
437 438
437 1022
436 437
436 1023
435 436
435 1024
434 435
434 1025
433 434
433 1026
432 433
432 1027
431 432
431 1028
430 431
430 1029
429 430
429 1030
428 429
428 1031
427 428
427 1032
426 427
426 1033
425 426
425 1034
424 425
424 1035
423 424
423 1036
422 423
422 1037
421 422
421 1038
420 421
420 1039
419 420
419 1040
418 419
418 1041
417 418
417 1042
416 417
416 1043
415 416
415 1044
414 415
414 1045
413 414
413 1046
412 413
412 1047
411 412
411 1048
410 411
410 1049
409 410
409 1050
408 409
408 1051
407 408
407 1052
406 407
406 1053
405 406
405 1054
404 405
404 1055
403 404
403 1056
402 403
402 1057
401 402
401 1058
400 401
400 1059
399 400
399 1060
398 399
398 1061
397 398
397 1062
396 397
396 1063
395 396
395 1064
394 395
394 1065
393 394
393 1066
392 393
392 1067
391 392
391 1068
390 391
390 1069
389 390
389 1070
388 389
388 1071
387 388
387 1072
386 387
386 1073
385 386
385 1074
384 385
384 1075
383 384
383 1076
382 383
382 1077
381 382
381 1078
380 381
380 1079
379 380
379 1080
378 379
378 1081
377 378
377 1082
376 377
376 1083
375 376
375 1084
374 375
374 1085
373 374
373 1086
372 373
372 1087
371 372
371 1088
370 371
370 1089
369 370
369 1090
368 369
368 1091
367 368
367 1092
366 367
366 1093
365 366
365 1094
364 365
364 1095
363 364
363 1096
362 363
362 1097
361 362
361 1098
360 361
360 1099
359 360
359 1100
358 359
358 1101
357 358
357 1102
356 357
356 1103
355 356
355 1104
354 355
354 1105
353 354
353 1106
352 353
352 1107
351 352
351 1108
350 351
350 1109
349 350
349 1110
348 349
348 1111
347 348
347 1112
346 347
346 1113
345 346
345 1114
344 345
344 1115
343 344
343 1116
342 343
342 1117
341 342
341 1118
340 341
340 1119
339 340
339 1120
338 339
338 1121
337 338
337 1122
336 337
336 1123
335 336
335 1124
334 335
334 1125
333 334
333 1126
332 333
332 1127
331 332
331 1128
330 331
330 1129
329 330
329 1130
328 329
328 1131
327 328
327 1132
326 327
326 1133
325 326
325 1134
324 325
324 1135
323 324
323 1136
322 323
322 1137
321 322
321 1138
320 321
320 1139
319 320
319 1140
318 319
318 1141
317 318
317 1142
316 317
316 1143
315 316
315 1144
314 315
314 1145
313 314
313 1146
312 313
312 1147
311 312
311 1148
310 311
310 1149
309 310
309 1150
308 309
308 1151
307 308
307 1152
306 307
306 1153
305 306
305 1154
304 305
304 1155
303 304
303 1156
302 303
302 1157
301 302
301 1158
300 301
300 1159
299 300
299 1160
298 299
298 1161
297 298
297 1162
296 297
296 1163
295 296
295 1164
294 295
294 1165
293 294
293 1166
292 293
292 1167
291 292
291 1168
290 291
290 1169
289 290
289 1170
288 289
288 1171
287 288
287 1172
286 287
286 1173
285 286
285 1174
284 285
284 1175
283 284
283 1176
282 283
282 1177
281 282
281 1178
280 281
280 1179
279 280
279 1180
278 279
278 1181
277 278
277 1182
276 277
276 1183
275 276
275 1184
274 275
274 1185
273 274
273 1186
272 273
272 1187
271 272
271 1188
270 271
270 1189
269 270
269 1190
268 269
268 1191
267 268
267 1192
266 267
266 1193
265 266
265 1194
264 265
264 1195
263 264
263 1196
262 263
262 1197
261 262
261 1198
260 261
260 1199
259 260
259 1200
258 259
258 1201
257 258
257 1202
256 257
256 1203
255 256
255 1204
254 255
254 1205
253 254
253 1206
252 253
252 1207
251 252
251 1208
250 251
250 1209
249 250
249 1210
248 249
248 1211
247 248
247 1212
246 247
246 1213
245 246
245 1214
244 245
244 1215
243 244
243 1216
242 243
242 1217
241 242
241 1218
240 241
240 1219
239 240
239 1220
238 239
238 1221
237 238
237 1222
236 237
236 1223
235 236
235 1224
234 235
234 1225
233 234
233 1226
232 233
232 1227
231 232
231 1228
230 231
230 1229
229 230
229 1230
228 229
228 1231
227 228
227 1232
226 227
226 1233
225 226
225 1234
224 225
224 1235
223 224
223 1236
222 223
222 1237
221 222
221 1238
220 221
220 1239
219 220
219 1240
218 219
218 1241
217 218
217 1242
216 217
216 1243
215 216
215 1244
214 215
214 1245
213 214
213 1246
212 213
212 1247
211 212
211 1248
210 211
210 1249
209 210
209 1250
208 209
208 1251
207 208
207 1252
206 207
206 1253
205 206
205 1254
204 205
204 1255
203 204
203 1256
202 203
202 1257
201 202
201 1258
200 201
200 1259
199 200
199 1260
198 199
198 1261
197 198
197 1262
196 197
196 1263
195 196
195 1264
194 195
194 1265
193 194
193 1266
192 193
192 1267
191 192
191 1268
190 191
190 1269
189 190
189 1270
188 189
188 1271
187 188
187 1272
186 187
186 1273
185 186
185 1274
184 185
184 1275
183 184
183 1276
182 183
182 1277
181 182
181 1278
180 181
180 1279
179 180
179 1280
178 179
178 1281
177 178
177 1282
176 177
176 1283
175 176
175 1284
174 175
174 1285
173 174
173 1286
172 173
172 1287
171 172
171 1288
170 171
170 1289
169 170
169 1290
168 169
168 1291
167 168
167 1292
166 167
166 1293
165 166
165 1294
164 165
164 1295
163 164
163 1296
162 163
162 1297
161 162
161 1298
160 161
160 1299
159 160
159 1300
158 159
158 1301
157 158
157 1302
156 157
156 1303
155 156
155 1304
154 155
154 1305
153 154
153 1306
152 153
152 1307
151 152
151 1308
150 151
150 1309
149 150
149 1310
148 149
148 1311
147 148
147 1312
146 147
146 1313
145 146
145 1314
144 145
144 1315
143 144
143 1316
142 143
142 1317
141 142
141 1318
140 141
140 1319
139 140
139 1320
138 139
138 1321
137 138
137 1322
136 137
136 1323
135 136
135 1324
134 135
134 1325
133 134
133 1326
132 133
132 1327
131 132
131 1328
130 131
130 1329
129 130
129 1330
128 129
128 1331
127 128
127 1332
126 127
126 1333
125 126
125 1334
124 125
124 1335
123 124
123 1336
122 123
122 1337
121 122
121 1338
120 121
120 1339
119 120
119 1340
118 119
118 1341
117 118
117 1342
116 117
116 1343
115 116
115 1344
114 115
114 1345
113 114
113 1346
112 113
112 1347
111 112
111 1348
110 111
110 1349
109 110
109 1350
108 109
108 1351
107 108
107 1352
106 107
106 1353
105 106
105 1354
104 105
104 1355
103 104
103 1356
102 103
102 1357
101 102
101 1358
100 101
100 1359
99 100
99 1360
98 99
98 1361
97 98
97 1362
96 97
96 1363
95 96
95 1364
94 95
94 1365
93 94
93 1366
92 93
92 1367
91 92
91 1368
90 91
90 1369
89 90
89 1370
88 89
88 1371
87 88
87 1372
86 87
86 1373
85 86
85 1374
84 85
84 1375
83 84
83 1376
82 83
82 1377
81 82
81 1378
80 81
80 1379
79 80
79 1380
78 79
78 1381
77 78
77 1382
76 77
76 1383
75 76
75 1384
74 75
74 1385
73 74
73 1386
72 73
72 1387
71 72
71 1388
70 71
70 1389
69 70
69 1390
68 69
68 1391
67 68
67 1392
66 67
66 1393
65 66
65 1394
64 65
64 1395
63 64
63 1396
62 63
62 1397
61 62
61 1398
60 61
60 1399
59 60
59 1400
58 59
58 1401
57 58
57 1402
56 57
56 1403
55 56
55 1404
54 55
54 1405
53 54
53 1406
52 53
52 1407
51 52
51 1408
50 51
50 1409
49 50
49 1410
48 49
48 1411
47 48
47 1412
46 47
46 1413
45 46
45 1414
44 45
44 1415
43 44
43 1416
42 43
42 1417
41 42
41 1418
40 41
40 1419
39 40
39 1420
38 39
38 1421
37 38
37 1422
36 37
36 1423
35 36
35 1424
34 35
34 1425
33 34
33 1426
32 33
32 1427
31 32
31 1428
30 31
30 1429
29 30
29 1430
28 29
28 1431
27 28
27 1432
26 27
26 1433
25 26
25 1434
24 25
24 1435
23 24
23 1436
22 23
22 1437
21 22
21 1438
20 21
20 1439
19 20
19 1440
18 19
18 1441
17 18
17 1442
16 17
16 1443
15 16
15 1444
14 15
14 1445
13 14
13 1446
12 13
12 1447
11 12
11 1448
10 11
10 1449
9 10
9 1450
8 9
8 1451
7 8
7 1452
6 7
6 1453
5 6
5 1454
4 5
4 1455
3 4
3 1456
2 3
2 1457
1 2
1 1458
1 1558
