1505 26313135
502 1
502 1459
502 1460
501 502
501 1461
501 1462
500 501
500 1463
500 1464
499 500
499 1465
499 1466
498 499
498 1467
498 1468
497 498
497 1469
497 1470
496 497
496 1471
496 1472
495 496
495 1473
495 1474
494 495
494 1475
494 1476
493 494
493 1477
493 1478
492 493
492 1479
492 1480
491 492
491 1481
491 1482
490 491
490 1483
490 1484
489 490
489 1485
489 1486
488 489
488 1487
488 1488
487 488
487 1489
487 1490
486 487
486 1491
486 1492
485 486
485 1493
485 1494
484 485
484 1495
484 1496
483 484
483 1497
483 1498
482 483
482 1499
482 1500
481 482
481 1501
481 1502
480 481
480 1503
480 1504
479 480
479 1505
479 1506
478 479
478 1507
478 1508
477 478
477 1509
477 1510
476 477
476 1511
476 1512
475 476
475 1513
475 1514
474 475
474 1515
474 1516
473 474
473 1517
473 1518
472 473
472 1519
472 1520
471 472
471 1521
471 1522
470 471
470 1523
470 1524
469 470
469 1525
469 1526
468 469
468 1527
468 1528
467 468
467 1529
467 1530
466 467
466 1531
466 1532
465 466
465 1533
465 1534
464 465
464 1535
464 1536
463 464
463 1537
463 1538
462 463
462 1539
462 1540
461 462
461 1541
461 1542
460 461
460 1543
460 1544
459 460
459 1545
459 1546
458 459
458 1547
458 1548
457 458
457 1549
457 1550
456 457
456 1551
456 1552
455 456
455 1553
455 1554
454 455
454 1555
454 1556
453 454
453 1557
453 1558
452 453
452 503
452 504
451 452
451 505
451 506
450 451
450 507
450 508
449 450
449 509
449 510
448 449
448 511
448 512
447 448
447 513
447 514
446 447
446 515
446 516
445 446
445 517
445 518
444 445
444 519
444 520
443 444
443 521
443 522
442 443
442 523
442 524
441 442
441 525
441 526
440 441
440 527
440 528
439 440
439 529
439 530
438 439
438 531
438 532
437 438
437 533
437 534
436 437
436 535
436 536
435 436
435 537
435 538
434 435
434 539
434 540
433 434
433 541
433 542
432 433
432 543
432 544
431 432
431 545
431 546
430 431
430 547
430 548
429 430
429 549
429 550
428 429
428 551
428 552
427 428
427 553
427 554
426 427
426 555
426 556
425 426
425 557
425 558
424 425
424 559
424 560
423 424
423 561
423 562
422 423
422 563
422 564
421 422
421 565
421 566
420 421
420 567
420 568
419 420
419 569
419 570
418 419
418 571
418 572
417 418
417 573
417 574
416 417
416 575
416 576
415 416
415 577
415 578
414 415
414 579
414 580
413 414
413 581
413 582
412 413
412 583
412 584
411 412
411 585
411 586
410 411
410 587
410 588
409 410
409 589
409 590
408 409
408 591
408 592
407 408
407 593
407 594
406 407
406 595
406 596
405 406
405 597
405 598
404 405
404 599
404 600
403 404
403 601
403 602
402 403
402 603
402 604
401 402
401 605
401 606
400 401
400 607
400 608
399 400
399 609
399 610
398 399
398 611
398 612
397 398
397 613
397 614
396 397
396 615
396 616
395 396
395 617
395 618
394 395
394 619
394 620
393 394
393 621
393 622
392 393
392 623
392 624
391 392
391 625
391 626
390 391
390 627
390 628
389 390
389 629
389 630
388 389
388 631
388 632
387 388
387 633
387 634
386 387
386 635
386 636
385 386
385 637
385 638
384 385
384 639
384 640
383 384
383 641
383 642
382 383
382 643
382 644
381 382
381 645
381 646
380 381
380 647
380 648
379 380
379 649
379 650
378 379
378 651
378 652
377 378
377 653
377 654
376 377
376 655
376 656
375 376
375 657
375 658
374 375
374 659
374 660
373 374
373 661
373 662
372 373
372 663
372 664
371 372
371 665
371 666
370 371
370 667
370 668
369 370
369 669
369 670
368 369
368 671
368 672
367 368
367 673
367 674
366 367
366 675
366 676
365 366
365 677
365 678
364 365
364 679
364 680
363 364
363 681
363 682
362 363
362 683
362 684
361 362
361 685
361 686
360 361
360 687
360 688
359 360
359 689
359 690
358 359
358 691
358 692
357 358
357 693
357 694
356 357
356 695
356 696
355 356
355 697
355 698
354 355
354 699
354 700
353 354
353 701
353 702
352 353
352 703
352 704
351 352
351 705
351 706
350 351
350 707
350 708
349 350
349 709
349 710
348 349
348 711
348 712
347 348
347 713
347 714
346 347
346 715
346 716
345 346
345 717
345 718
344 345
344 719
344 720
343 344
343 721
343 722
342 343
342 723
342 724
341 342
341 725
341 726
340 341
340 727
340 728
339 340
339 729
339 730
338 339
338 731
338 732
337 338
337 733
337 734
336 337
336 735
336 736
335 336
335 737
335 738
334 335
334 739
334 740
333 334
333 741
333 742
332 333
332 743
332 744
331 332
331 745
331 746
330 331
330 747
330 748
329 330
329 749
329 750
328 329
328 751
328 752
327 328
327 753
327 754
326 327
326 755
326 756
325 326
325 757
325 758
324 325
324 759
324 760
323 324
323 761
323 762
322 323
322 763
322 764
321 322
321 765
321 766
320 321
320 767
320 768
319 320
319 769
319 770
318 319
318 771
318 772
317 318
317 773
317 774
316 317
316 775
316 776
315 316
315 777
315 778
314 315
314 779
314 780
313 314
313 781
313 782
312 313
312 783
312 784
311 312
311 785
311 786
310 311
310 787
310 788
309 310
309 789
309 790
308 309
308 791
308 792
307 308
307 793
307 794
306 307
306 795
306 796
305 306
305 797
305 798
304 305
304 799
304 800
303 304
303 801
303 802
302 303
302 803
302 804
301 302
301 805
301 806
300 301
300 807
300 808
299 300
299 809
299 810
298 299
298 811
298 812
297 298
297 813
297 814
296 297
296 815
296 816
295 296
295 817
295 818
294 295
294 819
294 820
293 294
293 821
293 822
292 293
292 823
292 824
291 292
291 825
291 826
290 291
290 827
290 828
289 290
289 829
289 830
288 289
288 831
288 832
287 288
287 833
287 834
286 287
286 835
286 836
285 286
285 837
285 838
284 285
284 839
284 840
283 284
283 841
283 842
282 283
282 843
282 844
281 282
281 845
281 846
280 281
280 847
280 848
279 280
279 849
279 850
278 279
278 851
278 852
277 278
277 853
277 854
276 277
276 855
276 856
275 276
275 857
275 858
274 275
274 859
274 860
273 274
273 861
273 862
272 273
272 863
272 864
271 272
271 865
271 866
270 271
270 867
270 868
269 270
269 869
269 870
268 269
268 871
268 872
267 268
267 873
267 874
266 267
266 875
266 876
265 266
265 877
265 878
264 265
264 879
264 880
263 264
263 881
263 882
262 263
262 883
262 884
261 262
261 885
261 886
260 261
260 887
260 888
259 260
259 889
259 890
258 259
258 891
258 892
257 258
257 893
257 894
256 257
256 895
256 896
255 256
255 897
255 898
254 255
254 899
254 900
253 254
253 901
253 902
252 253
252 903
252 904
251 252
251 905
251 906
250 251
250 907
250 908
249 250
249 909
249 910
248 249
248 911
248 912
247 248
247 913
247 914
246 247
246 915
246 916
245 246
245 917
245 918
244 245
244 919
244 920
243 244
243 921
243 922
242 243
242 923
242 924
241 242
241 925
241 926
240 241
240 927
240 928
239 240
239 929
239 930
238 239
238 931
238 932
237 238
237 933
237 934
236 237
236 935
236 936
235 236
235 937
235 938
234 235
234 939
234 940
233 234
233 941
233 942
232 233
232 943
232 944
231 232
231 945
231 946
230 231
230 947
230 948
229 230
229 949
229 950
228 229
228 951
228 952
227 228
227 953
227 954
226 227
226 955
226 956
225 226
225 957
225 958
224 225
224 959
224 960
223 224
223 961
223 962
222 223
222 963
222 964
221 222
221 965
221 966
220 221
220 967
220 968
219 220
219 969
219 970
218 219
218 971
218 972
217 218
217 973
217 974
216 217
216 975
216 976
215 216
215 977
215 978
214 215
214 979
214 980
213 214
213 981
213 982
212 213
212 983
212 984
211 212
211 985
211 986
210 211
210 987
210 988
209 210
209 989
209 990
208 209
208 991
208 992
207 208
207 993
207 994
206 207
206 995
206 996
205 206
205 997
205 998
204 205
204 999
204 1000
203 204
203 1001
203 1002
202 203
202 1003
202 1004
201 202
201 1005
201 1006
200 201
200 1007
200 1008
199 200
199 1009
199 1010
198 199
198 1011
198 1012
197 198
197 1013
197 1014
196 197
196 1015
196 1016
195 196
195 1017
195 1018
194 195
194 1019
194 1020
193 194
193 1021
193 1022
192 193
192 1023
192 1024
191 192
191 1025
191 1026
190 191
190 1027
190 1028
189 190
189 1029
189 1030
188 189
188 1031
188 1032
187 188
187 1033
187 1034
186 187
186 1035
186 1036
185 186
185 1037
185 1038
184 185
184 1039
184 1040
183 184
183 1041
183 1042
182 183
182 1043
182 1044
181 182
181 1045
181 1046
180 181
180 1047
180 1048
179 180
179 1049
179 1050
178 179
178 1051
178 1052
177 178
177 1053
177 1054
176 177
176 1055
176 1056
175 176
175 1057
175 1058
174 175
174 1059
174 1060
173 174
173 1061
173 1062
172 173
172 1063
172 1064
171 172
171 1065
171 1066
170 171
170 1067
170 1068
169 170
169 1069
169 1070
168 169
168 1071
168 1072
167 168
167 1073
167 1074
166 167
166 1075
166 1076
165 166
165 1077
165 1078
164 165
164 1079
164 1080
163 164
163 1081
163 1082
162 163
162 1083
162 1084
161 162
161 1085
161 1086
160 161
160 1087
160 1088
159 160
159 1089
159 1090
158 159
158 1091
158 1092
157 158
157 1093
157 1094
156 157
156 1095
156 1096
155 156
155 1097
155 1098
154 155
154 1099
154 1100
153 154
153 1101
153 1102
152 153
152 1103
152 1104
151 152
151 1105
151 1106
150 151
150 1107
150 1108
149 150
149 1109
149 1110
148 149
148 1111
148 1112
147 148
147 1113
147 1114
146 147
146 1115
146 1116
145 146
145 1117
145 1118
144 145
144 1119
144 1120
143 144
143 1121
143 1122
142 143
142 1123
142 1124
141 142
141 1125
141 1126
140 141
140 1127
140 1128
139 140
139 1129
139 1130
138 139
138 1131
138 1132
137 138
137 1133
137 1134
136 137
136 1135
136 1136
135 136
135 1137
135 1138
134 135
134 1139
134 1140
133 134
133 1141
133 1142
132 133
132 1143
132 1144
131 132
131 1145
131 1146
130 131
130 1147
130 1148
129 130
129 1149
129 1150
128 129
128 1151
128 1152
127 128
127 1153
127 1154
126 127
126 1155
126 1156
125 126
125 1157
125 1158
124 125
124 1159
124 1160
123 124
123 1161
123 1162
122 123
122 1163
122 1164
121 122
121 1165
121 1166
120 121
120 1167
120 1168
119 120
119 1169
119 1170
118 119
118 1171
118 1172
117 118
117 1173
117 1174
116 117
116 1175
116 1176
115 116
115 1177
115 1178
114 115
114 1179
114 1180
113 114
113 1181
113 1182
112 113
112 1183
112 1184
111 112
111 1185
111 1186
110 111
110 1187
110 1188
109 110
109 1189
109 1190
108 109
108 1191
108 1192
107 108
107 1193
107 1194
106 107
106 1195
106 1196
105 106
105 1197
105 1198
104 105
104 1199
104 1200
103 104
103 1201
103 1202
102 103
102 1203
102 1204
101 102
101 1205
101 1206
100 101
100 1207
100 1208
99 100
99 1209
99 1210
98 99
98 1211
98 1212
97 98
97 1213
97 1214
96 97
96 1215
96 1216
95 96
95 1217
95 1218
94 95
94 1219
94 1220
93 94
93 1221
93 1222
92 93
92 1223
92 1224
91 92
91 1225
91 1226
90 91
90 1227
90 1228
89 90
89 1229
89 1230
88 89
88 1231
88 1232
87 88
87 1233
87 1234
86 87
86 1235
86 1236
85 86
85 1237
85 1238
84 85
84 1239
84 1240
83 84
83 1241
83 1242
82 83
82 1243
82 1244
81 82
81 1245
81 1246
80 81
80 1247
80 1248
79 80
79 1249
79 1250
78 79
78 1251
78 1252
77 78
77 1253
77 1254
76 77
76 1255
76 1256
75 76
75 1257
75 1258
74 75
74 1259
74 1260
73 74
73 1261
73 1262
72 73
72 1263
72 1264
71 72
71 1265
71 1266
70 71
70 1267
70 1268
69 70
69 1269
69 1270
68 69
68 1271
68 1272
67 68
67 1273
67 1274
66 67
66 1275
66 1276
65 66
65 1277
65 1278
64 65
64 1279
64 1280
63 64
63 1281
63 1282
62 63
62 1283
62 1284
61 62
61 1285
61 1286
60 61
60 1287
60 1288
59 60
59 1289
59 1290
58 59
58 1291
58 1292
57 58
57 1293
57 1294
56 57
56 1295
56 1296
55 56
55 1297
55 1298
54 55
54 1299
54 1300
53 54
53 1301
53 1302
52 53
52 1303
52 1304
51 52
51 1305
51 1306
50 51
50 1307
50 1308
49 50
49 1309
49 1310
48 49
48 1311
48 1312
47 48
47 1313
47 1314
46 47
46 1315
46 1316
45 46
45 1317
45 1318
44 45
44 1319
44 1320
43 44
43 1321
43 1322
42 43
42 1323
42 1324
41 42
41 1325
41 1326
40 41
40 1327
40 1328
39 40
39 1329
39 1330
38 39
38 1331
38 1332
37 38
37 1333
37 1334
36 37
36 1335
36 1336
35 36
35 1337
35 1338
34 35
34 1339
34 1340
33 34
33 1341
33 1342
32 33
32 1343
32 1344
31 32
31 1345
31 1346
30 31
30 1347
30 1348
29 30
29 1349
29 1350
28 29
28 1351
28 1352
27 28
27 1353
27 1354
26 27
26 1355
26 1356
25 26
25 1357
25 1358
24 25
24 1359
24 1360
23 24
23 1361
23 1362
22 23
22 1363
22 1364
21 22
21 1365
21 1366
20 21
20 1367
20 1368
19 20
19 1369
19 1370
18 19
18 1371
18 1372
17 18
17 1373
17 1374
16 17
16 1375
16 1376
15 16
15 1377
15 1378
14 15
14 1379
14 1380
13 14
13 1381
13 1382
12 13
12 1383
12 1384
11 12
11 1385
11 1386
10 11
10 1387
10 1388
9 10
9 1389
9 1390
8 9
8 1391
8 1392
7 8
7 1393
7 1394
6 7
6 1395
6 1396
5 6
5 1397
5 1398
4 5
4 1399
4 1400
3 4
3 1401
3 1402
2 3
2 1403
2 1404
1 2
1 1506
