1501 30324390
750 1
750 1405
749 750
749 1406
748 749
748 1407
747 748
747 1408
746 747
746 1409
745 746
745 1410
744 745
744 1411
743 744
743 1412
742 743
742 1413
741 742
741 1414
740 741
740 1415
739 740
739 1416
738 739
738 1417
737 738
737 1418
736 737
736 1419
735 736
735 1420
734 735
734 1421
733 734
733 1422
732 733
732 1423
731 732
731 1424
730 731
730 1425
729 730
729 1426
728 729
728 1427
727 728
727 1428
726 727
726 1429
725 726
725 1430
724 725
724 1431
723 724
723 1432
722 723
722 1433
721 722
721 1434
720 721
720 1435
719 720
719 1436
718 719
718 1437
717 718
717 1438
716 717
716 1439
715 716
715 1440
714 715
714 1441
713 714
713 1442
712 713
712 1443
711 712
711 1444
710 711
710 1445
709 710
709 1446
708 709
708 1447
707 708
707 1448
706 707
706 1449
705 706
705 1450
704 705
704 1451
703 704
703 1452
702 703
702 1453
701 702
701 1454
700 701
700 1455
699 700
699 1456
698 699
698 1457
697 698
697 1458
696 697
696 1459
695 696
695 1460
694 695
694 1461
693 694
693 1462
692 693
692 1463
691 692
691 1464
690 691
690 1465
689 690
689 1466
688 689
688 1467
687 688
687 1468
686 687
686 1469
685 686
685 1470
684 685
684 1471
683 684
683 1472
682 683
682 1473
681 682
681 1474
680 681
680 1475
679 680
679 1476
678 679
678 1477
677 678
677 1478
676 677
676 1479
675 676
675 1480
674 675
674 1481
673 674
673 1482
672 673
672 1483
671 672
671 1484
670 671
670 1485
669 670
669 1486
668 669
668 1487
667 668
667 1488
666 667
666 1489
665 666
665 1490
664 665
664 1491
663 664
663 1492
662 663
662 1493
661 662
661 1494
660 661
660 1495
659 660
659 1496
658 659
658 1497
657 658
657 1498
656 657
656 1499
655 656
655 1500
654 655
654 1501
653 654
653 1502
652 653
652 1503
651 652
651 1504
650 651
650 1505
649 650
649 1506
648 649
648 751
647 648
647 752
646 647
646 753
645 646
645 754
644 645
644 755
643 644
643 756
642 643
642 757
641 642
641 758
640 641
640 759
639 640
639 760
638 639
638 761
637 638
637 762
636 637
636 763
635 636
635 764
634 635
634 765
633 634
633 766
632 633
632 767
631 632
631 768
630 631
630 769
629 630
629 770
628 629
628 771
627 628
627 772
626 627
626 773
625 626
625 774
624 625
624 775
623 624
623 776
622 623
622 777
621 622
621 778
620 621
620 779
619 620
619 780
618 619
618 781
617 618
617 782
616 617
616 783
615 616
615 784
614 615
614 785
613 614
613 786
612 613
612 787
611 612
611 788
610 611
610 789
609 610
609 790
608 609
608 791
607 608
607 792
606 607
606 793
605 606
605 794
604 605
604 795
603 604
603 796
602 603
602 797
601 602
601 798
600 601
600 799
599 600
599 800
598 599
598 801
597 598
597 802
596 597
596 803
595 596
595 804
594 595
594 805
593 594
593 806
592 593
592 807
591 592
591 808
590 591
590 809
589 590
589 810
588 589
588 811
587 588
587 812
586 587
586 813
585 586
585 814
584 585
584 815
583 584
583 816
582 583
582 817
581 582
581 818
580 581
580 819
579 580
579 820
578 579
578 821
577 578
577 822
576 577
576 823
575 576
575 824
574 575
574 825
573 574
573 826
572 573
572 827
571 572
571 828
570 571
570 829
569 570
569 830
568 569
568 831
567 568
567 832
566 567
566 833
565 566
565 834
564 565
564 835
563 564
563 836
562 563
562 837
561 562
561 838
560 561
560 839
559 560
559 840
558 559
558 841
557 558
557 842
556 557
556 843
555 556
555 844
554 555
554 845
553 554
553 846
552 553
552 847
551 552
551 848
550 551
550 849
549 550
549 850
548 549
548 851
547 548
547 852
546 547
546 853
545 546
545 854
544 545
544 855
543 544
543 856
542 543
542 857
541 542
541 858
540 541
540 859
539 540
539 860
538 539
538 861
537 538
537 862
536 537
536 863
535 536
535 864
534 535
534 865
533 534
533 866
532 533
532 867
531 532
531 868
530 531
530 869
529 530
529 870
528 529
528 871
527 528
527 872
526 527
526 873
525 526
525 874
524 525
524 875
523 524
523 876
522 523
522 877
521 522
521 878
520 521
520 879
519 520
519 880
518 519
518 881
517 518
517 882
516 517
516 883
515 516
515 884
514 515
514 885
513 514
513 886
512 513
512 887
511 512
511 888
510 511
510 889
509 510
509 890
508 509
508 891
507 508
507 892
506 507
506 893
505 506
505 894
504 505
504 895
503 504
503 896
502 503
502 897
501 502
501 898
500 501
500 899
499 500
499 900
498 499
498 901
497 498
497 902
496 497
496 903
495 496
495 904
494 495
494 905
493 494
493 906
492 493
492 907
491 492
491 908
490 491
490 909
489 490
489 910
488 489
488 911
487 488
487 912
486 487
486 913
485 486
485 914
484 485
484 915
483 484
483 916
482 483
482 917
481 482
481 918
480 481
480 919
479 480
479 920
478 479
478 921
477 478
477 922
476 477
476 923
475 476
475 924
474 475
474 925
473 474
473 926
472 473
472 927
471 472
471 928
470 471
470 929
469 470
469 930
468 469
468 931
467 468
467 932
466 467
466 933
465 466
465 934
464 465
464 935
463 464
463 936
462 463
462 937
461 462
461 938
460 461
460 939
459 460
459 940
458 459
458 941
457 458
457 942
456 457
456 943
455 456
455 944
454 455
454 945
453 454
453 946
452 453
452 947
451 452
451 948
450 451
450 949
449 450
449 950
448 449
448 951
447 448
447 952
446 447
446 953
445 446
445 954
444 445
444 955
443 444
443 956
442 443
442 957
441 442
441 958
440 441
440 959
439 440
439 960
438 439
438 961
437 438
437 962
436 437
436 963
435 436
435 964
434 435
434 965
433 434
433 966
432 433
432 967
431 432
431 968
430 431
430 969
429 430
429 970
428 429
428 971
427 428
427 972
426 427
426 973
425 426
425 974
424 425
424 975
423 424
423 976
422 423
422 977
421 422
421 978
420 421
420 979
419 420
419 980
418 419
418 981
417 418
417 982
416 417
416 983
415 416
415 984
414 415
414 985
413 414
413 986
412 413
412 987
411 412
411 988
410 411
410 989
409 410
409 990
408 409
408 991
407 408
407 992
406 407
406 993
405 406
405 994
404 405
404 995
403 404
403 996
402 403
402 997
401 402
401 998
400 401
400 999
399 400
399 1000
398 399
398 1001
397 398
397 1002
396 397
396 1003
395 396
395 1004
394 395
394 1005
393 394
393 1006
392 393
392 1007
391 392
391 1008
390 391
390 1009
389 390
389 1010
388 389
388 1011
387 388
387 1012
386 387
386 1013
385 386
385 1014
384 385
384 1015
383 384
383 1016
382 383
382 1017
381 382
381 1018
380 381
380 1019
379 380
379 1020
378 379
378 1021
377 378
377 1022
376 377
376 1023
375 376
375 1024
374 375
374 1025
373 374
373 1026
372 373
372 1027
371 372
371 1028
370 371
370 1029
369 370
369 1030
368 369
368 1031
367 368
367 1032
366 367
366 1033
365 366
365 1034
364 365
364 1035
363 364
363 1036
362 363
362 1037
361 362
361 1038
360 361
360 1039
359 360
359 1040
358 359
358 1041
357 358
357 1042
356 357
356 1043
355 356
355 1044
354 355
354 1045
353 354
353 1046
352 353
352 1047
351 352
351 1048
350 351
350 1049
349 350
349 1050
348 349
348 1051
347 348
347 1052
346 347
346 1053
345 346
345 1054
344 345
344 1055
343 344
343 1056
342 343
342 1057
341 342
341 1058
340 341
340 1059
339 340
339 1060
338 339
338 1061
337 338
337 1062
336 337
336 1063
335 336
335 1064
334 335
334 1065
333 334
333 1066
332 333
332 1067
331 332
331 1068
330 331
330 1069
329 330
329 1070
328 329
328 1071
327 328
327 1072
326 327
326 1073
325 326
325 1074
324 325
324 1075
323 324
323 1076
322 323
322 1077
321 322
321 1078
320 321
320 1079
319 320
319 1080
318 319
318 1081
317 318
317 1082
316 317
316 1083
315 316
315 1084
314 315
314 1085
313 314
313 1086
312 313
312 1087
311 312
311 1088
310 311
310 1089
309 310
309 1090
308 309
308 1091
307 308
307 1092
306 307
306 1093
305 306
305 1094
304 305
304 1095
303 304
303 1096
302 303
302 1097
301 302
301 1098
300 301
300 1099
299 300
299 1100
298 299
298 1101
297 298
297 1102
296 297
296 1103
295 296
295 1104
294 295
294 1105
293 294
293 1106
292 293
292 1107
291 292
291 1108
290 291
290 1109
289 290
289 1110
288 289
288 1111
287 288
287 1112
286 287
286 1113
285 286
285 1114
284 285
284 1115
283 284
283 1116
282 283
282 1117
281 282
281 1118
280 281
280 1119
279 280
279 1120
278 279
278 1121
277 278
277 1122
276 277
276 1123
275 276
275 1124
274 275
274 1125
273 274
273 1126
272 273
272 1127
271 272
271 1128
270 271
270 1129
269 270
269 1130
268 269
268 1131
267 268
267 1132
266 267
266 1133
265 266
265 1134
264 265
264 1135
263 264
263 1136
262 263
262 1137
261 262
261 1138
260 261
260 1139
259 260
259 1140
258 259
258 1141
257 258
257 1142
256 257
256 1143
255 256
255 1144
254 255
254 1145
253 254
253 1146
252 253
252 1147
251 252
251 1148
250 251
250 1149
249 250
249 1150
248 249
248 1151
247 248
247 1152
246 247
246 1153
245 246
245 1154
244 245
244 1155
243 244
243 1156
242 243
242 1157
241 242
241 1158
240 241
240 1159
239 240
239 1160
238 239
238 1161
237 238
237 1162
236 237
236 1163
235 236
235 1164
234 235
234 1165
233 234
233 1166
232 233
232 1167
231 232
231 1168
230 231
230 1169
229 230
229 1170
228 229
228 1171
227 228
227 1172
226 227
226 1173
225 226
225 1174
224 225
224 1175
223 224
223 1176
222 223
222 1177
221 222
221 1178
220 221
220 1179
219 220
219 1180
218 219
218 1181
217 218
217 1182
216 217
216 1183
215 216
215 1184
214 215
214 1185
213 214
213 1186
212 213
212 1187
211 212
211 1188
210 211
210 1189
209 210
209 1190
208 209
208 1191
207 208
207 1192
206 207
206 1193
205 206
205 1194
204 205
204 1195
203 204
203 1196
202 203
202 1197
201 202
201 1198
200 201
200 1199
199 200
199 1200
198 199
198 1201
197 198
197 1202
196 197
196 1203
195 196
195 1204
194 195
194 1205
193 194
193 1206
192 193
192 1207
191 192
191 1208
190 191
190 1209
189 190
189 1210
188 189
188 1211
187 188
187 1212
186 187
186 1213
185 186
185 1214
184 185
184 1215
183 184
183 1216
182 183
182 1217
181 182
181 1218
180 181
180 1219
179 180
179 1220
178 179
178 1221
177 178
177 1222
176 177
176 1223
175 176
175 1224
174 175
174 1225
173 174
173 1226
172 173
172 1227
171 172
171 1228
170 171
170 1229
169 170
169 1230
168 169
168 1231
167 168
167 1232
166 167
166 1233
165 166
165 1234
164 165
164 1235
163 164
163 1236
162 163
162 1237
161 162
161 1238
160 161
160 1239
159 160
159 1240
158 159
158 1241
157 158
157 1242
156 157
156 1243
155 156
155 1244
154 155
154 1245
153 154
153 1246
152 153
152 1247
151 152
151 1248
150 151
150 1249
149 150
149 1250
148 149
148 1251
147 148
147 1252
146 147
146 1253
145 146
145 1254
144 145
144 1255
143 144
143 1256
142 143
142 1257
141 142
141 1258
140 141
140 1259
139 140
139 1260
138 139
138 1261
137 138
137 1262
136 137
136 1263
135 136
135 1264
134 135
134 1265
133 134
133 1266
132 133
132 1267
131 132
131 1268
130 131
130 1269
129 130
129 1270
128 129
128 1271
127 128
127 1272
126 127
126 1273
125 126
125 1274
124 125
124 1275
123 124
123 1276
122 123
122 1277
121 122
121 1278
120 121
120 1279
119 120
119 1280
118 119
118 1281
117 118
117 1282
116 117
116 1283
115 116
115 1284
114 115
114 1285
113 114
113 1286
112 113
112 1287
111 112
111 1288
110 111
110 1289
109 110
109 1290
108 109
108 1291
107 108
107 1292
106 107
106 1293
105 106
105 1294
104 105
104 1295
103 104
103 1296
102 103
102 1297
101 102
101 1298
100 101
100 1299
99 100
99 1300
98 99
98 1301
97 98
97 1302
96 97
96 1303
95 96
95 1304
94 95
94 1305
93 94
93 1306
92 93
92 1307
91 92
91 1308
90 91
90 1309
89 90
89 1310
88 89
88 1311
87 88
87 1312
86 87
86 1313
85 86
85 1314
84 85
84 1315
83 84
83 1316
82 83
82 1317
81 82
81 1318
80 81
80 1319
79 80
79 1320
78 79
78 1321
77 78
77 1322
76 77
76 1323
75 76
75 1324
74 75
74 1325
73 74
73 1326
72 73
72 1327
71 72
71 1328
70 71
70 1329
69 70
69 1330
68 69
68 1331
67 68
67 1332
66 67
66 1333
65 66
65 1334
64 65
64 1335
63 64
63 1336
62 63
62 1337
61 62
61 1338
60 61
60 1339
59 60
59 1340
58 59
58 1341
57 58
57 1342
56 57
56 1343
55 56
55 1344
54 55
54 1345
53 54
53 1346
52 53
52 1347
51 52
51 1348
50 51
50 1349
49 50
49 1350
48 49
48 1351
47 48
47 1352
46 47
46 1353
45 46
45 1354
44 45
44 1355
43 44
43 1356
42 43
42 1357
41 42
41 1358
40 41
40 1359
39 40
39 1360
38 39
38 1361
37 38
37 1362
36 37
36 1363
35 36
35 1364
34 35
34 1365
33 34
33 1366
32 33
32 1367
31 32
31 1368
30 31
30 1369
29 30
29 1370
28 29
28 1371
27 28
27 1372
26 27
26 1373
25 26
25 1374
24 25
24 1375
23 24
23 1376
22 23
22 1377
21 22
21 1378
20 21
20 1379
19 20
19 1380
18 19
18 1381
17 18
17 1382
16 17
16 1383
15 16
15 1384
14 15
14 1385
13 14
13 1386
12 13
12 1387
11 12
11 1388
10 11
10 1389
9 10
9 1390
8 9
8 1391
7 8
7 1392
6 7
6 1393
5 6
5 1394
4 5
4 1395
3 4
3 1396
2 3
2 1397
1 2
1 1398
1 1502
