1553 17872648
311 1
311 1399
311 1400
311 1401
311 1402
310 311
310 1403
310 1404
310 1405
310 1406
309 310
309 1407
309 1408
309 1409
309 1410
308 309
308 1411
308 1412
308 1413
308 1414
307 308
307 1415
307 1416
307 1417
307 1418
306 307
306 1419
306 1420
306 1421
306 1422
305 306
305 1423
305 1424
305 1425
305 1426
304 305
304 1427
304 1428
304 1429
304 1430
303 304
303 1431
303 1432
303 1433
303 1434
302 303
302 1435
302 1436
302 1437
302 1438
301 302
301 1439
301 1440
301 1441
301 1442
300 301
300 1443
300 1444
300 1445
300 1446
299 300
299 1447
299 1448
299 1449
299 1450
298 299
298 1451
298 1452
298 1453
298 1454
297 298
297 1455
297 1456
297 1457
297 1458
296 297
296 1459
296 1460
296 1461
296 1462
295 296
295 1463
295 1464
295 1465
295 1466
294 295
294 1467
294 1468
294 1469
294 1470
293 294
293 1471
293 1472
293 1473
293 1474
292 293
292 1475
292 1476
292 1477
292 1478
291 292
291 1479
291 1480
291 1481
291 1482
290 291
290 1483
290 1484
290 1485
290 1486
289 290
289 1487
289 1488
289 1489
289 1490
288 289
288 1491
288 1492
288 1493
288 1494
287 288
287 1495
287 1496
287 1497
287 1498
286 287
286 1499
286 1500
286 1501
286 1502
285 286
285 312
285 313
285 314
285 315
284 285
284 316
284 317
284 318
284 319
283 284
283 320
283 321
283 322
283 323
282 283
282 324
282 325
282 326
282 327
281 282
281 328
281 329
281 330
281 331
280 281
280 332
280 333
280 334
280 335
279 280
279 336
279 337
279 338
279 339
278 279
278 340
278 341
278 342
278 343
277 278
277 344
277 345
277 346
277 347
276 277
276 348
276 349
276 350
276 351
275 276
275 352
275 353
275 354
275 355
274 275
274 356
274 357
274 358
274 359
273 274
273 360
273 361
273 362
273 363
272 273
272 364
272 365
272 366
272 367
271 272
271 368
271 369
271 370
271 371
270 271
270 372
270 373
270 374
270 375
269 270
269 376
269 377
269 378
269 379
268 269
268 380
268 381
268 382
268 383
267 268
267 384
267 385
267 386
267 387
266 267
266 388
266 389
266 390
266 391
265 266
265 392
265 393
265 394
265 395
264 265
264 396
264 397
264 398
264 399
263 264
263 400
263 401
263 402
263 403
262 263
262 404
262 405
262 406
262 407
261 262
261 408
261 409
261 410
261 411
260 261
260 412
260 413
260 414
260 415
259 260
259 416
259 417
259 418
259 419
258 259
258 420
258 421
258 422
258 423
257 258
257 424
257 425
257 426
257 427
256 257
256 428
256 429
256 430
256 431
255 256
255 432
255 433
255 434
255 435
254 255
254 436
254 437
254 438
254 439
253 254
253 440
253 441
253 442
253 443
252 253
252 444
252 445
252 446
252 447
251 252
251 448
251 449
251 450
251 451
250 251
250 452
250 453
250 454
250 455
249 250
249 456
249 457
249 458
249 459
248 249
248 460
248 461
248 462
248 463
247 248
247 464
247 465
247 466
247 467
246 247
246 468
246 469
246 470
246 471
245 246
245 472
245 473
245 474
245 475
244 245
244 476
244 477
244 478
244 479
243 244
243 480
243 481
243 482
243 483
242 243
242 484
242 485
242 486
242 487
241 242
241 488
241 489
241 490
241 491
240 241
240 492
240 493
240 494
240 495
239 240
239 496
239 497
239 498
239 499
238 239
238 500
238 501
238 502
238 503
237 238
237 504
237 505
237 506
237 507
236 237
236 508
236 509
236 510
236 511
235 236
235 512
235 513
235 514
235 515
234 235
234 516
234 517
234 518
234 519
233 234
233 520
233 521
233 522
233 523
232 233
232 524
232 525
232 526
232 527
231 232
231 528
231 529
231 530
231 531
230 231
230 532
230 533
230 534
230 535
229 230
229 536
229 537
229 538
229 539
228 229
228 540
228 541
228 542
228 543
227 228
227 544
227 545
227 546
227 547
226 227
226 548
226 549
226 550
226 551
225 226
225 552
225 553
225 554
225 555
224 225
224 556
224 557
224 558
224 559
223 224
223 560
223 561
223 562
223 563
222 223
222 564
222 565
222 566
222 567
221 222
221 568
221 569
221 570
221 571
220 221
220 572
220 573
220 574
220 575
219 220
219 576
219 577
219 578
219 579
218 219
218 580
218 581
218 582
218 583
217 218
217 584
217 585
217 586
217 587
216 217
216 588
216 589
216 590
216 591
215 216
215 592
215 593
215 594
215 595
214 215
214 596
214 597
214 598
214 599
213 214
213 600
213 601
213 602
213 603
212 213
212 604
212 605
212 606
212 607
211 212
211 608
211 609
211 610
211 611
210 211
210 612
210 613
210 614
210 615
209 210
209 616
209 617
209 618
209 619
208 209
208 620
208 621
208 622
208 623
207 208
207 624
207 625
207 626
207 627
206 207
206 628
206 629
206 630
206 631
205 206
205 632
205 633
205 634
205 635
204 205
204 636
204 637
204 638
204 639
203 204
203 640
203 641
203 642
203 643
202 203
202 644
202 645
202 646
202 647
201 202
201 648
201 649
201 650
201 651
200 201
200 652
200 653
200 654
200 655
199 200
199 656
199 657
199 658
199 659
198 199
198 660
198 661
198 662
198 663
197 198
197 664
197 665
197 666
197 667
196 197
196 668
196 669
196 670
196 671
195 196
195 672
195 673
195 674
195 675
194 195
194 676
194 677
194 678
194 679
193 194
193 680
193 681
193 682
193 683
192 193
192 684
192 685
192 686
192 687
191 192
191 688
191 689
191 690
191 691
190 191
190 692
190 693
190 694
190 695
189 190
189 696
189 697
189 698
189 699
188 189
188 700
188 701
188 702
188 703
187 188
187 704
187 705
187 706
187 707
186 187
186 708
186 709
186 710
186 711
185 186
185 712
185 713
185 714
185 715
184 185
184 716
184 717
184 718
184 719
183 184
183 720
183 721
183 722
183 723
182 183
182 724
182 725
182 726
182 727
181 182
181 728
181 729
181 730
181 731
180 181
180 732
180 733
180 734
180 735
179 180
179 736
179 737
179 738
179 739
178 179
178 740
178 741
178 742
178 743
177 178
177 744
177 745
177 746
177 747
176 177
176 748
176 749
176 750
176 751
175 176
175 752
175 753
175 754
175 755
174 175
174 756
174 757
174 758
174 759
173 174
173 760
173 761
173 762
173 763
172 173
172 764
172 765
172 766
172 767
171 172
171 768
171 769
171 770
171 771
170 171
170 772
170 773
170 774
170 775
169 170
169 776
169 777
169 778
169 779
168 169
168 780
168 781
168 782
168 783
167 168
167 784
167 785
167 786
167 787
166 167
166 788
166 789
166 790
166 791
165 166
165 792
165 793
165 794
165 795
164 165
164 796
164 797
164 798
164 799
163 164
163 800
163 801
163 802
163 803
162 163
162 804
162 805
162 806
162 807
161 162
161 808
161 809
161 810
161 811
160 161
160 812
160 813
160 814
160 815
159 160
159 816
159 817
159 818
159 819
158 159
158 820
158 821
158 822
158 823
157 158
157 824
157 825
157 826
157 827
156 157
156 828
156 829
156 830
156 831
155 156
155 832
155 833
155 834
155 835
154 155
154 836
154 837
154 838
154 839
153 154
153 840
153 841
153 842
153 843
152 153
152 844
152 845
152 846
152 847
151 152
151 848
151 849
151 850
151 851
150 151
150 852
150 853
150 854
150 855
149 150
149 856
149 857
149 858
149 859
148 149
148 860
148 861
148 862
148 863
147 148
147 864
147 865
147 866
147 867
146 147
146 868
146 869
146 870
146 871
145 146
145 872
145 873
145 874
145 875
144 145
144 876
144 877
144 878
144 879
143 144
143 880
143 881
143 882
143 883
142 143
142 884
142 885
142 886
142 887
141 142
141 888
141 889
141 890
141 891
140 141
140 892
140 893
140 894
140 895
139 140
139 896
139 897
139 898
139 899
138 139
138 900
138 901
138 902
138 903
137 138
137 904
137 905
137 906
137 907
136 137
136 908
136 909
136 910
136 911
135 136
135 912
135 913
135 914
135 915
134 135
134 916
134 917
134 918
134 919
133 134
133 920
133 921
133 922
133 923
132 133
132 924
132 925
132 926
132 927
131 132
131 928
131 929
131 930
131 931
130 131
130 932
130 933
130 934
130 935
129 130
129 936
129 937
129 938
129 939
128 129
128 940
128 941
128 942
128 943
127 128
127 944
127 945
127 946
127 947
126 127
126 948
126 949
126 950
126 951
125 126
125 952
125 953
125 954
125 955
124 125
124 956
124 957
124 958
124 959
123 124
123 960
123 961
123 962
123 963
122 123
122 964
122 965
122 966
122 967
121 122
121 968
121 969
121 970
121 971
120 121
120 972
120 973
120 974
120 975
119 120
119 976
119 977
119 978
119 979
118 119
118 980
118 981
118 982
118 983
117 118
117 984
117 985
117 986
117 987
116 117
116 988
116 989
116 990
116 991
115 116
115 992
115 993
115 994
115 995
114 115
114 996
114 997
114 998
114 999
113 114
113 1000
113 1001
113 1002
113 1003
112 113
112 1004
112 1005
112 1006
112 1007
111 112
111 1008
111 1009
111 1010
111 1011
110 111
110 1012
110 1013
110 1014
110 1015
109 110
109 1016
109 1017
109 1018
109 1019
108 109
108 1020
108 1021
108 1022
108 1023
107 108
107 1024
107 1025
107 1026
107 1027
106 107
106 1028
106 1029
106 1030
106 1031
105 106
105 1032
105 1033
105 1034
105 1035
104 105
104 1036
104 1037
104 1038
104 1039
103 104
103 1040
103 1041
103 1042
103 1043
102 103
102 1044
102 1045
102 1046
102 1047
101 102
101 1048
101 1049
101 1050
101 1051
100 101
100 1052
100 1053
100 1054
100 1055
99 100
99 1056
99 1057
99 1058
99 1059
98 99
98 1060
98 1061
98 1062
98 1063
97 98
97 1064
97 1065
97 1066
97 1067
96 97
96 1068
96 1069
96 1070
96 1071
95 96
95 1072
95 1073
95 1074
95 1075
94 95
94 1076
94 1077
94 1078
94 1079
93 94
93 1080
93 1081
93 1082
93 1083
92 93
92 1084
92 1085
92 1086
92 1087
91 92
91 1088
91 1089
91 1090
91 1091
90 91
90 1092
90 1093
90 1094
90 1095
89 90
89 1096
89 1097
89 1098
89 1099
88 89
88 1100
88 1101
88 1102
88 1103
87 88
87 1104
87 1105
87 1106
87 1107
86 87
86 1108
86 1109
86 1110
86 1111
85 86
85 1112
85 1113
85 1114
85 1115
84 85
84 1116
84 1117
84 1118
84 1119
83 84
83 1120
83 1121
83 1122
83 1123
82 83
82 1124
82 1125
82 1126
82 1127
81 82
81 1128
81 1129
81 1130
81 1131
80 81
80 1132
80 1133
80 1134
80 1135
79 80
79 1136
79 1137
79 1138
79 1139
78 79
78 1140
78 1141
78 1142
78 1143
77 78
77 1144
77 1145
77 1146
77 1147
76 77
76 1148
76 1149
76 1150
76 1151
75 76
75 1152
75 1153
75 1154
75 1155
74 75
74 1156
74 1157
74 1158
74 1159
73 74
73 1160
73 1161
73 1162
73 1163
72 73
72 1164
72 1165
72 1166
72 1167
71 72
71 1168
71 1169
71 1170
71 1171
70 71
70 1172
70 1173
70 1174
70 1175
69 70
69 1176
69 1177
69 1178
69 1179
68 69
68 1180
68 1181
68 1182
68 1183
67 68
67 1184
67 1185
67 1186
67 1187
66 67
66 1188
66 1189
66 1190
66 1191
65 66
65 1192
65 1193
65 1194
65 1195
64 65
64 1196
64 1197
64 1198
64 1199
63 64
63 1200
63 1201
63 1202
63 1203
62 63
62 1204
62 1205
62 1206
62 1207
61 62
61 1208
61 1209
61 1210
61 1211
60 61
60 1212
60 1213
60 1214
60 1215
59 60
59 1216
59 1217
59 1218
59 1219
58 59
58 1220
58 1221
58 1222
58 1223
57 58
57 1224
57 1225
57 1226
57 1227
56 57
56 1228
56 1229
56 1230
56 1231
55 56
55 1232
55 1233
55 1234
55 1235
54 55
54 1236
54 1237
54 1238
54 1239
53 54
53 1240
53 1241
53 1242
53 1243
52 53
52 1244
52 1245
52 1246
52 1247
51 52
51 1248
51 1249
51 1250
51 1251
50 51
50 1252
50 1253
50 1254
50 1255
49 50
49 1256
49 1257
49 1258
49 1259
48 49
48 1260
48 1261
48 1262
48 1263
47 48
47 1264
47 1265
47 1266
47 1267
46 47
46 1268
46 1269
46 1270
46 1271
45 46
45 1272
45 1273
45 1274
45 1275
44 45
44 1276
44 1277
44 1278
44 1279
43 44
43 1280
43 1281
43 1282
43 1283
42 43
42 1284
42 1285
42 1286
42 1287
41 42
41 1288
41 1289
41 1290
41 1291
40 41
40 1292
40 1293
40 1294
40 1295
39 40
39 1296
39 1297
39 1298
39 1299
38 39
38 1300
38 1301
38 1302
38 1303
37 38
37 1304
37 1305
37 1306
37 1307
36 37
36 1308
36 1309
36 1310
36 1311
35 36
35 1312
35 1313
35 1314
35 1315
34 35
34 1316
34 1317
34 1318
34 1319
33 34
33 1320
33 1321
33 1322
33 1323
32 33
32 1324
32 1325
32 1326
32 1327
31 32
31 1328
31 1329
31 1330
31 1331
30 31
30 1332
30 1333
30 1334
30 1335
29 30
29 1336
29 1337
29 1338
29 1339
28 29
28 1340
28 1341
28 1342
28 1343
27 28
27 1344
27 1345
27 1346
27 1347
26 27
26 1348
26 1349
26 1350
26 1351
25 26
25 1352
25 1353
25 1354
25 1355
24 25
24 1356
24 1357
24 1358
24 1359
23 24
23 1360
23 1361
23 1362
23 1363
22 23
22 1364
22 1365
22 1366
22 1367
21 22
21 1368
21 1369
21 1370
21 1371
20 21
20 1372
20 1373
20 1374
20 1375
19 20
19 1376
19 1377
19 1378
19 1379
18 19
18 1380
18 1381
18 1382
18 1383
17 18
17 1384
17 1385
17 1386
17 1387
16 17
16 1388
16 1389
16 1390
16 1391
15 16
15 1392
15 1393
15 1394
15 1395
14 15
14 1396
14 1397
14 1398
14 1399
13 14
13 1400
13 1401
13 1402
13 1403
12 13
12 1404
12 1405
12 1406
12 1407
11 12
11 1408
11 1409
11 1410
11 1411
10 11
10 1412
10 1413
10 1414
10 1415
9 10
9 1416
9 1417
9 1418
9 1419
8 9
8 1420
8 1421
8 1422
8 1423
7 8
7 1424
7 1425
7 1426
7 1427
6 7
6 1428
6 1429
6 1430
6 1431
5 6
5 1432
5 1433
5 1434
5 1435
4 5
4 1436
4 1437
4 1438
4 1439
3 4
3 1440
3 1441
3 1442
3 1443
2 3
2 1444
2 1445
2 1446
2 1447
1 2
1 1448
1 1554
