1640 34686354
820 1
820 1449
819 820
819 1450
818 819
818 1451
817 818
817 1452
816 817
816 1453
815 816
815 1454
814 815
814 1455
813 814
813 1456
812 813
812 1457
811 812
811 1458
810 811
810 1459
809 810
809 1460
808 809
808 1461
807 808
807 1462
806 807
806 1463
805 806
805 1464
804 805
804 1465
803 804
803 1466
802 803
802 1467
801 802
801 1468
800 801
800 1469
799 800
799 1470
798 799
798 1471
797 798
797 1472
796 797
796 1473
795 796
795 1474
794 795
794 1475
793 794
793 1476
792 793
792 1477
791 792
791 1478
790 791
790 1479
789 790
789 1480
788 789
788 1481
787 788
787 1482
786 787
786 1483
785 786
785 1484
784 785
784 1485
783 784
783 1486
782 783
782 1487
781 782
781 1488
780 781
780 1489
779 780
779 1490
778 779
778 1491
777 778
777 1492
776 777
776 1493
775 776
775 1494
774 775
774 1495
773 774
773 1496
772 773
772 1497
771 772
771 1498
770 771
770 1499
769 770
769 1500
768 769
768 1501
767 768
767 1502
766 767
766 1503
765 766
765 1504
764 765
764 1505
763 764
763 1506
762 763
762 1507
761 762
761 1508
760 761
760 1509
759 760
759 1510
758 759
758 1511
757 758
757 1512
756 757
756 1513
755 756
755 1514
754 755
754 1515
753 754
753 1516
752 753
752 1517
751 752
751 1518
750 751
750 1519
749 750
749 1520
748 749
748 1521
747 748
747 1522
746 747
746 1523
745 746
745 1524
744 745
744 1525
743 744
743 1526
742 743
742 1527
741 742
741 1528
740 741
740 1529
739 740
739 1530
738 739
738 1531
737 738
737 1532
736 737
736 1533
735 736
735 1534
734 735
734 1535
733 734
733 1536
732 733
732 1537
731 732
731 1538
730 731
730 1539
729 730
729 1540
728 729
728 1541
727 728
727 1542
726 727
726 1543
725 726
725 1544
724 725
724 1545
723 724
723 1546
722 723
722 1547
721 722
721 1548
720 721
720 1549
719 720
719 1550
718 719
718 1551
717 718
717 1552
716 717
716 1553
715 716
715 1554
714 715
714 821
713 714
713 822
712 713
712 823
711 712
711 824
710 711
710 825
709 710
709 826
708 709
708 827
707 708
707 828
706 707
706 829
705 706
705 830
704 705
704 831
703 704
703 832
702 703
702 833
701 702
701 834
700 701
700 835
699 700
699 836
698 699
698 837
697 698
697 838
696 697
696 839
695 696
695 840
694 695
694 841
693 694
693 842
692 693
692 843
691 692
691 844
690 691
690 845
689 690
689 846
688 689
688 847
687 688
687 848
686 687
686 849
685 686
685 850
684 685
684 851
683 684
683 852
682 683
682 853
681 682
681 854
680 681
680 855
679 680
679 856
678 679
678 857
677 678
677 858
676 677
676 859
675 676
675 860
674 675
674 861
673 674
673 862
672 673
672 863
671 672
671 864
670 671
670 865
669 670
669 866
668 669
668 867
667 668
667 868
666 667
666 869
665 666
665 870
664 665
664 871
663 664
663 872
662 663
662 873
661 662
661 874
660 661
660 875
659 660
659 876
658 659
658 877
657 658
657 878
656 657
656 879
655 656
655 880
654 655
654 881
653 654
653 882
652 653
652 883
651 652
651 884
650 651
650 885
649 650
649 886
648 649
648 887
647 648
647 888
646 647
646 889
645 646
645 890
644 645
644 891
643 644
643 892
642 643
642 893
641 642
641 894
640 641
640 895
639 640
639 896
638 639
638 897
637 638
637 898
636 637
636 899
635 636
635 900
634 635
634 901
633 634
633 902
632 633
632 903
631 632
631 904
630 631
630 905
629 630
629 906
628 629
628 907
627 628
627 908
626 627
626 909
625 626
625 910
624 625
624 911
623 624
623 912
622 623
622 913
621 622
621 914
620 621
620 915
619 620
619 916
618 619
618 917
617 618
617 918
616 617
616 919
615 616
615 920
614 615
614 921
613 614
613 922
612 613
612 923
611 612
611 924
610 611
610 925
609 610
609 926
608 609
608 927
607 608
607 928
606 607
606 929
605 606
605 930
604 605
604 931
603 604
603 932
602 603
602 933
601 602
601 934
600 601
600 935
599 600
599 936
598 599
598 937
597 598
597 938
596 597
596 939
595 596
595 940
594 595
594 941
593 594
593 942
592 593
592 943
591 592
591 944
590 591
590 945
589 590
589 946
588 589
588 947
587 588
587 948
586 587
586 949
585 586
585 950
584 585
584 951
583 584
583 952
582 583
582 953
581 582
581 954
580 581
580 955
579 580
579 956
578 579
578 957
577 578
577 958
576 577
576 959
575 576
575 960
574 575
574 961
573 574
573 962
572 573
572 963
571 572
571 964
570 571
570 965
569 570
569 966
568 569
568 967
567 568
567 968
566 567
566 969
565 566
565 970
564 565
564 971
563 564
563 972
562 563
562 973
561 562
561 974
560 561
560 975
559 560
559 976
558 559
558 977
557 558
557 978
556 557
556 979
555 556
555 980
554 555
554 981
553 554
553 982
552 553
552 983
551 552
551 984
550 551
550 985
549 550
549 986
548 549
548 987
547 548
547 988
546 547
546 989
545 546
545 990
544 545
544 991
543 544
543 992
542 543
542 993
541 542
541 994
540 541
540 995
539 540
539 996
538 539
538 997
537 538
537 998
536 537
536 999
535 536
535 1000
534 535
534 1001
533 534
533 1002
532 533
532 1003
531 532
531 1004
530 531
530 1005
529 530
529 1006
528 529
528 1007
527 528
527 1008
526 527
526 1009
525 526
525 1010
524 525
524 1011
523 524
523 1012
522 523
522 1013
521 522
521 1014
520 521
520 1015
519 520
519 1016
518 519
518 1017
517 518
517 1018
516 517
516 1019
515 516
515 1020
514 515
514 1021
513 514
513 1022
512 513
512 1023
511 512
511 1024
510 511
510 1025
509 510
509 1026
508 509
508 1027
507 508
507 1028
506 507
506 1029
505 506
505 1030
504 505
504 1031
503 504
503 1032
502 503
502 1033
501 502
501 1034
500 501
500 1035
499 500
499 1036
498 499
498 1037
497 498
497 1038
496 497
496 1039
495 496
495 1040
494 495
494 1041
493 494
493 1042
492 493
492 1043
491 492
491 1044
490 491
490 1045
489 490
489 1046
488 489
488 1047
487 488
487 1048
486 487
486 1049
485 486
485 1050
484 485
484 1051
483 484
483 1052
482 483
482 1053
481 482
481 1054
480 481
480 1055
479 480
479 1056
478 479
478 1057
477 478
477 1058
476 477
476 1059
475 476
475 1060
474 475
474 1061
473 474
473 1062
472 473
472 1063
471 472
471 1064
470 471
470 1065
469 470
469 1066
468 469
468 1067
467 468
467 1068
466 467
466 1069
465 466
465 1070
464 465
464 1071
463 464
463 1072
462 463
462 1073
461 462
461 1074
460 461
460 1075
459 460
459 1076
458 459
458 1077
457 458
457 1078
456 457
456 1079
455 456
455 1080
454 455
454 1081
453 454
453 1082
452 453
452 1083
451 452
451 1084
450 451
450 1085
449 450
449 1086
448 449
448 1087
447 448
447 1088
446 447
446 1089
445 446
445 1090
444 445
444 1091
443 444
443 1092
442 443
442 1093
441 442
441 1094
440 441
440 1095
439 440
439 1096
438 439
438 1097
437 438
437 1098
436 437
436 1099
435 436
435 1100
434 435
434 1101
433 434
433 1102
432 433
432 1103
431 432
431 1104
430 431
430 1105
429 430
429 1106
428 429
428 1107
427 428
427 1108
426 427
426 1109
425 426
425 1110
424 425
424 1111
423 424
423 1112
422 423
422 1113
421 422
421 1114
420 421
420 1115
419 420
419 1116
418 419
418 1117
417 418
417 1118
416 417
416 1119
415 416
415 1120
414 415
414 1121
413 414
413 1122
412 413
412 1123
411 412
411 1124
410 411
410 1125
409 410
409 1126
408 409
408 1127
407 408
407 1128
406 407
406 1129
405 406
405 1130
404 405
404 1131
403 404
403 1132
402 403
402 1133
401 402
401 1134
400 401
400 1135
399 400
399 1136
398 399
398 1137
397 398
397 1138
396 397
396 1139
395 396
395 1140
394 395
394 1141
393 394
393 1142
392 393
392 1143
391 392
391 1144
390 391
390 1145
389 390
389 1146
388 389
388 1147
387 388
387 1148
386 387
386 1149
385 386
385 1150
384 385
384 1151
383 384
383 1152
382 383
382 1153
381 382
381 1154
380 381
380 1155
379 380
379 1156
378 379
378 1157
377 378
377 1158
376 377
376 1159
375 376
375 1160
374 375
374 1161
373 374
373 1162
372 373
372 1163
371 372
371 1164
370 371
370 1165
369 370
369 1166
368 369
368 1167
367 368
367 1168
366 367
366 1169
365 366
365 1170
364 365
364 1171
363 364
363 1172
362 363
362 1173
361 362
361 1174
360 361
360 1175
359 360
359 1176
358 359
358 1177
357 358
357 1178
356 357
356 1179
355 356
355 1180
354 355
354 1181
353 354
353 1182
352 353
352 1183
351 352
351 1184
350 351
350 1185
349 350
349 1186
348 349
348 1187
347 348
347 1188
346 347
346 1189
345 346
345 1190
344 345
344 1191
343 344
343 1192
342 343
342 1193
341 342
341 1194
340 341
340 1195
339 340
339 1196
338 339
338 1197
337 338
337 1198
336 337
336 1199
335 336
335 1200
334 335
334 1201
333 334
333 1202
332 333
332 1203
331 332
331 1204
330 331
330 1205
329 330
329 1206
328 329
328 1207
327 328
327 1208
326 327
326 1209
325 326
325 1210
324 325
324 1211
323 324
323 1212
322 323
322 1213
321 322
321 1214
320 321
320 1215
319 320
319 1216
318 319
318 1217
317 318
317 1218
316 317
316 1219
315 316
315 1220
314 315
314 1221
313 314
313 1222
312 313
312 1223
311 312
311 1224
310 311
310 1225
309 310
309 1226
308 309
308 1227
307 308
307 1228
306 307
306 1229
305 306
305 1230
304 305
304 1231
303 304
303 1232
302 303
302 1233
301 302
301 1234
300 301
300 1235
299 300
299 1236
298 299
298 1237
297 298
297 1238
296 297
296 1239
295 296
295 1240
294 295
294 1241
293 294
293 1242
292 293
292 1243
291 292
291 1244
290 291
290 1245
289 290
289 1246
288 289
288 1247
287 288
287 1248
286 287
286 1249
285 286
285 1250
284 285
284 1251
283 284
283 1252
282 283
282 1253
281 282
281 1254
280 281
280 1255
279 280
279 1256
278 279
278 1257
277 278
277 1258
276 277
276 1259
275 276
275 1260
274 275
274 1261
273 274
273 1262
272 273
272 1263
271 272
271 1264
270 271
270 1265
269 270
269 1266
268 269
268 1267
267 268
267 1268
266 267
266 1269
265 266
265 1270
264 265
264 1271
263 264
263 1272
262 263
262 1273
261 262
261 1274
260 261
260 1275
259 260
259 1276
258 259
258 1277
257 258
257 1278
256 257
256 1279
255 256
255 1280
254 255
254 1281
253 254
253 1282
252 253
252 1283
251 252
251 1284
250 251
250 1285
249 250
249 1286
248 249
248 1287
247 248
247 1288
246 247
246 1289
245 246
245 1290
244 245
244 1291
243 244
243 1292
242 243
242 1293
241 242
241 1294
240 241
240 1295
239 240
239 1296
238 239
238 1297
237 238
237 1298
236 237
236 1299
235 236
235 1300
234 235
234 1301
233 234
233 1302
232 233
232 1303
231 232
231 1304
230 231
230 1305
229 230
229 1306
228 229
228 1307
227 228
227 1308
226 227
226 1309
225 226
225 1310
224 225
224 1311
223 224
223 1312
222 223
222 1313
221 222
221 1314
220 221
220 1315
219 220
219 1316
218 219
218 1317
217 218
217 1318
216 217
216 1319
215 216
215 1320
214 215
214 1321
213 214
213 1322
212 213
212 1323
211 212
211 1324
210 211
210 1325
209 210
209 1326
208 209
208 1327
207 208
207 1328
206 207
206 1329
205 206
205 1330
204 205
204 1331
203 204
203 1332
202 203
202 1333
201 202
201 1334
200 201
200 1335
199 200
199 1336
198 199
198 1337
197 198
197 1338
196 197
196 1339
195 196
195 1340
194 195
194 1341
193 194
193 1342
192 193
192 1343
191 192
191 1344
190 191
190 1345
189 190
189 1346
188 189
188 1347
187 188
187 1348
186 187
186 1349
185 186
185 1350
184 185
184 1351
183 184
183 1352
182 183
182 1353
181 182
181 1354
180 181
180 1355
179 180
179 1356
178 179
178 1357
177 178
177 1358
176 177
176 1359
175 176
175 1360
174 175
174 1361
173 174
173 1362
172 173
172 1363
171 172
171 1364
170 171
170 1365
169 170
169 1366
168 169
168 1367
167 168
167 1368
166 167
166 1369
165 166
165 1370
164 165
164 1371
163 164
163 1372
162 163
162 1373
161 162
161 1374
160 161
160 1375
159 160
159 1376
158 159
158 1377
157 158
157 1378
156 157
156 1379
155 156
155 1380
154 155
154 1381
153 154
153 1382
152 153
152 1383
151 152
151 1384
150 151
150 1385
149 150
149 1386
148 149
148 1387
147 148
147 1388
146 147
146 1389
145 146
145 1390
144 145
144 1391
143 144
143 1392
142 143
142 1393
141 142
141 1394
140 141
140 1395
139 140
139 1396
138 139
138 1397
137 138
137 1398
136 137
136 1399
135 136
135 1400
134 135
134 1401
133 134
133 1402
132 133
132 1403
131 132
131 1404
130 131
130 1405
129 130
129 1406
128 129
128 1407
127 128
127 1408
126 127
126 1409
125 126
125 1410
124 125
124 1411
123 124
123 1412
122 123
122 1413
121 122
121 1414
120 121
120 1415
119 120
119 1416
118 119
118 1417
117 118
117 1418
116 117
116 1419
115 116
115 1420
114 115
114 1421
113 114
113 1422
112 113
112 1423
111 112
111 1424
110 111
110 1425
109 110
109 1426
108 109
108 1427
107 108
107 1428
106 107
106 1429
105 106
105 1430
104 105
104 1431
103 104
103 1432
102 103
102 1433
101 102
101 1434
100 101
100 1435
99 100
99 1436
98 99
98 1437
97 98
97 1438
96 97
96 1439
95 96
95 1440
94 95
94 1441
93 94
93 1442
92 93
92 1443
91 92
91 1444
90 91
90 1445
89 90
89 1446
88 89
88 1447
87 88
87 1448
86 87
86 1449
85 86
85 1450
84 85
84 1451
83 84
83 1452
82 83
82 1453
81 82
81 1454
80 81
80 1455
79 80
79 1456
78 79
78 1457
77 78
77 1458
76 77
76 1459
75 76
75 1460
74 75
74 1461
73 74
73 1462
72 73
72 1463
71 72
71 1464
70 71
70 1465
69 70
69 1466
68 69
68 1467
67 68
67 1468
66 67
66 1469
65 66
65 1470
64 65
64 1471
63 64
63 1472
62 63
62 1473
61 62
61 1474
60 61
60 1475
59 60
59 1476
58 59
58 1477
57 58
57 1478
56 57
56 1479
55 56
55 1480
54 55
54 1481
53 54
53 1482
52 53
52 1483
51 52
51 1484
50 51
50 1485
49 50
49 1486
48 49
48 1487
47 48
47 1488
46 47
46 1489
45 46
45 1490
44 45
44 1491
43 44
43 1492
42 43
42 1493
41 42
41 1494
40 41
40 1495
39 40
39 1496
38 39
38 1497
37 38
37 1498
36 37
36 1499
35 36
35 1500
34 35
34 1501
33 34
33 1502
32 33
32 1503
31 32
31 1504
30 31
30 1505
29 30
29 1506
28 29
28 1507
27 28
27 1508
26 27
26 1509
25 26
25 1510
24 25
24 1511
23 24
23 1512
22 23
22 1513
21 22
21 1514
20 21
20 1515
19 20
19 1516
18 19
18 1517
17 18
17 1518
16 17
16 1519
15 16
15 1520
14 15
14 1521
13 14
13 1522
12 13
12 1523
11 12
11 1524
10 11
10 1525
9 10
9 1526
8 9
8 1527
7 8
7 1528
6 7
6 1529
5 6
5 1530
4 5
4 1531
3 4
3 1532
2 3
2 1533
1 2
1 1641
