1703 33186050
851 1
851 1534
850 851
850 1535
849 850
849 1536
848 849
848 1537
847 848
847 1538
846 847
846 1539
845 846
845 1540
844 845
844 1541
843 844
843 1542
842 843
842 1543
841 842
841 1544
840 841
840 1545
839 840
839 1546
838 839
838 1547
837 838
837 1548
836 837
836 1549
835 836
835 1550
834 835
834 1551
833 834
833 1552
832 833
832 1553
831 832
831 1554
830 831
830 1555
829 830
829 1556
828 829
828 1557
827 828
827 1558
826 827
826 1559
825 826
825 1560
824 825
824 1561
823 824
823 1562
822 823
822 1563
821 822
821 1564
820 821
820 1565
819 820
819 1566
818 819
818 1567
817 818
817 1568
816 817
816 1569
815 816
815 1570
814 815
814 1571
813 814
813 1572
812 813
812 1573
811 812
811 1574
810 811
810 1575
809 810
809 1576
808 809
808 1577
807 808
807 1578
806 807
806 1579
805 806
805 1580
804 805
804 1581
803 804
803 1582
802 803
802 1583
801 802
801 1584
800 801
800 1585
799 800
799 1586
798 799
798 1587
797 798
797 1588
796 797
796 1589
795 796
795 1590
794 795
794 1591
793 794
793 1592
792 793
792 1593
791 792
791 1594
790 791
790 1595
789 790
789 1596
788 789
788 1597
787 788
787 1598
786 787
786 1599
785 786
785 1600
784 785
784 1601
783 784
783 1602
782 783
782 1603
781 782
781 1604
780 781
780 1605
779 780
779 1606
778 779
778 1607
777 778
777 1608
776 777
776 1609
775 776
775 1610
774 775
774 1611
773 774
773 1612
772 773
772 1613
771 772
771 1614
770 771
770 1615
769 770
769 1616
768 769
768 1617
767 768
767 1618
766 767
766 1619
765 766
765 1620
764 765
764 1621
763 764
763 1622
762 763
762 1623
761 762
761 1624
760 761
760 1625
759 760
759 1626
758 759
758 1627
757 758
757 1628
756 757
756 1629
755 756
755 1630
754 755
754 1631
753 754
753 1632
752 753
752 1633
751 752
751 1634
750 751
750 1635
749 750
749 1636
748 749
748 1637
747 748
747 1638
746 747
746 1639
745 746
745 1640
744 745
744 1641
743 744
743 852
742 743
742 853
741 742
741 854
740 741
740 855
739 740
739 856
738 739
738 857
737 738
737 858
736 737
736 859
735 736
735 860
734 735
734 861
733 734
733 862
732 733
732 863
731 732
731 864
730 731
730 865
729 730
729 866
728 729
728 867
727 728
727 868
726 727
726 869
725 726
725 870
724 725
724 871
723 724
723 872
722 723
722 873
721 722
721 874
720 721
720 875
719 720
719 876
718 719
718 877
717 718
717 878
716 717
716 879
715 716
715 880
714 715
714 881
713 714
713 882
712 713
712 883
711 712
711 884
710 711
710 885
709 710
709 886
708 709
708 887
707 708
707 888
706 707
706 889
705 706
705 890
704 705
704 891
703 704
703 892
702 703
702 893
701 702
701 894
700 701
700 895
699 700
699 896
698 699
698 897
697 698
697 898
696 697
696 899
695 696
695 900
694 695
694 901
693 694
693 902
692 693
692 903
691 692
691 904
690 691
690 905
689 690
689 906
688 689
688 907
687 688
687 908
686 687
686 909
685 686
685 910
684 685
684 911
683 684
683 912
682 683
682 913
681 682
681 914
680 681
680 915
679 680
679 916
678 679
678 917
677 678
677 918
676 677
676 919
675 676
675 920
674 675
674 921
673 674
673 922
672 673
672 923
671 672
671 924
670 671
670 925
669 670
669 926
668 669
668 927
667 668
667 928
666 667
666 929
665 666
665 930
664 665
664 931
663 664
663 932
662 663
662 933
661 662
661 934
660 661
660 935
659 660
659 936
658 659
658 937
657 658
657 938
656 657
656 939
655 656
655 940
654 655
654 941
653 654
653 942
652 653
652 943
651 652
651 944
650 651
650 945
649 650
649 946
648 649
648 947
647 648
647 948
646 647
646 949
645 646
645 950
644 645
644 951
643 644
643 952
642 643
642 953
641 642
641 954
640 641
640 955
639 640
639 956
638 639
638 957
637 638
637 958
636 637
636 959
635 636
635 960
634 635
634 961
633 634
633 962
632 633
632 963
631 632
631 964
630 631
630 965
629 630
629 966
628 629
628 967
627 628
627 968
626 627
626 969
625 626
625 970
624 625
624 971
623 624
623 972
622 623
622 973
621 622
621 974
620 621
620 975
619 620
619 976
618 619
618 977
617 618
617 978
616 617
616 979
615 616
615 980
614 615
614 981
613 614
613 982
612 613
612 983
611 612
611 984
610 611
610 985
609 610
609 986
608 609
608 987
607 608
607 988
606 607
606 989
605 606
605 990
604 605
604 991
603 604
603 992
602 603
602 993
601 602
601 994
600 601
600 995
599 600
599 996
598 599
598 997
597 598
597 998
596 597
596 999
595 596
595 1000
594 595
594 1001
593 594
593 1002
592 593
592 1003
591 592
591 1004
590 591
590 1005
589 590
589 1006
588 589
588 1007
587 588
587 1008
586 587
586 1009
585 586
585 1010
584 585
584 1011
583 584
583 1012
582 583
582 1013
581 582
581 1014
580 581
580 1015
579 580
579 1016
578 579
578 1017
577 578
577 1018
576 577
576 1019
575 576
575 1020
574 575
574 1021
573 574
573 1022
572 573
572 1023
571 572
571 1024
570 571
570 1025
569 570
569 1026
568 569
568 1027
567 568
567 1028
566 567
566 1029
565 566
565 1030
564 565
564 1031
563 564
563 1032
562 563
562 1033
561 562
561 1034
560 561
560 1035
559 560
559 1036
558 559
558 1037
557 558
557 1038
556 557
556 1039
555 556
555 1040
554 555
554 1041
553 554
553 1042
552 553
552 1043
551 552
551 1044
550 551
550 1045
549 550
549 1046
548 549
548 1047
547 548
547 1048
546 547
546 1049
545 546
545 1050
544 545
544 1051
543 544
543 1052
542 543
542 1053
541 542
541 1054
540 541
540 1055
539 540
539 1056
538 539
538 1057
537 538
537 1058
536 537
536 1059
535 536
535 1060
534 535
534 1061
533 534
533 1062
532 533
532 1063
531 532
531 1064
530 531
530 1065
529 530
529 1066
528 529
528 1067
527 528
527 1068
526 527
526 1069
525 526
525 1070
524 525
524 1071
523 524
523 1072
522 523
522 1073
521 522
521 1074
520 521
520 1075
519 520
519 1076
518 519
518 1077
517 518
517 1078
516 517
516 1079
515 516
515 1080
514 515
514 1081
513 514
513 1082
512 513
512 1083
511 512
511 1084
510 511
510 1085
509 510
509 1086
508 509
508 1087
507 508
507 1088
506 507
506 1089
505 506
505 1090
504 505
504 1091
503 504
503 1092
502 503
502 1093
501 502
501 1094
500 501
500 1095
499 500
499 1096
498 499
498 1097
497 498
497 1098
496 497
496 1099
495 496
495 1100
494 495
494 1101
493 494
493 1102
492 493
492 1103
491 492
491 1104
490 491
490 1105
489 490
489 1106
488 489
488 1107
487 488
487 1108
486 487
486 1109
485 486
485 1110
484 485
484 1111
483 484
483 1112
482 483
482 1113
481 482
481 1114
480 481
480 1115
479 480
479 1116
478 479
478 1117
477 478
477 1118
476 477
476 1119
475 476
475 1120
474 475
474 1121
473 474
473 1122
472 473
472 1123
471 472
471 1124
470 471
470 1125
469 470
469 1126
468 469
468 1127
467 468
467 1128
466 467
466 1129
465 466
465 1130
464 465
464 1131
463 464
463 1132
462 463
462 1133
461 462
461 1134
460 461
460 1135
459 460
459 1136
458 459
458 1137
457 458
457 1138
456 457
456 1139
455 456
455 1140
454 455
454 1141
453 454
453 1142
452 453
452 1143
451 452
451 1144
450 451
450 1145
449 450
449 1146
448 449
448 1147
447 448
447 1148
446 447
446 1149
445 446
445 1150
444 445
444 1151
443 444
443 1152
442 443
442 1153
441 442
441 1154
440 441
440 1155
439 440
439 1156
438 439
438 1157
437 438
437 1158
436 437
436 1159
435 436
435 1160
434 435
434 1161
433 434
433 1162
432 433
432 1163
431 432
431 1164
430 431
430 1165
429 430
429 1166
428 429
428 1167
427 428
427 1168
426 427
426 1169
425 426
425 1170
424 425
424 1171
423 424
423 1172
422 423
422 1173
421 422
421 1174
420 421
420 1175
419 420
419 1176
418 419
418 1177
417 418
417 1178
416 417
416 1179
415 416
415 1180
414 415
414 1181
413 414
413 1182
412 413
412 1183
411 412
411 1184
410 411
410 1185
409 410
409 1186
408 409
408 1187
407 408
407 1188
406 407
406 1189
405 406
405 1190
404 405
404 1191
403 404
403 1192
402 403
402 1193
401 402
401 1194
400 401
400 1195
399 400
399 1196
398 399
398 1197
397 398
397 1198
396 397
396 1199
395 396
395 1200
394 395
394 1201
393 394
393 1202
392 393
392 1203
391 392
391 1204
390 391
390 1205
389 390
389 1206
388 389
388 1207
387 388
387 1208
386 387
386 1209
385 386
385 1210
384 385
384 1211
383 384
383 1212
382 383
382 1213
381 382
381 1214
380 381
380 1215
379 380
379 1216
378 379
378 1217
377 378
377 1218
376 377
376 1219
375 376
375 1220
374 375
374 1221
373 374
373 1222
372 373
372 1223
371 372
371 1224
370 371
370 1225
369 370
369 1226
368 369
368 1227
367 368
367 1228
366 367
366 1229
365 366
365 1230
364 365
364 1231
363 364
363 1232
362 363
362 1233
361 362
361 1234
360 361
360 1235
359 360
359 1236
358 359
358 1237
357 358
357 1238
356 357
356 1239
355 356
355 1240
354 355
354 1241
353 354
353 1242
352 353
352 1243
351 352
351 1244
350 351
350 1245
349 350
349 1246
348 349
348 1247
347 348
347 1248
346 347
346 1249
345 346
345 1250
344 345
344 1251
343 344
343 1252
342 343
342 1253
341 342
341 1254
340 341
340 1255
339 340
339 1256
338 339
338 1257
337 338
337 1258
336 337
336 1259
335 336
335 1260
334 335
334 1261
333 334
333 1262
332 333
332 1263
331 332
331 1264
330 331
330 1265
329 330
329 1266
328 329
328 1267
327 328
327 1268
326 327
326 1269
325 326
325 1270
324 325
324 1271
323 324
323 1272
322 323
322 1273
321 322
321 1274
320 321
320 1275
319 320
319 1276
318 319
318 1277
317 318
317 1278
316 317
316 1279
315 316
315 1280
314 315
314 1281
313 314
313 1282
312 313
312 1283
311 312
311 1284
310 311
310 1285
309 310
309 1286
308 309
308 1287
307 308
307 1288
306 307
306 1289
305 306
305 1290
304 305
304 1291
303 304
303 1292
302 303
302 1293
301 302
301 1294
300 301
300 1295
299 300
299 1296
298 299
298 1297
297 298
297 1298
296 297
296 1299
295 296
295 1300
294 295
294 1301
293 294
293 1302
292 293
292 1303
291 292
291 1304
290 291
290 1305
289 290
289 1306
288 289
288 1307
287 288
287 1308
286 287
286 1309
285 286
285 1310
284 285
284 1311
283 284
283 1312
282 283
282 1313
281 282
281 1314
280 281
280 1315
279 280
279 1316
278 279
278 1317
277 278
277 1318
276 277
276 1319
275 276
275 1320
274 275
274 1321
273 274
273 1322
272 273
272 1323
271 272
271 1324
270 271
270 1325
269 270
269 1326
268 269
268 1327
267 268
267 1328
266 267
266 1329
265 266
265 1330
264 265
264 1331
263 264
263 1332
262 263
262 1333
261 262
261 1334
260 261
260 1335
259 260
259 1336
258 259
258 1337
257 258
257 1338
256 257
256 1339
255 256
255 1340
254 255
254 1341
253 254
253 1342
252 253
252 1343
251 252
251 1344
250 251
250 1345
249 250
249 1346
248 249
248 1347
247 248
247 1348
246 247
246 1349
245 246
245 1350
244 245
244 1351
243 244
243 1352
242 243
242 1353
241 242
241 1354
240 241
240 1355
239 240
239 1356
238 239
238 1357
237 238
237 1358
236 237
236 1359
235 236
235 1360
234 235
234 1361
233 234
233 1362
232 233
232 1363
231 232
231 1364
230 231
230 1365
229 230
229 1366
228 229
228 1367
227 228
227 1368
226 227
226 1369
225 226
225 1370
224 225
224 1371
223 224
223 1372
222 223
222 1373
221 222
221 1374
220 221
220 1375
219 220
219 1376
218 219
218 1377
217 218
217 1378
216 217
216 1379
215 216
215 1380
214 215
214 1381
213 214
213 1382
212 213
212 1383
211 212
211 1384
210 211
210 1385
209 210
209 1386
208 209
208 1387
207 208
207 1388
206 207
206 1389
205 206
205 1390
204 205
204 1391
203 204
203 1392
202 203
202 1393
201 202
201 1394
200 201
200 1395
199 200
199 1396
198 199
198 1397
197 198
197 1398
196 197
196 1399
195 196
195 1400
194 195
194 1401
193 194
193 1402
192 193
192 1403
191 192
191 1404
190 191
190 1405
189 190
189 1406
188 189
188 1407
187 188
187 1408
186 187
186 1409
185 186
185 1410
184 185
184 1411
183 184
183 1412
182 183
182 1413
181 182
181 1414
180 181
180 1415
179 180
179 1416
178 179
178 1417
177 178
177 1418
176 177
176 1419
175 176
175 1420
174 175
174 1421
173 174
173 1422
172 173
172 1423
171 172
171 1424
170 171
170 1425
169 170
169 1426
168 169
168 1427
167 168
167 1428
166 167
166 1429
165 166
165 1430
164 165
164 1431
163 164
163 1432
162 163
162 1433
161 162
161 1434
160 161
160 1435
159 160
159 1436
158 159
158 1437
157 158
157 1438
156 157
156 1439
155 156
155 1440
154 155
154 1441
153 154
153 1442
152 153
152 1443
151 152
151 1444
150 151
150 1445
149 150
149 1446
148 149
148 1447
147 148
147 1448
146 147
146 1449
145 146
145 1450
144 145
144 1451
143 144
143 1452
142 143
142 1453
141 142
141 1454
140 141
140 1455
139 140
139 1456
138 139
138 1457
137 138
137 1458
136 137
136 1459
135 136
135 1460
134 135
134 1461
133 134
133 1462
132 133
132 1463
131 132
131 1464
130 131
130 1465
129 130
129 1466
128 129
128 1467
127 128
127 1468
126 127
126 1469
125 126
125 1470
124 125
124 1471
123 124
123 1472
122 123
122 1473
121 122
121 1474
120 121
120 1475
119 120
119 1476
118 119
118 1477
117 118
117 1478
116 117
116 1479
115 116
115 1480
114 115
114 1481
113 114
113 1482
112 113
112 1483
111 112
111 1484
110 111
110 1485
109 110
109 1486
108 109
108 1487
107 108
107 1488
106 107
106 1489
105 106
105 1490
104 105
104 1491
103 104
103 1492
102 103
102 1493
101 102
101 1494
100 101
100 1495
99 100
99 1496
98 99
98 1497
97 98
97 1498
96 97
96 1499
95 96
95 1500
94 95
94 1501
93 94
93 1502
92 93
92 1503
91 92
91 1504
90 91
90 1505
89 90
89 1506
88 89
88 1507
87 88
87 1508
86 87
86 1509
85 86
85 1510
84 85
84 1511
83 84
83 1512
82 83
82 1513
81 82
81 1514
80 81
80 1515
79 80
79 1516
78 79
78 1517
77 78
77 1518
76 77
76 1519
75 76
75 1520
74 75
74 1521
73 74
73 1522
72 73
72 1523
71 72
71 1524
70 71
70 1525
69 70
69 1526
68 69
68 1527
67 68
67 1528
66 67
66 1529
65 66
65 1530
64 65
64 1531
63 64
63 1532
62 63
62 1533
61 62
61 1534
60 61
60 1535
59 60
59 1536
58 59
58 1537
57 58
57 1538
56 57
56 1539
55 56
55 1540
54 55
54 1541
53 54
53 1542
52 53
52 1543
51 52
51 1544
50 51
50 1545
49 50
49 1546
48 49
48 1547
47 48
47 1548
46 47
46 1549
45 46
45 1550
44 45
44 1551
43 44
43 1552
42 43
42 1553
41 42
41 1554
40 41
40 1555
39 40
39 1556
38 39
38 1557
37 38
37 1558
36 37
36 1559
35 36
35 1560
34 35
34 1561
33 34
33 1562
32 33
32 1563
31 32
31 1564
30 31
30 1565
29 30
29 1566
28 29
28 1567
27 28
27 1568
26 27
26 1569
25 26
25 1570
24 25
24 1571
23 24
23 1572
22 23
22 1573
21 22
21 1574
20 21
20 1575
19 20
19 1576
18 19
18 1577
17 18
17 1578
16 17
16 1579
15 16
15 1580
14 15
14 1581
13 14
13 1582
12 13
12 1583
11 12
11 1584
10 11
10 1585
9 10
9 1586
8 9
8 1587
7 8
7 1588
6 7
6 1589
5 6
5 1590
4 5
4 1591
3 4
3 1592
2 3
2 1593
1 2
1 1594
1 1704
