1673 24479277
558 1
558 1595
558 1596
557 558
557 1597
557 1598
556 557
556 1599
556 1600
555 556
555 1601
555 1602
554 555
554 1603
554 1604
553 554
553 1605
553 1606
552 553
552 1607
552 1608
551 552
551 1609
551 1610
550 551
550 1611
550 1612
549 550
549 1613
549 1614
548 549
548 1615
548 1616
547 548
547 1617
547 1618
546 547
546 1619
546 1620
545 546
545 1621
545 1622
544 545
544 1623
544 1624
543 544
543 1625
543 1626
542 543
542 1627
542 1628
541 542
541 1629
541 1630
540 541
540 1631
540 1632
539 540
539 1633
539 1634
538 539
538 1635
538 1636
537 538
537 1637
537 1638
536 537
536 1639
536 1640
535 536
535 1641
535 1642
534 535
534 1643
534 1644
533 534
533 1645
533 1646
532 533
532 1647
532 1648
531 532
531 1649
531 1650
530 531
530 1651
530 1652
529 530
529 1653
529 1654
528 529
528 1655
528 1656
527 528
527 1657
527 1658
526 527
526 1659
526 1660
525 526
525 1661
525 1662
524 525
524 1663
524 1664
523 524
523 1665
523 1666
522 523
522 1667
522 1668
521 522
521 1669
521 1670
520 521
520 1671
520 1672
519 520
519 1673
519 1674
518 519
518 1675
518 1676
517 518
517 1677
517 1678
516 517
516 1679
516 1680
515 516
515 1681
515 1682
514 515
514 1683
514 1684
513 514
513 1685
513 1686
512 513
512 1687
512 1688
511 512
511 1689
511 1690
510 511
510 1691
510 1692
509 510
509 1693
509 1694
508 509
508 1695
508 1696
507 508
507 1697
507 1698
506 507
506 1699
506 1700
505 506
505 1701
505 1702
504 505
504 1703
504 1704
503 504
503 1728
503 1729
502 503
502 559
502 560
501 502
501 561
501 562
500 501
500 563
500 564
499 500
499 565
499 566
498 499
498 567
498 568
497 498
497 569
497 570
496 497
496 571
496 572
495 496
495 573
495 574
494 495
494 575
494 576
493 494
493 577
493 578
492 493
492 579
492 580
491 492
491 581
491 582
490 491
490 583
490 584
489 490
489 585
489 586
488 489
488 587
488 588
487 488
487 589
487 590
486 487
486 591
486 592
485 486
485 593
485 594
484 485
484 595
484 596
483 484
483 597
483 598
482 483
482 599
482 600
481 482
481 601
481 602
480 481
480 603
480 604
479 480
479 605
479 606
478 479
478 607
478 608
477 478
477 609
477 610
476 477
476 611
476 612
475 476
475 613
475 614
474 475
474 615
474 616
473 474
473 617
473 618
472 473
472 619
472 620
471 472
471 621
471 622
470 471
470 623
470 624
469 470
469 625
469 626
468 469
468 627
468 628
467 468
467 629
467 630
466 467
466 631
466 632
465 466
465 633
465 634
464 465
464 635
464 636
463 464
463 637
463 638
462 463
462 639
462 640
461 462
461 641
461 642
460 461
460 643
460 644
459 460
459 645
459 646
458 459
458 647
458 648
457 458
457 649
457 650
456 457
456 651
456 652
455 456
455 653
455 654
454 455
454 655
454 656
453 454
453 657
453 658
452 453
452 659
452 660
451 452
451 661
451 662
450 451
450 663
450 664
449 450
449 665
449 666
448 449
448 667
448 668
447 448
447 669
447 670
446 447
446 671
446 672
445 446
445 673
445 674
444 445
444 675
444 676
443 444
443 677
443 678
442 443
442 679
442 680
441 442
441 681
441 682
440 441
440 683
440 684
439 440
439 685
439 686
438 439
438 687
438 688
437 438
437 689
437 690
436 437
436 691
436 692
435 436
435 693
435 694
434 435
434 695
434 696
433 434
433 697
433 698
432 433
432 699
432 700
431 432
431 701
431 702
430 431
430 703
430 704
429 430
429 705
429 706
428 429
428 707
428 708
427 428
427 709
427 710
426 427
426 711
426 712
425 426
425 713
425 714
424 425
424 715
424 716
423 424
423 717
423 718
422 423
422 719
422 720
421 422
421 721
421 722
420 421
420 723
420 724
419 420
419 725
419 726
418 419
418 727
418 728
417 418
417 729
417 730
416 417
416 731
416 732
415 416
415 733
415 734
414 415
414 735
414 736
413 414
413 737
413 738
412 413
412 739
412 740
411 412
411 741
411 742
410 411
410 743
410 744
409 410
409 745
409 746
408 409
408 747
408 748
407 408
407 749
407 750
406 407
406 751
406 752
405 406
405 753
405 754
404 405
404 755
404 756
403 404
403 757
403 758
402 403
402 759
402 760
401 402
401 761
401 762
400 401
400 763
400 764
399 400
399 765
399 766
398 399
398 767
398 768
397 398
397 769
397 770
396 397
396 771
396 772
395 396
395 773
395 774
394 395
394 775
394 776
393 394
393 777
393 778
392 393
392 779
392 780
391 392
391 781
391 782
390 391
390 783
390 784
389 390
389 785
389 786
388 389
388 787
388 788
387 388
387 789
387 790
386 387
386 791
386 792
385 386
385 793
385 794
384 385
384 795
384 796
383 384
383 797
383 798
382 383
382 799
382 800
381 382
381 801
381 802
380 381
380 803
380 804
379 380
379 805
379 806
378 379
378 807
378 808
377 378
377 809
377 810
376 377
376 811
376 812
375 376
375 813
375 814
374 375
374 815
374 816
373 374
373 817
373 818
372 373
372 819
372 820
371 372
371 821
371 822
370 371
370 823
370 824
369 370
369 825
369 826
368 369
368 827
368 828
367 368
367 829
367 830
366 367
366 831
366 832
365 366
365 833
365 834
364 365
364 835
364 836
363 364
363 837
363 838
362 363
362 839
362 840
361 362
361 841
361 842
360 361
360 843
360 844
359 360
359 845
359 846
358 359
358 847
358 848
357 358
357 849
357 850
356 357
356 851
356 852
355 356
355 853
355 854
354 355
354 855
354 856
353 354
353 857
353 858
352 353
352 859
352 860
351 352
351 861
351 862
350 351
350 863
350 864
349 350
349 865
349 866
348 349
348 867
348 868
347 348
347 869
347 870
346 347
346 871
346 872
345 346
345 873
345 874
344 345
344 875
344 876
343 344
343 877
343 878
342 343
342 879
342 880
341 342
341 881
341 882
340 341
340 883
340 884
339 340
339 885
339 886
338 339
338 887
338 888
337 338
337 889
337 890
336 337
336 891
336 892
335 336
335 893
335 894
334 335
334 895
334 896
333 334
333 897
333 898
332 333
332 899
332 900
331 332
331 901
331 902
330 331
330 903
330 904
329 330
329 905
329 906
328 329
328 907
328 908
327 328
327 909
327 910
326 327
326 911
326 912
325 326
325 913
325 914
324 325
324 915
324 916
323 324
323 917
323 918
322 323
322 919
322 920
321 322
321 921
321 922
320 321
320 923
320 924
319 320
319 925
319 926
318 319
318 927
318 928
317 318
317 929
317 930
316 317
316 931
316 932
315 316
315 933
315 934
314 315
314 935
314 936
313 314
313 937
313 938
312 313
312 939
312 940
311 312
311 941
311 942
310 311
310 943
310 944
309 310
309 945
309 946
308 309
308 947
308 948
307 308
307 949
307 950
306 307
306 951
306 952
305 306
305 953
305 954
304 305
304 955
304 956
303 304
303 957
303 958
302 303
302 959
302 960
301 302
301 961
301 962
300 301
300 963
300 964
299 300
299 965
299 966
298 299
298 967
298 968
297 298
297 969
297 970
296 297
296 971
296 972
295 296
295 973
295 974
294 295
294 975
294 976
293 294
293 977
293 978
292 293
292 979
292 980
291 292
291 981
291 982
290 291
290 983
290 984
289 290
289 985
289 986
288 289
288 987
288 988
287 288
287 989
287 990
286 287
286 991
286 992
285 286
285 993
285 994
284 285
284 995
284 996
283 284
283 997
283 998
282 283
282 999
282 1000
281 282
281 1001
281 1002
280 281
280 1003
280 1004
279 280
279 1005
279 1006
278 279
278 1007
278 1008
277 278
277 1009
277 1010
276 277
276 1011
276 1012
275 276
275 1013
275 1014
274 275
274 1015
274 1016
273 274
273 1017
273 1018
272 273
272 1019
272 1020
271 272
271 1021
271 1022
270 271
270 1023
270 1024
269 270
269 1025
269 1026
268 269
268 1027
268 1028
267 268
267 1029
267 1030
266 267
266 1031
266 1032
265 266
265 1033
265 1034
264 265
264 1035
264 1036
263 264
263 1037
263 1038
262 263
262 1039
262 1040
261 262
261 1041
261 1042
260 261
260 1043
260 1044
259 260
259 1045
259 1046
258 259
258 1047
258 1048
257 258
257 1049
257 1050
256 257
256 1051
256 1052
255 256
255 1053
255 1054
254 255
254 1055
254 1056
253 254
253 1057
253 1058
252 253
252 1059
252 1060
251 252
251 1061
251 1062
250 251
250 1063
250 1064
249 250
249 1065
249 1066
248 249
248 1067
248 1068
247 248
247 1069
247 1070
246 247
246 1071
246 1072
245 246
245 1073
245 1074
244 245
244 1075
244 1076
243 244
243 1077
243 1078
242 243
242 1079
242 1080
241 242
241 1081
241 1082
240 241
240 1083
240 1084
239 240
239 1085
239 1086
238 239
238 1087
238 1088
237 238
237 1089
237 1090
236 237
236 1091
236 1092
235 236
235 1093
235 1094
234 235
234 1095
234 1096
233 234
233 1097
233 1098
232 233
232 1099
232 1100
231 232
231 1101
231 1102
230 231
230 1103
230 1104
229 230
229 1105
229 1106
228 229
228 1107
228 1108
227 228
227 1109
227 1110
226 227
226 1111
226 1112
225 226
225 1113
225 1114
224 225
224 1115
224 1116
223 224
223 1117
223 1118
222 223
222 1119
222 1120
221 222
221 1121
221 1122
220 221
220 1123
220 1124
219 220
219 1125
219 1126
218 219
218 1127
218 1128
217 218
217 1129
217 1130
216 217
216 1131
216 1132
215 216
215 1133
215 1134
214 215
214 1135
214 1136
213 214
213 1137
213 1138
212 213
212 1139
212 1140
211 212
211 1141
211 1142
210 211
210 1143
210 1144
209 210
209 1145
209 1146
208 209
208 1147
208 1148
207 208
207 1149
207 1150
206 207
206 1151
206 1152
205 206
205 1153
205 1154
204 205
204 1155
204 1156
203 204
203 1157
203 1158
202 203
202 1159
202 1160
201 202
201 1161
201 1162
200 201
200 1163
200 1164
199 200
199 1165
199 1166
198 199
198 1167
198 1168
197 198
197 1169
197 1170
196 197
196 1171
196 1172
195 196
195 1173
195 1174
194 195
194 1175
194 1176
193 194
193 1177
193 1178
192 193
192 1179
192 1180
191 192
191 1181
191 1182
190 191
190 1183
190 1184
189 190
189 1185
189 1186
188 189
188 1187
188 1188
187 188
187 1189
187 1190
186 187
186 1191
186 1192
185 186
185 1193
185 1194
184 185
184 1195
184 1196
183 184
183 1197
183 1198
182 183
182 1199
182 1200
181 182
181 1201
181 1202
180 181
180 1203
180 1204
179 180
179 1205
179 1206
178 179
178 1207
178 1208
177 178
177 1209
177 1210
176 177
176 1211
176 1212
175 176
175 1213
175 1214
174 175
174 1215
174 1216
173 174
173 1217
173 1218
172 173
172 1219
172 1220
171 172
171 1221
171 1222
170 171
170 1223
170 1224
169 170
169 1225
169 1226
168 169
168 1227
168 1228
167 168
167 1229
167 1230
166 167
166 1231
166 1232
165 166
165 1233
165 1234
164 165
164 1235
164 1236
163 164
163 1237
163 1238
162 163
162 1239
162 1240
161 162
161 1241
161 1242
160 161
160 1243
160 1244
159 160
159 1245
159 1246
158 159
158 1247
158 1248
157 158
157 1249
157 1250
156 157
156 1251
156 1252
155 156
155 1253
155 1254
154 155
154 1255
154 1256
153 154
153 1257
153 1258
152 153
152 1259
152 1260
151 152
151 1261
151 1262
150 151
150 1263
150 1264
149 150
149 1265
149 1266
148 149
148 1267
148 1268
147 148
147 1269
147 1270
146 147
146 1271
146 1272
145 146
145 1273
145 1274
144 145
144 1275
144 1276
143 144
143 1277
143 1278
142 143
142 1279
142 1280
141 142
141 1281
141 1282
140 141
140 1283
140 1284
139 140
139 1285
139 1286
138 139
138 1287
138 1288
137 138
137 1289
137 1290
136 137
136 1291
136 1292
135 136
135 1293
135 1294
134 135
134 1295
134 1296
133 134
133 1297
133 1298
132 133
132 1299
132 1300
131 132
131 1301
131 1302
130 131
130 1303
130 1304
129 130
129 1305
129 1306
128 129
128 1307
128 1308
127 128
127 1309
127 1310
126 127
126 1311
126 1312
125 126
125 1313
125 1314
124 125
124 1315
124 1316
123 124
123 1317
123 1318
122 123
122 1319
122 1320
121 122
121 1321
121 1322
120 121
120 1323
120 1324
119 120
119 1325
119 1326
118 119
118 1327
118 1328
117 118
117 1329
117 1330
116 117
116 1331
116 1332
115 116
115 1333
115 1334
114 115
114 1335
114 1336
113 114
113 1337
113 1338
112 113
112 1339
112 1340
111 112
111 1341
111 1342
110 111
110 1343
110 1344
109 110
109 1345
109 1346
108 109
108 1347
108 1348
107 108
107 1349
107 1350
106 107
106 1351
106 1352
105 106
105 1353
105 1354
104 105
104 1355
104 1356
103 104
103 1357
103 1358
102 103
102 1359
102 1360
101 102
101 1361
101 1362
100 101
100 1363
100 1364
99 100
99 1365
99 1366
98 99
98 1367
98 1368
97 98
97 1369
97 1370
96 97
96 1371
96 1372
95 96
95 1373
95 1374
94 95
94 1375
94 1376
93 94
93 1377
93 1378
92 93
92 1379
92 1380
91 92
91 1381
91 1382
90 91
90 1383
90 1384
89 90
89 1385
89 1386
88 89
88 1387
88 1388
87 88
87 1389
87 1390
86 87
86 1391
86 1392
85 86
85 1393
85 1394
84 85
84 1395
84 1396
83 84
83 1397
83 1398
82 83
82 1399
82 1400
81 82
81 1401
81 1402
80 81
80 1403
80 1404
79 80
79 1405
79 1406
78 79
78 1407
78 1408
77 78
77 1409
77 1410
76 77
76 1411
76 1412
75 76
75 1413
75 1414
74 75
74 1415
74 1416
73 74
73 1417
73 1418
72 73
72 1419
72 1420
71 72
71 1421
71 1422
70 71
70 1423
70 1424
69 70
69 1425
69 1426
68 69
68 1427
68 1428
67 68
67 1429
67 1430
66 67
66 1431
66 1432
65 66
65 1433
65 1434
64 65
64 1435
64 1436
63 64
63 1437
63 1438
62 63
62 1439
62 1440
61 62
61 1441
61 1442
60 61
60 1443
60 1444
59 60
59 1445
59 1446
58 59
58 1447
58 1448
57 58
57 1449
57 1450
56 57
56 1451
56 1452
55 56
55 1453
55 1454
54 55
54 1455
54 1456
53 54
53 1457
53 1458
52 53
52 1459
52 1460
51 52
51 1461
51 1462
50 51
50 1463
50 1464
49 50
49 1465
49 1466
48 49
48 1467
48 1468
47 48
47 1469
47 1470
46 47
46 1471
46 1472
45 46
45 1473
45 1474
44 45
44 1475
44 1476
43 44
43 1477
43 1478
42 43
42 1479
42 1480
41 42
41 1481
41 1482
40 41
40 1483
40 1484
39 40
39 1485
39 1486
38 39
38 1487
38 1488
37 38
37 1489
37 1490
36 37
36 1491
36 1492
35 36
35 1493
35 1494
34 35
34 1495
34 1496
33 34
33 1497
33 1498
32 33
32 1499
32 1500
31 32
31 1501
31 1502
30 31
30 1503
30 1504
29 30
29 1505
29 1506
28 29
28 1507
28 1508
27 28
27 1509
27 1510
26 27
26 1511
26 1512
25 26
25 1513
25 1514
24 25
24 1515
24 1516
23 24
23 1517
23 1518
22 23
22 1519
22 1520
21 22
21 1521
21 1522
20 21
20 1523
20 1524
19 20
19 1525
19 1526
18 19
18 1527
18 1528
17 18
17 1529
17 1530
16 17
16 1531
16 1532
15 16
15 1533
15 1534
14 15
14 1535
14 1536
13 14
13 1537
13 1538
12 13
12 1539
12 1540
11 12
11 1541
11 1542
10 11
10 1543
10 1544
9 10
9 1545
9 1546
8 9
8 1547
8 1548
7 8
7 1549
7 1550
6 7
6 1551
6 1552
5 6
5 1553
5 1554
4 5
4 1555
4 1556
3 4
3 1557
3 1558
2 3
2 1559
2 1560
1 2
1 1674
