1790 33867308
597 1
597 1561
597 1562
596 597
596 1563
596 1564
595 596
595 1565
595 1566
594 595
594 1567
594 1568
593 594
593 1569
593 1570
592 593
592 1571
592 1572
591 592
591 1573
591 1574
590 591
590 1575
590 1576
589 590
589 1577
589 1578
588 589
588 1579
588 1580
587 588
587 1581
587 1582
586 587
586 1583
586 1584
585 586
585 1585
585 1586
584 585
584 1587
584 1588
583 584
583 1589
583 1590
582 583
582 1591
582 1592
581 582
581 1593
581 1594
580 581
580 1595
580 1596
579 580
579 1597
579 1598
578 579
578 1599
578 1600
577 578
577 1601
577 1602
576 577
576 1603
576 1604
575 576
575 1605
575 1606
574 575
574 1607
574 1608
573 574
573 1609
573 1610
572 573
572 1611
572 1612
571 572
571 1613
571 1614
570 571
570 1615
570 1616
569 570
569 1617
569 1618
568 569
568 1619
568 1620
567 568
567 1621
567 1622
566 567
566 1623
566 1624
565 566
565 1625
565 1626
564 565
564 1627
564 1628
563 564
563 1629
563 1630
562 563
562 1631
562 1632
561 562
561 1633
561 1634
560 561
560 1635
560 1636
559 560
559 1637
559 1638
558 559
558 1639
558 1640
557 558
557 1641
557 1642
556 557
556 1643
556 1644
555 556
555 1645
555 1646
554 555
554 1647
554 1648
553 554
553 1649
553 1650
552 553
552 1651
552 1652
551 552
551 1653
551 1654
550 551
550 1655
550 1656
549 550
549 1657
549 1658
548 549
548 1659
548 1660
547 548
547 1661
547 1662
546 547
546 1663
546 1664
545 546
545 1665
545 1666
544 545
544 1667
544 1668
543 544
543 1669
543 1670
542 543
542 1671
542 1672
541 542
541 1673
541 1674
540 541
540 598
540 599
539 540
539 600
539 601
538 539
538 602
538 603
537 538
537 604
537 605
536 537
536 606
536 607
535 536
535 608
535 609
534 535
534 610
534 611
533 534
533 612
533 613
532 533
532 614
532 615
531 532
531 616
531 617
530 531
530 618
530 619
529 530
529 620
529 621
528 529
528 622
528 623
527 528
527 624
527 625
526 527
526 626
526 627
525 526
525 628
525 629
524 525
524 630
524 631
523 524
523 632
523 633
522 523
522 634
522 635
521 522
521 636
521 637
520 521
520 638
520 639
519 520
519 640
519 641
518 519
518 642
518 643
517 518
517 644
517 645
516 517
516 646
516 647
515 516
515 648
515 649
514 515
514 650
514 651
513 514
513 652
513 653
512 513
512 654
512 655
511 512
511 656
511 657
510 511
510 658
510 659
509 510
509 660
509 661
508 509
508 662
508 663
507 508
507 664
507 665
506 507
506 666
506 667
505 506
505 668
505 669
504 505
504 670
504 671
503 504
503 672
503 673
502 503
502 674
502 675
501 502
501 676
501 677
500 501
500 678
500 679
499 500
499 680
499 681
498 499
498 682
498 683
497 498
497 684
497 685
496 497
496 686
496 687
495 496
495 688
495 689
494 495
494 690
494 691
493 494
493 692
493 693
492 493
492 694
492 695
491 492
491 696
491 697
490 491
490 698
490 699
489 490
489 700
489 701
488 489
488 702
488 703
487 488
487 704
487 705
486 487
486 706
486 707
485 486
485 708
485 709
484 485
484 710
484 711
483 484
483 712
483 713
482 483
482 714
482 715
481 482
481 716
481 717
480 481
480 718
480 719
479 480
479 720
479 721
478 479
478 722
478 723
477 478
477 724
477 725
476 477
476 726
476 727
475 476
475 728
475 729
474 475
474 730
474 731
473 474
473 732
473 733
472 473
472 734
472 735
471 472
471 736
471 737
470 471
470 738
470 739
469 470
469 740
469 741
468 469
468 742
468 743
467 468
467 744
467 745
466 467
466 746
466 747
465 466
465 748
465 749
464 465
464 750
464 751
463 464
463 752
463 753
462 463
462 754
462 755
461 462
461 756
461 757
460 461
460 758
460 759
459 460
459 760
459 761
458 459
458 762
458 763
457 458
457 764
457 765
456 457
456 766
456 767
455 456
455 768
455 769
454 455
454 770
454 771
453 454
453 772
453 773
452 453
452 774
452 775
451 452
451 776
451 777
450 451
450 778
450 779
449 450
449 780
449 781
448 449
448 782
448 783
447 448
447 784
447 785
446 447
446 786
446 787
445 446
445 788
445 789
444 445
444 790
444 791
443 444
443 792
443 793
442 443
442 794
442 795
441 442
441 796
441 797
440 441
440 798
440 799
439 440
439 800
439 801
438 439
438 802
438 803
437 438
437 804
437 805
436 437
436 806
436 807
435 436
435 808
435 809
434 435
434 810
434 811
433 434
433 812
433 813
432 433
432 814
432 815
431 432
431 816
431 817
430 431
430 818
430 819
429 430
429 820
429 821
428 429
428 822
428 823
427 428
427 824
427 825
426 427
426 826
426 827
425 426
425 828
425 829
424 425
424 830
424 831
423 424
423 832
423 833
422 423
422 834
422 835
421 422
421 836
421 837
420 421
420 838
420 839
419 420
419 840
419 841
418 419
418 842
418 843
417 418
417 844
417 845
416 417
416 846
416 847
415 416
415 848
415 849
414 415
414 850
414 851
413 414
413 852
413 853
412 413
412 854
412 855
411 412
411 856
411 857
410 411
410 858
410 859
409 410
409 860
409 861
408 409
408 862
408 863
407 408
407 864
407 865
406 407
406 866
406 867
405 406
405 868
405 869
404 405
404 870
404 871
403 404
403 872
403 873
402 403
402 874
402 875
401 402
401 876
401 877
400 401
400 878
400 879
399 400
399 880
399 881
398 399
398 882
398 883
397 398
397 884
397 885
396 397
396 886
396 887
395 396
395 888
395 889
394 395
394 890
394 891
393 394
393 892
393 893
392 393
392 894
392 895
391 392
391 896
391 897
390 391
390 898
390 899
389 390
389 900
389 901
388 389
388 902
388 903
387 388
387 904
387 905
386 387
386 906
386 907
385 386
385 908
385 909
384 385
384 910
384 911
383 384
383 912
383 913
382 383
382 914
382 915
381 382
381 916
381 917
380 381
380 918
380 919
379 380
379 920
379 921
378 379
378 922
378 923
377 378
377 924
377 925
376 377
376 926
376 927
375 376
375 928
375 929
374 375
374 930
374 931
373 374
373 932
373 933
372 373
372 934
372 935
371 372
371 936
371 937
370 371
370 938
370 939
369 370
369 940
369 941
368 369
368 942
368 943
367 368
367 944
367 945
366 367
366 946
366 947
365 366
365 948
365 949
364 365
364 950
364 951
363 364
363 952
363 953
362 363
362 954
362 955
361 362
361 956
361 957
360 361
360 958
360 959
359 360
359 960
359 961
358 359
358 962
358 963
357 358
357 964
357 965
356 357
356 966
356 967
355 356
355 968
355 969
354 355
354 970
354 971
353 354
353 972
353 973
352 353
352 974
352 975
351 352
351 976
351 977
350 351
350 978
350 979
349 350
349 980
349 981
348 349
348 982
348 983
347 348
347 984
347 985
346 347
346 986
346 987
345 346
345 988
345 989
344 345
344 990
344 991
343 344
343 992
343 993
342 343
342 994
342 995
341 342
341 996
341 997
340 341
340 998
340 999
339 340
339 1000
339 1001
338 339
338 1002
338 1003
337 338
337 1004
337 1005
336 337
336 1006
336 1007
335 336
335 1008
335 1009
334 335
334 1010
334 1011
333 334
333 1012
333 1013
332 333
332 1014
332 1015
331 332
331 1016
331 1017
330 331
330 1018
330 1019
329 330
329 1020
329 1021
328 329
328 1022
328 1023
327 328
327 1024
327 1025
326 327
326 1026
326 1027
325 326
325 1028
325 1029
324 325
324 1030
324 1031
323 324
323 1032
323 1033
322 323
322 1034
322 1035
321 322
321 1036
321 1037
320 321
320 1038
320 1039
319 320
319 1040
319 1041
318 319
318 1042
318 1043
317 318
317 1044
317 1045
316 317
316 1046
316 1047
315 316
315 1048
315 1049
314 315
314 1050
314 1051
313 314
313 1052
313 1053
312 313
312 1054
312 1055
311 312
311 1056
311 1057
310 311
310 1058
310 1059
309 310
309 1060
309 1061
308 309
308 1062
308 1063
307 308
307 1064
307 1065
306 307
306 1066
306 1067
305 306
305 1068
305 1069
304 305
304 1070
304 1071
303 304
303 1072
303 1073
302 303
302 1074
302 1075
301 302
301 1076
301 1077
300 301
300 1078
300 1079
299 300
299 1080
299 1081
298 299
298 1082
298 1083
297 298
297 1084
297 1085
296 297
296 1086
296 1087
295 296
295 1088
295 1089
294 295
294 1090
294 1091
293 294
293 1092
293 1093
292 293
292 1094
292 1095
291 292
291 1096
291 1097
290 291
290 1098
290 1099
289 290
289 1100
289 1101
288 289
288 1102
288 1103
287 288
287 1104
287 1105
286 287
286 1106
286 1107
285 286
285 1108
285 1109
284 285
284 1110
284 1111
283 284
283 1112
283 1113
282 283
282 1114
282 1115
281 282
281 1116
281 1117
280 281
280 1118
280 1119
279 280
279 1120
279 1121
278 279
278 1122
278 1123
277 278
277 1124
277 1125
276 277
276 1126
276 1127
275 276
275 1128
275 1129
274 275
274 1130
274 1131
273 274
273 1132
273 1133
272 273
272 1134
272 1135
271 272
271 1136
271 1137
270 271
270 1138
270 1139
269 270
269 1140
269 1141
268 269
268 1142
268 1143
267 268
267 1144
267 1145
266 267
266 1146
266 1147
265 266
265 1148
265 1149
264 265
264 1150
264 1151
263 264
263 1152
263 1153
262 263
262 1154
262 1155
261 262
261 1156
261 1157
260 261
260 1158
260 1159
259 260
259 1160
259 1161
258 259
258 1162
258 1163
257 258
257 1164
257 1165
256 257
256 1166
256 1167
255 256
255 1168
255 1169
254 255
254 1170
254 1171
253 254
253 1172
253 1173
252 253
252 1174
252 1175
251 252
251 1176
251 1177
250 251
250 1178
250 1179
249 250
249 1180
249 1181
248 249
248 1182
248 1183
247 248
247 1184
247 1185
246 247
246 1186
246 1187
245 246
245 1188
245 1189
244 245
244 1190
244 1191
243 244
243 1192
243 1193
242 243
242 1194
242 1195
241 242
241 1196
241 1197
240 241
240 1198
240 1199
239 240
239 1200
239 1201
238 239
238 1202
238 1203
237 238
237 1204
237 1205
236 237
236 1206
236 1207
235 236
235 1208
235 1209
234 235
234 1210
234 1211
233 234
233 1212
233 1213
232 233
232 1214
232 1215
231 232
231 1216
231 1217
230 231
230 1218
230 1219
229 230
229 1220
229 1221
228 229
228 1222
228 1223
227 228
227 1224
227 1225
226 227
226 1226
226 1227
225 226
225 1228
225 1229
224 225
224 1230
224 1231
223 224
223 1232
223 1233
222 223
222 1234
222 1235
221 222
221 1236
221 1237
220 221
220 1238
220 1239
219 220
219 1240
219 1241
218 219
218 1242
218 1243
217 218
217 1244
217 1245
216 217
216 1246
216 1247
215 216
215 1248
215 1249
214 215
214 1250
214 1251
213 214
213 1252
213 1253
212 213
212 1254
212 1255
211 212
211 1256
211 1257
210 211
210 1258
210 1259
209 210
209 1260
209 1261
208 209
208 1262
208 1263
207 208
207 1264
207 1265
206 207
206 1266
206 1267
205 206
205 1268
205 1269
204 205
204 1270
204 1271
203 204
203 1272
203 1273
202 203
202 1274
202 1275
201 202
201 1276
201 1277
200 201
200 1278
200 1279
199 200
199 1280
199 1281
198 199
198 1282
198 1283
197 198
197 1284
197 1285
196 197
196 1286
196 1287
195 196
195 1288
195 1289
194 195
194 1290
194 1291
193 194
193 1292
193 1293
192 193
192 1294
192 1295
191 192
191 1296
191 1297
190 191
190 1298
190 1299
189 190
189 1300
189 1301
188 189
188 1302
188 1303
187 188
187 1304
187 1305
186 187
186 1306
186 1307
185 186
185 1308
185 1309
184 185
184 1310
184 1311
183 184
183 1312
183 1313
182 183
182 1314
182 1315
181 182
181 1316
181 1317
180 181
180 1318
180 1319
179 180
179 1320
179 1321
178 179
178 1322
178 1323
177 178
177 1324
177 1325
176 177
176 1326
176 1327
175 176
175 1328
175 1329
174 175
174 1330
174 1331
173 174
173 1332
173 1333
172 173
172 1334
172 1335
171 172
171 1336
171 1337
170 171
170 1338
170 1339
169 170
169 1340
169 1341
168 169
168 1342
168 1343
167 168
167 1344
167 1345
166 167
166 1346
166 1347
165 166
165 1348
165 1349
164 165
164 1350
164 1351
163 164
163 1352
163 1353
162 163
162 1354
162 1355
161 162
161 1356
161 1357
160 161
160 1358
160 1359
159 160
159 1360
159 1361
158 159
158 1362
158 1363
157 158
157 1364
157 1365
156 157
156 1366
156 1367
155 156
155 1368
155 1369
154 155
154 1370
154 1371
153 154
153 1372
153 1373
152 153
152 1374
152 1375
151 152
151 1376
151 1377
150 151
150 1378
150 1379
149 150
149 1380
149 1381
148 149
148 1382
148 1383
147 148
147 1384
147 1385
146 147
146 1386
146 1387
145 146
145 1388
145 1389
144 145
144 1390
144 1391
143 144
143 1392
143 1393
142 143
142 1394
142 1395
141 142
141 1396
141 1397
140 141
140 1398
140 1399
139 140
139 1400
139 1401
138 139
138 1402
138 1403
137 138
137 1404
137 1405
136 137
136 1406
136 1407
135 136
135 1408
135 1409
134 135
134 1410
134 1411
133 134
133 1412
133 1413
132 133
132 1414
132 1415
131 132
131 1416
131 1417
130 131
130 1418
130 1419
129 130
129 1420
129 1421
128 129
128 1422
128 1423
127 128
127 1424
127 1425
126 127
126 1426
126 1427
125 126
125 1428
125 1429
124 125
124 1430
124 1431
123 124
123 1432
123 1433
122 123
122 1434
122 1435
121 122
121 1436
121 1437
120 121
120 1438
120 1439
119 120
119 1440
119 1441
118 119
118 1442
118 1443
117 118
117 1444
117 1445
116 117
116 1446
116 1447
115 116
115 1448
115 1449
114 115
114 1450
114 1451
113 114
113 1452
113 1453
112 113
112 1454
112 1455
111 112
111 1456
111 1457
110 111
110 1458
110 1459
109 110
109 1460
109 1461
108 109
108 1462
108 1463
107 108
107 1464
107 1465
106 107
106 1466
106 1467
105 106
105 1468
105 1469
104 105
104 1470
104 1471
103 104
103 1472
103 1473
102 103
102 1474
102 1475
101 102
101 1476
101 1477
100 101
100 1478
100 1479
99 100
99 1480
99 1481
98 99
98 1482
98 1483
97 98
97 1484
97 1485
96 97
96 1486
96 1487
95 96
95 1488
95 1489
94 95
94 1490
94 1491
93 94
93 1492
93 1493
92 93
92 1494
92 1495
91 92
91 1496
91 1497
90 91
90 1498
90 1499
89 90
89 1500
89 1501
88 89
88 1502
88 1503
87 88
87 1504
87 1505
86 87
86 1506
86 1507
85 86
85 1508
85 1509
84 85
84 1510
84 1511
83 84
83 1512
83 1513
82 83
82 1514
82 1515
81 82
81 1516
81 1517
80 81
80 1518
80 1519
79 80
79 1520
79 1521
78 79
78 1522
78 1523
77 78
77 1524
77 1525
76 77
76 1526
76 1527
75 76
75 1528
75 1529
74 75
74 1530
74 1531
73 74
73 1532
73 1533
72 73
72 1534
72 1535
71 72
71 1536
71 1537
70 71
70 1538
70 1539
69 70
69 1540
69 1541
68 69
68 1542
68 1543
67 68
67 1544
67 1545
66 67
66 1546
66 1547
65 66
65 1548
65 1549
64 65
64 1550
64 1551
63 64
63 1552
63 1553
62 63
62 1554
62 1555
61 62
61 1556
61 1557
60 61
60 1558
60 1559
59 60
59 1560
59 1561
58 59
58 1562
58 1563
57 58
57 1564
57 1565
56 57
56 1566
56 1567
55 56
55 1568
55 1569
54 55
54 1570
54 1571
53 54
53 1572
53 1573
52 53
52 1574
52 1575
51 52
51 1576
51 1577
50 51
50 1578
50 1579
49 50
49 1580
49 1581
48 49
48 1582
48 1583
47 48
47 1584
47 1585
46 47
46 1586
46 1587
45 46
45 1588
45 1589
44 45
44 1590
44 1591
43 44
43 1592
43 1593
42 43
42 1594
42 1595
41 42
41 1596
41 1597
40 41
40 1598
40 1599
39 40
39 1600
39 1601
38 39
38 1602
38 1603
37 38
37 1604
37 1605
36 37
36 1606
36 1607
35 36
35 1608
35 1609
34 35
34 1610
34 1611
33 34
33 1612
33 1613
32 33
32 1614
32 1615
31 32
31 1616
31 1617
30 31
30 1618
30 1619
29 30
29 1620
29 1621
28 29
28 1622
28 1623
27 28
27 1624
27 1625
26 27
26 1626
26 1627
25 26
25 1628
25 1629
24 25
24 1630
24 1631
23 24
23 1632
23 1633
22 23
22 1634
22 1635
21 22
21 1636
21 1637
20 21
20 1638
20 1639
19 20
19 1640
19 1641
18 19
18 1642
18 1643
17 18
17 1644
17 1645
16 17
16 1646
16 1647
15 16
15 1648
15 1649
14 15
14 1650
14 1651
13 14
13 1652
13 1653
12 13
12 1654
12 1655
11 12
11 1656
11 1657
10 11
10 1658
10 1659
9 10
9 1660
9 1661
8 9
8 1662
8 1663
7 8
7 1664
7 1665
6 7
6 1666
6 1667
5 6
5 1668
5 1669
4 5
4 1670
4 1671
3 4
3 1672
3 1673
2 3
2 1674
2 1675
1 2
1 1791
