218 3123505
55 1
55 61
55 62
55 63
54 55
54 64
54 65
54 66
53 54
53 67
53 68
53 69
52 53
52 56
52 57
52 58
51 52
51 59
51 60
51 61
50 51
50 62
50 63
50 64
49 50
49 65
49 66
49 67
48 49
48 68
48 69
48 70
47 48
47 71
47 72
47 73
46 47
46 74
46 75
46 76
45 46
45 77
45 78
45 79
44 45
44 80
44 81
44 82
43 44
43 83
43 84
43 85
42 43
42 86
42 87
42 88
41 42
41 89
41 90
41 91
40 41
40 92
40 93
40 94
39 40
39 95
39 96
39 97
38 39
38 98
38 99
38 100
37 38
37 101
37 102
37 103
36 37
36 104
36 105
36 106
35 36
35 107
35 108
35 109
34 35
34 110
34 111
34 112
33 34
33 113
33 114
33 115
32 33
32 116
32 117
32 118
31 32
31 119
31 120
31 121
30 31
30 122
30 123
30 124
29 30
29 125
29 126
29 127
28 29
28 128
28 129
28 130
27 28
27 131
27 132
27 133
26 27
26 134
26 135
26 136
25 26
25 137
25 138
25 139
24 25
24 140
24 141
24 142
23 24
23 143
23 144
23 145
22 23
22 146
22 147
22 148
21 22
21 149
21 150
21 151
20 21
20 152
20 153
20 154
19 20
19 155
19 156
19 157
18 19
18 158
18 159
18 160
17 18
17 161
17 162
17 163
16 17
16 164
16 165
16 166
15 16
15 167
15 168
15 169
14 15
14 170
14 171
14 172
13 14
13 173
13 174
13 175
12 13
12 176
12 177
12 178
11 12
11 179
11 180
11 181
10 11
10 182
10 183
10 184
9 10
9 185
9 186
9 187
8 9
8 188
8 189
8 190
7 8
7 191
7 192
7 193
6 7
6 194
6 195
6 196
5 6
5 197
5 198
5 199
4 5
4 200
4 201
4 202
3 4
3 203
3 204
3 205
2 3
2 206
2 207
2 208
1 2
1 219
