1773 5370690
99 1
99 1676
99 1677
99 1678
99 1679
99 1680
99 1681
99 1682
99 1683
99 1684
99 1685
99 1686
99 1687
99 1688
99 1689
99 1690
99 1691
99 1692
98 99
98 1693
98 1694
98 1695
98 1696
98 1697
98 1698
98 1699
98 1700
98 1701
98 1702
98 1703
98 1704
98 1705
98 1706
98 1707
98 1708
98 1709
97 98
97 1710
97 1711
97 1712
97 1713
97 1714
97 1715
97 1716
97 1717
97 1718
97 1719
97 1720
97 1721
97 1722
97 1723
97 1724
97 1725
97 1726
96 97
96 1727
96 1728
96 1729
96 1730
96 1731
96 1732
96 1733
96 1734
96 1735
96 1736
96 1737
96 1738
96 1739
96 1740
96 1741
96 1742
96 1743
95 96
95 1744
95 1745
95 1746
95 1747
95 1748
95 1749
95 1750
95 1751
95 1752
95 1753
95 1754
95 1755
95 1756
95 1757
95 1758
95 1759
95 1760
94 95
94 1761
94 1762
94 1763
94 1764
94 1765
94 1766
94 1767
94 1768
94 1769
94 1770
94 1771
94 1772
94 1773
94 1774
94 1775
94 1776
94 1777
93 94
93 1778
93 1779
93 1780
93 1781
93 1782
93 1783
93 1784
93 1785
93 1786
93 1787
93 1788
93 1789
93 1790
93 1791
93 100
93 101
93 102
92 93
92 103
92 104
92 105
92 106
92 107
92 108
92 109
92 110
92 111
92 112
92 113
92 114
92 115
92 116
92 117
92 118
92 119
91 92
91 120
91 121
91 122
91 123
91 124
91 125
91 126
91 127
91 128
91 129
91 130
91 131
91 132
91 133
91 134
91 135
91 136
90 91
90 137
90 138
90 139
90 140
90 141
90 142
90 143
90 144
90 145
90 146
90 147
90 148
90 149
90 150
90 151
90 152
90 153
89 90
89 154
89 155
89 156
89 157
89 158
89 159
89 160
89 161
89 162
89 163
89 164
89 165
89 166
89 167
89 168
89 169
89 170
88 89
88 171
88 172
88 173
88 174
88 175
88 176
88 177
88 178
88 179
88 180
88 181
88 182
88 183
88 184
88 185
88 186
88 187
87 88
87 188
87 189
87 190
87 191
87 192
87 193
87 194
87 195
87 196
87 197
87 198
87 199
87 200
87 201
87 202
87 203
87 204
86 87
86 205
86 206
86 207
86 208
86 209
86 210
86 211
86 212
86 213
86 214
86 215
86 216
86 217
86 218
86 219
86 220
86 221
85 86
85 222
85 223
85 224
85 225
85 226
85 227
85 228
85 229
85 230
85 231
85 232
85 233
85 234
85 235
85 236
85 237
85 238
84 85
84 239
84 240
84 241
84 242
84 243
84 244
84 245
84 246
84 247
84 248
84 249
84 250
84 251
84 252
84 253
84 254
84 255
83 84
83 256
83 257
83 258
83 259
83 260
83 261
83 262
83 263
83 264
83 265
83 266
83 267
83 268
83 269
83 270
83 271
83 272
82 83
82 273
82 274
82 275
82 276
82 277
82 278
82 279
82 280
82 281
82 282
82 283
82 284
82 285
82 286
82 287
82 288
82 289
81 82
81 290
81 291
81 292
81 293
81 294
81 295
81 296
81 297
81 298
81 299
81 300
81 301
81 302
81 303
81 304
81 305
81 306
80 81
80 307
80 308
80 309
80 310
80 311
80 312
80 313
80 314
80 315
80 316
80 317
80 318
80 319
80 320
80 321
80 322
80 323
79 80
79 324
79 325
79 326
79 327
79 328
79 329
79 330
79 331
79 332
79 333
79 334
79 335
79 336
79 337
79 338
79 339
79 340
78 79
78 341
78 342
78 343
78 344
78 345
78 346
78 347
78 348
78 349
78 350
78 351
78 352
78 353
78 354
78 355
78 356
78 357
77 78
77 358
77 359
77 360
77 361
77 362
77 363
77 364
77 365
77 366
77 367
77 368
77 369
77 370
77 371
77 372
77 373
77 374
76 77
76 375
76 376
76 377
76 378
76 379
76 380
76 381
76 382
76 383
76 384
76 385
76 386
76 387
76 388
76 389
76 390
76 391
75 76
75 392
75 393
75 394
75 395
75 396
75 397
75 398
75 399
75 400
75 401
75 402
75 403
75 404
75 405
75 406
75 407
75 408
74 75
74 409
74 410
74 411
74 412
74 413
74 414
74 415
74 416
74 417
74 418
74 419
74 420
74 421
74 422
74 423
74 424
74 425
73 74
73 426
73 427
73 428
73 429
73 430
73 431
73 432
73 433
73 434
73 435
73 436
73 437
73 438
73 439
73 440
73 441
73 442
72 73
72 443
72 444
72 445
72 446
72 447
72 448
72 449
72 450
72 451
72 452
72 453
72 454
72 455
72 456
72 457
72 458
72 459
71 72
71 460
71 461
71 462
71 463
71 464
71 465
71 466
71 467
71 468
71 469
71 470
71 471
71 472
71 473
71 474
71 475
71 476
70 71
70 477
70 478
70 479
70 480
70 481
70 482
70 483
70 484
70 485
70 486
70 487
70 488
70 489
70 490
70 491
70 492
70 493
69 70
69 494
69 495
69 496
69 497
69 498
69 499
69 500
69 501
69 502
69 503
69 504
69 505
69 506
69 507
69 508
69 509
69 510
68 69
68 511
68 512
68 513
68 514
68 515
68 516
68 517
68 518
68 519
68 520
68 521
68 522
68 523
68 524
68 525
68 526
68 527
67 68
67 528
67 529
67 530
67 531
67 532
67 533
67 534
67 535
67 536
67 537
67 538
67 539
67 540
67 541
67 542
67 543
67 544
66 67
66 545
66 546
66 547
66 548
66 549
66 550
66 551
66 552
66 553
66 554
66 555
66 556
66 557
66 558
66 559
66 560
66 561
65 66
65 562
65 563
65 564
65 565
65 566
65 567
65 568
65 569
65 570
65 571
65 572
65 573
65 574
65 575
65 576
65 577
65 578
64 65
64 579
64 580
64 581
64 582
64 583
64 584
64 585
64 586
64 587
64 588
64 589
64 590
64 591
64 592
64 593
64 594
64 595
63 64
63 596
63 597
63 598
63 599
63 600
63 601
63 602
63 603
63 604
63 605
63 606
63 607
63 608
63 609
63 610
63 611
63 612
62 63
62 613
62 614
62 615
62 616
62 617
62 618
62 619
62 620
62 621
62 622
62 623
62 624
62 625
62 626
62 627
62 628
62 629
61 62
61 630
61 631
61 632
61 633
61 634
61 635
61 636
61 637
61 638
61 639
61 640
61 641
61 642
61 643
61 644
61 645
61 646
60 61
60 647
60 648
60 649
60 650
60 651
60 652
60 653
60 654
60 655
60 656
60 657
60 658
60 659
60 660
60 661
60 662
60 663
59 60
59 664
59 665
59 666
59 667
59 668
59 669
59 670
59 671
59 672
59 673
59 674
59 675
59 676
59 677
59 678
59 679
59 680
58 59
58 681
58 682
58 683
58 684
58 685
58 686
58 687
58 688
58 689
58 690
58 691
58 692
58 693
58 694
58 695
58 696
58 697
57 58
57 698
57 699
57 700
57 701
57 702
57 703
57 704
57 705
57 706
57 707
57 708
57 709
57 710
57 711
57 712
57 713
57 714
56 57
56 715
56 716
56 717
56 718
56 719
56 720
56 721
56 722
56 723
56 724
56 725
56 726
56 727
56 728
56 729
56 730
56 731
55 56
55 732
55 733
55 734
55 735
55 736
55 737
55 738
55 739
55 740
55 741
55 742
55 743
55 744
55 745
55 746
55 747
55 748
54 55
54 749
54 750
54 751
54 752
54 753
54 754
54 755
54 756
54 757
54 758
54 759
54 760
54 761
54 762
54 763
54 764
54 765
53 54
53 766
53 767
53 768
53 769
53 770
53 771
53 772
53 773
53 774
53 775
53 776
53 777
53 778
53 779
53 780
53 781
53 782
52 53
52 783
52 784
52 785
52 786
52 787
52 788
52 789
52 790
52 791
52 792
52 793
52 794
52 795
52 796
52 797
52 798
52 799
51 52
51 800
51 801
51 802
51 803
51 804
51 805
51 806
51 807
51 808
51 809
51 810
51 811
51 812
51 813
51 814
51 815
51 816
50 51
50 817
50 818
50 819
50 820
50 821
50 822
50 823
50 824
50 825
50 826
50 827
50 828
50 829
50 830
50 831
50 832
50 833
49 50
49 834
49 835
49 836
49 837
49 838
49 839
49 840
49 841
49 842
49 843
49 844
49 845
49 846
49 847
49 848
49 849
49 850
48 49
48 851
48 852
48 853
48 854
48 855
48 856
48 857
48 858
48 859
48 860
48 861
48 862
48 863
48 864
48 865
48 866
48 867
47 48
47 868
47 869
47 870
47 871
47 872
47 873
47 874
47 875
47 876
47 877
47 878
47 879
47 880
47 881
47 882
47 883
47 884
46 47
46 885
46 886
46 887
46 888
46 889
46 890
46 891
46 892
46 893
46 894
46 895
46 896
46 897
46 898
46 899
46 900
46 901
45 46
45 902
45 903
45 904
45 905
45 906
45 907
45 908
45 909
45 910
45 911
45 912
45 913
45 914
45 915
45 916
45 917
45 918
44 45
44 919
44 920
44 921
44 922
44 923
44 924
44 925
44 926
44 927
44 928
44 929
44 930
44 931
44 932
44 933
44 934
44 935
43 44
43 936
43 937
43 938
43 939
43 940
43 941
43 942
43 943
43 944
43 945
43 946
43 947
43 948
43 949
43 950
43 951
43 952
42 43
42 953
42 954
42 955
42 956
42 957
42 958
42 959
42 960
42 961
42 962
42 963
42 964
42 965
42 966
42 967
42 968
42 969
41 42
41 970
41 971
41 972
41 973
41 974
41 975
41 976
41 977
41 978
41 979
41 980
41 981
41 982
41 983
41 984
41 985
41 986
40 41
40 987
40 988
40 989
40 990
40 991
40 992
40 993
40 994
40 995
40 996
40 997
40 998
40 999
40 1000
40 1001
40 1002
40 1003
39 40
39 1004
39 1005
39 1006
39 1007
39 1008
39 1009
39 1010
39 1011
39 1012
39 1013
39 1014
39 1015
39 1016
39 1017
39 1018
39 1019
39 1020
38 39
38 1021
38 1022
38 1023
38 1024
38 1025
38 1026
38 1027
38 1028
38 1029
38 1030
38 1031
38 1032
38 1033
38 1034
38 1035
38 1036
38 1037
37 38
37 1038
37 1039
37 1040
37 1041
37 1042
37 1043
37 1044
37 1045
37 1046
37 1047
37 1048
37 1049
37 1050
37 1051
37 1052
37 1053
37 1054
36 37
36 1055
36 1056
36 1057
36 1058
36 1059
36 1060
36 1061
36 1062
36 1063
36 1064
36 1065
36 1066
36 1067
36 1068
36 1069
36 1070
36 1071
35 36
35 1072
35 1073
35 1074
35 1075
35 1076
35 1077
35 1078
35 1079
35 1080
35 1081
35 1082
35 1083
35 1084
35 1085
35 1086
35 1087
35 1088
34 35
34 1089
34 1090
34 1091
34 1092
34 1093
34 1094
34 1095
34 1096
34 1097
34 1098
34 1099
34 1100
34 1101
34 1102
34 1103
34 1104
34 1105
33 34
33 1106
33 1107
33 1108
33 1109
33 1110
33 1111
33 1112
33 1113
33 1114
33 1115
33 1116
33 1117
33 1118
33 1119
33 1120
33 1121
33 1122
32 33
32 1123
32 1124
32 1125
32 1126
32 1127
32 1128
32 1129
32 1130
32 1131
32 1132
32 1133
32 1134
32 1135
32 1136
32 1137
32 1138
32 1139
31 32
31 1140
31 1141
31 1142
31 1143
31 1144
31 1145
31 1146
31 1147
31 1148
31 1149
31 1150
31 1151
31 1152
31 1153
31 1154
31 1155
31 1156
30 31
30 1157
30 1158
30 1159
30 1160
30 1161
30 1162
30 1163
30 1164
30 1165
30 1166
30 1167
30 1168
30 1169
30 1170
30 1171
30 1172
30 1173
29 30
29 1174
29 1175
29 1176
29 1177
29 1178
29 1179
29 1180
29 1181
29 1182
29 1183
29 1184
29 1185
29 1186
29 1187
29 1188
29 1189
29 1190
28 29
28 1191
28 1192
28 1193
28 1194
28 1195
28 1196
28 1197
28 1198
28 1199
28 1200
28 1201
28 1202
28 1203
28 1204
28 1205
28 1206
28 1207
27 28
27 1208
27 1209
27 1210
27 1211
27 1212
27 1213
27 1214
27 1215
27 1216
27 1217
27 1218
27 1219
27 1220
27 1221
27 1222
27 1223
27 1224
26 27
26 1225
26 1226
26 1227
26 1228
26 1229
26 1230
26 1231
26 1232
26 1233
26 1234
26 1235
26 1236
26 1237
26 1238
26 1239
26 1240
26 1241
25 26
25 1242
25 1243
25 1244
25 1245
25 1246
25 1247
25 1248
25 1249
25 1250
25 1251
25 1252
25 1253
25 1254
25 1255
25 1256
25 1257
25 1258
24 25
24 1259
24 1260
24 1261
24 1262
24 1263
24 1264
24 1265
24 1266
24 1267
24 1268
24 1269
24 1270
24 1271
24 1272
24 1273
24 1274
24 1275
23 24
23 1276
23 1277
23 1278
23 1279
23 1280
23 1281
23 1282
23 1283
23 1284
23 1285
23 1286
23 1287
23 1288
23 1289
23 1290
23 1291
23 1292
22 23
22 1293
22 1294
22 1295
22 1296
22 1297
22 1298
22 1299
22 1300
22 1301
22 1302
22 1303
22 1304
22 1305
22 1306
22 1307
22 1308
22 1309
21 22
21 1310
21 1311
21 1312
21 1313
21 1314
21 1315
21 1316
21 1317
21 1318
21 1319
21 1320
21 1321
21 1322
21 1323
21 1324
21 1325
21 1326
20 21
20 1327
20 1328
20 1329
20 1330
20 1331
20 1332
20 1333
20 1334
20 1335
20 1336
20 1337
20 1338
20 1339
20 1340
20 1341
20 1342
20 1343
19 20
19 1344
19 1345
19 1346
19 1347
19 1348
19 1349
19 1350
19 1351
19 1352
19 1353
19 1354
19 1355
19 1356
19 1357
19 1358
19 1359
19 1360
18 19
18 1361
18 1362
18 1363
18 1364
18 1365
18 1366
18 1367
18 1368
18 1369
18 1370
18 1371
18 1372
18 1373
18 1374
18 1375
18 1376
18 1377
17 18
17 1378
17 1379
17 1380
17 1381
17 1382
17 1383
17 1384
17 1385
17 1386
17 1387
17 1388
17 1389
17 1390
17 1391
17 1392
17 1393
17 1394
16 17
16 1395
16 1396
16 1397
16 1398
16 1399
16 1400
16 1401
16 1402
16 1403
16 1404
16 1405
16 1406
16 1407
16 1408
16 1409
16 1410
16 1411
15 16
15 1412
15 1413
15 1414
15 1415
15 1416
15 1417
15 1418
15 1419
15 1420
15 1421
15 1422
15 1423
15 1424
15 1425
15 1426
15 1427
15 1428
14 15
14 1429
14 1430
14 1431
14 1432
14 1433
14 1434
14 1435
14 1436
14 1437
14 1438
14 1439
14 1440
14 1441
14 1442
14 1443
14 1444
14 1445
13 14
13 1446
13 1447
13 1448
13 1449
13 1450
13 1451
13 1452
13 1453
13 1454
13 1455
13 1456
13 1457
13 1458
13 1459
13 1460
13 1461
13 1462
12 13
12 1463
12 1464
12 1465
12 1466
12 1467
12 1468
12 1469
12 1470
12 1471
12 1472
12 1473
12 1474
12 1475
12 1476
12 1477
12 1478
12 1479
11 12
11 1480
11 1481
11 1482
11 1483
11 1484
11 1485
11 1486
11 1487
11 1488
11 1489
11 1490
11 1491
11 1492
11 1493
11 1494
11 1495
11 1496
10 11
10 1497
10 1498
10 1499
10 1500
10 1501
10 1502
10 1503
10 1504
10 1505
10 1506
10 1507
10 1508
10 1509
10 1510
10 1511
10 1512
10 1513
9 10
9 1514
9 1515
9 1516
9 1517
9 1518
9 1519
9 1520
9 1521
9 1522
9 1523
9 1524
9 1525
9 1526
9 1527
9 1528
9 1529
9 1530
8 9
8 1531
8 1532
8 1533
8 1534
8 1535
8 1536
8 1537
8 1538
8 1539
8 1540
8 1541
8 1542
8 1543
8 1544
8 1545
8 1546
8 1547
7 8
7 1548
7 1549
7 1550
7 1551
7 1552
7 1553
7 1554
7 1555
7 1556
7 1557
7 1558
7 1559
7 1560
7 1561
7 1562
7 1563
7 1564
6 7
6 1565
6 1566
6 1567
6 1568
6 1569
6 1570
6 1571
6 1572
6 1573
6 1574
6 1575
6 1576
6 1577
6 1578
6 1579
6 1580
6 1581
5 6
5 1582
5 1583
5 1584
5 1585
5 1586
5 1587
5 1588
5 1589
5 1590
5 1591
5 1592
5 1593
5 1594
5 1595
5 1596
5 1597
5 1598
4 5
4 1599
4 1600
4 1601
4 1602
4 1603
4 1604
4 1605
4 1606
4 1607
4 1608
4 1609
4 1610
4 1611
4 1612
4 1613
4 1614
4 1615
3 4
3 1616
3 1617
3 1618
3 1619
3 1620
3 1621
3 1622
3 1623
3 1624
3 1625
3 1626
3 1627
3 1628
3 1629
3 1630
3 1631
3 1632
2 3
2 1633
2 1634
2 1635
2 1636
2 1637
2 1638
2 1639
2 1640
2 1641
2 1642
2 1643
2 1644
2 1645
2 1646
2 1647
2 1648
2 1649
1 2
1 1650
1 1651
1 1652
1 1653
1 1654
1 1655
1 1656
1 1774
