1829 30462134
914 1
914 1657
913 914
913 1658
912 913
912 1659
911 912
911 1660
910 911
910 1661
909 910
909 1662
908 909
908 1663
907 908
907 1664
906 907
906 1665
905 906
905 1666
904 905
904 1667
903 904
903 1668
902 903
902 1669
901 902
901 1670
900 901
900 1671
899 900
899 1672
898 899
898 1673
897 898
897 1674
896 897
896 1675
895 896
895 1676
894 895
894 1677
893 894
893 1678
892 893
892 1679
891 892
891 1680
890 891
890 1681
889 890
889 1682
888 889
888 1683
887 888
887 1684
886 887
886 1685
885 886
885 1686
884 885
884 1687
883 884
883 1688
882 883
882 1689
881 882
881 1690
880 881
880 1691
879 880
879 1692
878 879
878 1693
877 878
877 1694
876 877
876 1695
875 876
875 1696
874 875
874 1697
873 874
873 1698
872 873
872 1699
871 872
871 1700
870 871
870 1701
869 870
869 1702
868 869
868 1703
867 868
867 1704
866 867
866 1705
865 866
865 1706
864 865
864 1707
863 864
863 1708
862 863
862 1709
861 862
861 1710
860 861
860 1711
859 860
859 1712
858 859
858 1713
857 858
857 1714
856 857
856 1715
855 856
855 1716
854 855
854 1717
853 854
853 1718
852 853
852 1719
851 852
851 1720
850 851
850 1721
849 850
849 1722
848 849
848 1723
847 848
847 1724
846 847
846 1725
845 846
845 1726
844 845
844 1727
843 844
843 1728
842 843
842 1729
841 842
841 1730
840 841
840 1731
839 840
839 1732
838 839
838 1733
837 838
837 1734
836 837
836 1735
835 836
835 1736
834 835
834 1737
833 834
833 1738
832 833
832 1739
831 832
831 1740
830 831
830 1741
829 830
829 1742
828 829
828 1743
827 828
827 1744
826 827
826 1745
825 826
825 1746
824 825
824 1747
823 824
823 1748
822 823
822 1749
821 822
821 1750
820 821
820 1751
819 820
819 1752
818 819
818 1753
817 818
817 1754
816 817
816 1755
815 816
815 1756
814 815
814 1757
813 814
813 1758
812 813
812 1759
811 812
811 1760
810 811
810 1761
809 810
809 1762
808 809
808 1763
807 808
807 1764
806 807
806 1765
805 806
805 1766
804 805
804 1767
803 804
803 1768
802 803
802 1769
801 802
801 1770
800 801
800 1771
799 800
799 1772
798 799
798 1773
797 798
797 1774
796 797
796 915
795 796
795 916
794 795
794 917
793 794
793 918
792 793
792 919
791 792
791 920
790 791
790 921
789 790
789 922
788 789
788 923
787 788
787 924
786 787
786 925
785 786
785 926
784 785
784 927
783 784
783 928
782 783
782 929
781 782
781 930
780 781
780 931
779 780
779 932
778 779
778 933
777 778
777 934
776 777
776 935
775 776
775 936
774 775
774 937
773 774
773 938
772 773
772 939
771 772
771 940
770 771
770 941
769 770
769 942
768 769
768 943
767 768
767 944
766 767
766 945
765 766
765 946
764 765
764 947
763 764
763 948
762 763
762 949
761 762
761 950
760 761
760 951
759 760
759 952
758 759
758 953
757 758
757 954
756 757
756 955
755 756
755 956
754 755
754 957
753 754
753 958
752 753
752 959
751 752
751 960
750 751
750 961
749 750
749 962
748 749
748 963
747 748
747 964
746 747
746 965
745 746
745 966
744 745
744 967
743 744
743 968
742 743
742 969
741 742
741 970
740 741
740 971
739 740
739 972
738 739
738 973
737 738
737 974
736 737
736 975
735 736
735 976
734 735
734 977
733 734
733 978
732 733
732 979
731 732
731 980
730 731
730 981
729 730
729 982
728 729
728 983
727 728
727 984
726 727
726 985
725 726
725 986
724 725
724 987
723 724
723 988
722 723
722 989
721 722
721 990
720 721
720 991
719 720
719 992
718 719
718 993
717 718
717 994
716 717
716 995
715 716
715 996
714 715
714 997
713 714
713 998
712 713
712 999
711 712
711 1000
710 711
710 1001
709 710
709 1002
708 709
708 1003
707 708
707 1004
706 707
706 1005
705 706
705 1006
704 705
704 1007
703 704
703 1008
702 703
702 1009
701 702
701 1010
700 701
700 1011
699 700
699 1012
698 699
698 1013
697 698
697 1014
696 697
696 1015
695 696
695 1016
694 695
694 1017
693 694
693 1018
692 693
692 1019
691 692
691 1020
690 691
690 1021
689 690
689 1022
688 689
688 1023
687 688
687 1024
686 687
686 1025
685 686
685 1026
684 685
684 1027
683 684
683 1028
682 683
682 1029
681 682
681 1030
680 681
680 1031
679 680
679 1032
678 679
678 1033
677 678
677 1034
676 677
676 1035
675 676
675 1036
674 675
674 1037
673 674
673 1038
672 673
672 1039
671 672
671 1040
670 671
670 1041
669 670
669 1042
668 669
668 1043
667 668
667 1044
666 667
666 1045
665 666
665 1046
664 665
664 1047
663 664
663 1048
662 663
662 1049
661 662
661 1050
660 661
660 1051
659 660
659 1052
658 659
658 1053
657 658
657 1054
656 657
656 1055
655 656
655 1056
654 655
654 1057
653 654
653 1058
652 653
652 1059
651 652
651 1060
650 651
650 1061
649 650
649 1062
648 649
648 1063
647 648
647 1064
646 647
646 1065
645 646
645 1066
644 645
644 1067
643 644
643 1068
642 643
642 1069
641 642
641 1070
640 641
640 1071
639 640
639 1072
638 639
638 1073
637 638
637 1074
636 637
636 1075
635 636
635 1076
634 635
634 1077
633 634
633 1078
632 633
632 1079
631 632
631 1080
630 631
630 1081
629 630
629 1082
628 629
628 1083
627 628
627 1084
626 627
626 1085
625 626
625 1086
624 625
624 1087
623 624
623 1088
622 623
622 1089
621 622
621 1090
620 621
620 1091
619 620
619 1092
618 619
618 1093
617 618
617 1094
616 617
616 1095
615 616
615 1096
614 615
614 1097
613 614
613 1098
612 613
612 1099
611 612
611 1100
610 611
610 1101
609 610
609 1102
608 609
608 1103
607 608
607 1104
606 607
606 1105
605 606
605 1106
604 605
604 1107
603 604
603 1108
602 603
602 1109
601 602
601 1110
600 601
600 1111
599 600
599 1112
598 599
598 1113
597 598
597 1114
596 597
596 1115
595 596
595 1116
594 595
594 1117
593 594
593 1118
592 593
592 1119
591 592
591 1120
590 591
590 1121
589 590
589 1122
588 589
588 1123
587 588
587 1124
586 587
586 1125
585 586
585 1126
584 585
584 1127
583 584
583 1128
582 583
582 1129
581 582
581 1130
580 581
580 1131
579 580
579 1132
578 579
578 1133
577 578
577 1134
576 577
576 1135
575 576
575 1136
574 575
574 1137
573 574
573 1138
572 573
572 1139
571 572
571 1140
570 571
570 1141
569 570
569 1142
568 569
568 1143
567 568
567 1144
566 567
566 1145
565 566
565 1146
564 565
564 1147
563 564
563 1148
562 563
562 1149
561 562
561 1150
560 561
560 1151
559 560
559 1152
558 559
558 1153
557 558
557 1154
556 557
556 1155
555 556
555 1156
554 555
554 1157
553 554
553 1158
552 553
552 1159
551 552
551 1160
550 551
550 1161
549 550
549 1162
548 549
548 1163
547 548
547 1164
546 547
546 1165
545 546
545 1166
544 545
544 1167
543 544
543 1168
542 543
542 1169
541 542
541 1170
540 541
540 1171
539 540
539 1172
538 539
538 1173
537 538
537 1174
536 537
536 1175
535 536
535 1176
534 535
534 1177
533 534
533 1178
532 533
532 1179
531 532
531 1180
530 531
530 1181
529 530
529 1182
528 529
528 1183
527 528
527 1184
526 527
526 1185
525 526
525 1186
524 525
524 1187
523 524
523 1188
522 523
522 1189
521 522
521 1190
520 521
520 1191
519 520
519 1192
518 519
518 1193
517 518
517 1194
516 517
516 1195
515 516
515 1196
514 515
514 1197
513 514
513 1198
512 513
512 1199
511 512
511 1200
510 511
510 1201
509 510
509 1202
508 509
508 1203
507 508
507 1204
506 507
506 1205
505 506
505 1206
504 505
504 1207
503 504
503 1208
502 503
502 1209
501 502
501 1210
500 501
500 1211
499 500
499 1212
498 499
498 1213
497 498
497 1214
496 497
496 1215
495 496
495 1216
494 495
494 1217
493 494
493 1218
492 493
492 1219
491 492
491 1220
490 491
490 1221
489 490
489 1222
488 489
488 1223
487 488
487 1224
486 487
486 1225
485 486
485 1226
484 485
484 1227
483 484
483 1228
482 483
482 1229
481 482
481 1230
480 481
480 1231
479 480
479 1232
478 479
478 1233
477 478
477 1234
476 477
476 1235
475 476
475 1236
474 475
474 1237
473 474
473 1238
472 473
472 1239
471 472
471 1240
470 471
470 1241
469 470
469 1242
468 469
468 1243
467 468
467 1244
466 467
466 1245
465 466
465 1246
464 465
464 1247
463 464
463 1248
462 463
462 1249
461 462
461 1250
460 461
460 1251
459 460
459 1252
458 459
458 1253
457 458
457 1254
456 457
456 1255
455 456
455 1256
454 455
454 1257
453 454
453 1258
452 453
452 1259
451 452
451 1260
450 451
450 1261
449 450
449 1262
448 449
448 1263
447 448
447 1264
446 447
446 1265
445 446
445 1266
444 445
444 1267
443 444
443 1268
442 443
442 1269
441 442
441 1270
440 441
440 1271
439 440
439 1272
438 439
438 1273
437 438
437 1274
436 437
436 1275
435 436
435 1276
434 435
434 1277
433 434
433 1278
432 433
432 1279
431 432
431 1280
430 431
430 1281
429 430
429 1282
428 429
428 1283
427 428
427 1284
426 427
426 1285
425 426
425 1286
424 425
424 1287
423 424
423 1288
422 423
422 1289
421 422
421 1290
420 421
420 1291
419 420
419 1292
418 419
418 1293
417 418
417 1294
416 417
416 1295
415 416
415 1296
414 415
414 1297
413 414
413 1298
412 413
412 1299
411 412
411 1300
410 411
410 1301
409 410
409 1302
408 409
408 1303
407 408
407 1304
406 407
406 1305
405 406
405 1306
404 405
404 1307
403 404
403 1308
402 403
402 1309
401 402
401 1310
400 401
400 1311
399 400
399 1312
398 399
398 1313
397 398
397 1314
396 397
396 1315
395 396
395 1316
394 395
394 1317
393 394
393 1318
392 393
392 1319
391 392
391 1320
390 391
390 1321
389 390
389 1322
388 389
388 1323
387 388
387 1324
386 387
386 1325
385 386
385 1326
384 385
384 1327
383 384
383 1328
382 383
382 1329
381 382
381 1330
380 381
380 1331
379 380
379 1332
378 379
378 1333
377 378
377 1334
376 377
376 1335
375 376
375 1336
374 375
374 1337
373 374
373 1338
372 373
372 1339
371 372
371 1340
370 371
370 1341
369 370
369 1342
368 369
368 1343
367 368
367 1344
366 367
366 1345
365 366
365 1346
364 365
364 1347
363 364
363 1348
362 363
362 1349
361 362
361 1350
360 361
360 1351
359 360
359 1352
358 359
358 1353
357 358
357 1354
356 357
356 1355
355 356
355 1356
354 355
354 1357
353 354
353 1358
352 353
352 1359
351 352
351 1360
350 351
350 1361
349 350
349 1362
348 349
348 1363
347 348
347 1364
346 347
346 1365
345 346
345 1366
344 345
344 1367
343 344
343 1368
342 343
342 1369
341 342
341 1370
340 341
340 1371
339 340
339 1372
338 339
338 1373
337 338
337 1374
336 337
336 1375
335 336
335 1376
334 335
334 1377
333 334
333 1378
332 333
332 1379
331 332
331 1380
330 331
330 1381
329 330
329 1382
328 329
328 1383
327 328
327 1384
326 327
326 1385
325 326
325 1386
324 325
324 1387
323 324
323 1388
322 323
322 1389
321 322
321 1390
320 321
320 1391
319 320
319 1392
318 319
318 1393
317 318
317 1394
316 317
316 1395
315 316
315 1396
314 315
314 1397
313 314
313 1398
312 313
312 1399
311 312
311 1400
310 311
310 1401
309 310
309 1402
308 309
308 1403
307 308
307 1404
306 307
306 1405
305 306
305 1406
304 305
304 1407
303 304
303 1408
302 303
302 1409
301 302
301 1410
300 301
300 1411
299 300
299 1412
298 299
298 1413
297 298
297 1414
296 297
296 1415
295 296
295 1416
294 295
294 1417
293 294
293 1418
292 293
292 1419
291 292
291 1420
290 291
290 1421
289 290
289 1422
288 289
288 1423
287 288
287 1424
286 287
286 1425
285 286
285 1426
284 285
284 1427
283 284
283 1428
282 283
282 1429
281 282
281 1430
280 281
280 1431
279 280
279 1432
278 279
278 1433
277 278
277 1434
276 277
276 1435
275 276
275 1436
274 275
274 1437
273 274
273 1438
272 273
272 1439
271 272
271 1440
270 271
270 1441
269 270
269 1442
268 269
268 1443
267 268
267 1444
266 267
266 1445
265 266
265 1446
264 265
264 1447
263 264
263 1448
262 263
262 1449
261 262
261 1450
260 261
260 1451
259 260
259 1452
258 259
258 1453
257 258
257 1454
256 257
256 1455
255 256
255 1456
254 255
254 1457
253 254
253 1458
252 253
252 1459
251 252
251 1460
250 251
250 1461
249 250
249 1462
248 249
248 1463
247 248
247 1464
246 247
246 1465
245 246
245 1466
244 245
244 1467
243 244
243 1468
242 243
242 1469
241 242
241 1470
240 241
240 1471
239 240
239 1472
238 239
238 1473
237 238
237 1474
236 237
236 1475
235 236
235 1476
234 235
234 1477
233 234
233 1478
232 233
232 1479
231 232
231 1480
230 231
230 1481
229 230
229 1482
228 229
228 1483
227 228
227 1484
226 227
226 1485
225 226
225 1486
224 225
224 1487
223 224
223 1488
222 223
222 1489
221 222
221 1490
220 221
220 1491
219 220
219 1492
218 219
218 1493
217 218
217 1494
216 217
216 1495
215 216
215 1496
214 215
214 1497
213 214
213 1498
212 213
212 1499
211 212
211 1500
210 211
210 1501
209 210
209 1502
208 209
208 1503
207 208
207 1504
206 207
206 1505
205 206
205 1506
204 205
204 1507
203 204
203 1508
202 203
202 1509
201 202
201 1510
200 201
200 1511
199 200
199 1512
198 199
198 1513
197 198
197 1514
196 197
196 1515
195 196
195 1516
194 195
194 1517
193 194
193 1518
192 193
192 1519
191 192
191 1520
190 191
190 1521
189 190
189 1522
188 189
188 1523
187 188
187 1524
186 187
186 1525
185 186
185 1526
184 185
184 1527
183 184
183 1528
182 183
182 1529
181 182
181 1530
180 181
180 1531
179 180
179 1532
178 179
178 1533
177 178
177 1534
176 177
176 1535
175 176
175 1536
174 175
174 1537
173 174
173 1538
172 173
172 1539
171 172
171 1540
170 171
170 1541
169 170
169 1542
168 169
168 1543
167 168
167 1544
166 167
166 1545
165 166
165 1546
164 165
164 1547
163 164
163 1548
162 163
162 1549
161 162
161 1550
160 161
160 1551
159 160
159 1552
158 159
158 1553
157 158
157 1554
156 157
156 1555
155 156
155 1556
154 155
154 1557
153 154
153 1558
152 153
152 1559
151 152
151 1560
150 151
150 1561
149 150
149 1562
148 149
148 1563
147 148
147 1564
146 147
146 1565
145 146
145 1566
144 145
144 1567
143 144
143 1568
142 143
142 1569
141 142
141 1570
140 141
140 1571
139 140
139 1572
138 139
138 1573
137 138
137 1574
136 137
136 1575
135 136
135 1576
134 135
134 1577
133 134
133 1578
132 133
132 1579
131 132
131 1580
130 131
130 1581
129 130
129 1582
128 129
128 1583
127 128
127 1584
126 127
126 1585
125 126
125 1586
124 125
124 1587
123 124
123 1588
122 123
122 1589
121 122
121 1590
120 121
120 1591
119 120
119 1592
118 119
118 1593
117 118
117 1594
116 117
116 1595
115 116
115 1596
114 115
114 1597
113 114
113 1598
112 113
112 1599
111 112
111 1600
110 111
110 1601
109 110
109 1602
108 109
108 1603
107 108
107 1604
106 107
106 1605
105 106
105 1606
104 105
104 1607
103 104
103 1608
102 103
102 1609
101 102
101 1610
100 101
100 1611
99 100
99 1612
98 99
98 1613
97 98
97 1614
96 97
96 1615
95 96
95 1616
94 95
94 1617
93 94
93 1618
92 93
92 1619
91 92
91 1620
90 91
90 1621
89 90
89 1622
88 89
88 1623
87 88
87 1624
86 87
86 1625
85 86
85 1626
84 85
84 1627
83 84
83 1628
82 83
82 1629
81 82
81 1630
80 81
80 1631
79 80
79 1632
78 79
78 1633
77 78
77 1634
76 77
76 1635
75 76
75 1636
74 75
74 1637
73 74
73 1638
72 73
72 1639
71 72
71 1640
70 71
70 1641
69 70
69 1642
68 69
68 1643
67 68
67 1644
66 67
66 1645
65 66
65 1646
64 65
64 1647
63 64
63 1648
62 63
62 1649
61 62
61 1650
60 61
60 1651
59 60
59 1652
58 59
58 1653
57 58
57 1654
56 57
56 1655
55 56
55 1656
54 55
54 1657
53 54
53 1658
52 53
52 1659
51 52
51 1660
50 51
50 1661
49 50
49 1662
48 49
48 1663
47 48
47 1664
46 47
46 1665
45 46
45 1666
44 45
44 1667
43 44
43 1668
42 43
42 1669
41 42
41 1670
40 41
40 1671
39 40
39 1672
38 39
38 1673
37 38
37 1674
36 37
36 1675
35 36
35 1676
34 35
34 1677
33 34
33 1678
32 33
32 1679
31 32
31 1680
30 31
30 1681
29 30
29 1682
28 29
28 1683
27 28
27 1684
26 27
26 1685
25 26
25 1686
24 25
24 1687
23 24
23 1688
22 23
22 1689
21 22
21 1690
20 21
20 1691
19 20
19 1692
18 19
18 1693
17 18
17 1694
16 17
16 1695
15 16
15 1696
14 15
14 1697
13 14
13 1698
12 13
12 1699
11 12
11 1700
10 11
10 1701
9 10
9 1702
8 9
8 1703
7 8
7 1704
6 7
6 1705
5 6
5 1706
4 5
4 1707
3 4
3 1708
2 3
2 1709
1 2
1 1710
1 1830
