1885 23079262
628 1
628 1711
628 1712
627 628
627 1713
627 1714
626 627
626 1715
626 1716
625 626
625 1717
625 1718
624 625
624 1719
624 1720
623 624
623 1721
623 1722
622 623
622 1723
622 1724
621 622
621 1725
621 1726
620 621
620 1727
620 1728
619 620
619 1729
619 1730
618 619
618 1731
618 1732
617 618
617 1733
617 1734
616 617
616 1735
616 1736
615 616
615 1737
615 1738
614 615
614 1739
614 1740
613 614
613 1741
613 1742
612 613
612 1743
612 1744
611 612
611 1745
611 1746
610 611
610 1747
610 1748
609 610
609 1749
609 1750
608 609
608 1751
608 1752
607 608
607 1753
607 1754
606 607
606 1755
606 1756
605 606
605 1757
605 1758
604 605
604 1759
604 1760
603 604
603 1761
603 1762
602 603
602 1763
602 1764
601 602
601 1765
601 1766
600 601
600 1767
600 1768
599 600
599 1769
599 1770
598 599
598 1771
598 1772
597 598
597 1773
597 1774
596 597
596 1775
596 1776
595 596
595 1777
595 1778
594 595
594 1779
594 1780
593 594
593 1781
593 1782
592 593
592 1783
592 1784
591 592
591 1785
591 1786
590 591
590 1787
590 1788
589 590
589 1789
589 1790
588 589
588 1791
588 1792
587 588
587 1793
587 1794
586 587
586 1795
586 1796
585 586
585 1797
585 1798
584 585
584 1799
584 1800
583 584
583 1801
583 1802
582 583
582 1803
582 1804
581 582
581 1805
581 1806
580 581
580 1807
580 1808
579 580
579 1809
579 1810
578 579
578 1811
578 1812
577 578
577 1813
577 1814
576 577
576 1815
576 1816
575 576
575 1817
575 1818
574 575
574 1819
574 1820
573 574
573 1821
573 1822
572 573
572 1823
572 1824
571 572
571 1825
571 1826
570 571
570 1827
570 1828
569 570
569 1829
569 1830
568 569
568 629
568 630
567 568
567 631
567 632
566 567
566 633
566 634
565 566
565 635
565 636
564 565
564 637
564 638
563 564
563 639
563 640
562 563
562 641
562 642
561 562
561 643
561 644
560 561
560 645
560 646
559 560
559 647
559 648
558 559
558 649
558 650
557 558
557 651
557 652
556 557
556 653
556 654
555 556
555 655
555 656
554 555
554 657
554 658
553 554
553 659
553 660
552 553
552 661
552 662
551 552
551 663
551 664
550 551
550 665
550 666
549 550
549 667
549 668
548 549
548 669
548 670
547 548
547 671
547 672
546 547
546 673
546 674
545 546
545 675
545 676
544 545
544 677
544 678
543 544
543 679
543 680
542 543
542 681
542 682
541 542
541 683
541 684
540 541
540 685
540 686
539 540
539 687
539 688
538 539
538 689
538 690
537 538
537 691
537 692
536 537
536 693
536 694
535 536
535 695
535 696
534 535
534 697
534 698
533 534
533 699
533 700
532 533
532 701
532 702
531 532
531 703
531 704
530 531
530 705
530 706
529 530
529 707
529 708
528 529
528 709
528 710
527 528
527 711
527 712
526 527
526 713
526 714
525 526
525 715
525 716
524 525
524 717
524 718
523 524
523 719
523 720
522 523
522 721
522 722
521 522
521 723
521 724
520 521
520 725
520 726
519 520
519 727
519 728
518 519
518 729
518 730
517 518
517 731
517 732
516 517
516 733
516 734
515 516
515 735
515 736
514 515
514 737
514 738
513 514
513 739
513 740
512 513
512 741
512 742
511 512
511 743
511 744
510 511
510 745
510 746
509 510
509 747
509 748
508 509
508 749
508 750
507 508
507 751
507 752
506 507
506 753
506 754
505 506
505 755
505 756
504 505
504 757
504 758
503 504
503 759
503 760
502 503
502 761
502 762
501 502
501 763
501 764
500 501
500 765
500 766
499 500
499 767
499 768
498 499
498 769
498 770
497 498
497 771
497 772
496 497
496 773
496 774
495 496
495 775
495 776
494 495
494 777
494 778
493 494
493 779
493 780
492 493
492 781
492 782
491 492
491 783
491 784
490 491
490 785
490 786
489 490
489 787
489 788
488 489
488 789
488 790
487 488
487 791
487 792
486 487
486 793
486 794
485 486
485 795
485 796
484 485
484 797
484 798
483 484
483 799
483 800
482 483
482 801
482 802
481 482
481 803
481 804
480 481
480 805
480 806
479 480
479 807
479 808
478 479
478 809
478 810
477 478
477 811
477 812
476 477
476 813
476 814
475 476
475 815
475 816
474 475
474 817
474 818
473 474
473 819
473 820
472 473
472 821
472 822
471 472
471 823
471 824
470 471
470 825
470 826
469 470
469 827
469 828
468 469
468 829
468 830
467 468
467 831
467 832
466 467
466 833
466 834
465 466
465 835
465 836
464 465
464 837
464 838
463 464
463 839
463 840
462 463
462 841
462 842
461 462
461 843
461 844
460 461
460 845
460 846
459 460
459 847
459 848
458 459
458 849
458 850
457 458
457 851
457 852
456 457
456 853
456 854
455 456
455 855
455 856
454 455
454 857
454 858
453 454
453 859
453 860
452 453
452 861
452 862
451 452
451 863
451 864
450 451
450 865
450 866
449 450
449 867
449 868
448 449
448 869
448 870
447 448
447 871
447 872
446 447
446 873
446 874
445 446
445 875
445 876
444 445
444 877
444 878
443 444
443 879
443 880
442 443
442 881
442 882
441 442
441 883
441 884
440 441
440 885
440 886
439 440
439 887
439 888
438 439
438 889
438 890
437 438
437 891
437 892
436 437
436 893
436 894
435 436
435 895
435 896
434 435
434 897
434 898
433 434
433 899
433 900
432 433
432 901
432 902
431 432
431 903
431 904
430 431
430 905
430 906
429 430
429 907
429 908
428 429
428 909
428 910
427 428
427 911
427 912
426 427
426 913
426 914
425 426
425 915
425 916
424 425
424 917
424 918
423 424
423 919
423 920
422 423
422 921
422 922
421 422
421 923
421 924
420 421
420 925
420 926
419 420
419 927
419 928
418 419
418 929
418 930
417 418
417 931
417 932
416 417
416 933
416 934
415 416
415 935
415 936
414 415
414 937
414 938
413 414
413 939
413 940
412 413
412 941
412 942
411 412
411 943
411 944
410 411
410 945
410 946
409 410
409 947
409 948
408 409
408 949
408 950
407 408
407 951
407 952
406 407
406 953
406 954
405 406
405 955
405 956
404 405
404 957
404 958
403 404
403 959
403 960
402 403
402 961
402 962
401 402
401 963
401 964
400 401
400 965
400 966
399 400
399 967
399 968
398 399
398 969
398 970
397 398
397 971
397 972
396 397
396 973
396 974
395 396
395 975
395 976
394 395
394 977
394 978
393 394
393 979
393 980
392 393
392 981
392 982
391 392
391 983
391 984
390 391
390 985
390 986
389 390
389 987
389 988
388 389
388 989
388 990
387 388
387 991
387 992
386 387
386 993
386 994
385 386
385 995
385 996
384 385
384 997
384 998
383 384
383 999
383 1000
382 383
382 1001
382 1002
381 382
381 1003
381 1004
380 381
380 1005
380 1006
379 380
379 1007
379 1008
378 379
378 1009
378 1010
377 378
377 1011
377 1012
376 377
376 1013
376 1014
375 376
375 1015
375 1016
374 375
374 1017
374 1018
373 374
373 1019
373 1020
372 373
372 1021
372 1022
371 372
371 1023
371 1024
370 371
370 1025
370 1026
369 370
369 1027
369 1028
368 369
368 1029
368 1030
367 368
367 1031
367 1032
366 367
366 1033
366 1034
365 366
365 1035
365 1036
364 365
364 1037
364 1038
363 364
363 1039
363 1040
362 363
362 1041
362 1042
361 362
361 1043
361 1044
360 361
360 1045
360 1046
359 360
359 1047
359 1048
358 359
358 1049
358 1050
357 358
357 1051
357 1052
356 357
356 1053
356 1054
355 356
355 1055
355 1056
354 355
354 1057
354 1058
353 354
353 1059
353 1060
352 353
352 1061
352 1062
351 352
351 1063
351 1064
350 351
350 1065
350 1066
349 350
349 1067
349 1068
348 349
348 1069
348 1070
347 348
347 1071
347 1072
346 347
346 1073
346 1074
345 346
345 1075
345 1076
344 345
344 1077
344 1078
343 344
343 1079
343 1080
342 343
342 1081
342 1082
341 342
341 1083
341 1084
340 341
340 1085
340 1086
339 340
339 1087
339 1088
338 339
338 1089
338 1090
337 338
337 1091
337 1092
336 337
336 1093
336 1094
335 336
335 1095
335 1096
334 335
334 1097
334 1098
333 334
333 1099
333 1100
332 333
332 1101
332 1102
331 332
331 1103
331 1104
330 331
330 1105
330 1106
329 330
329 1107
329 1108
328 329
328 1109
328 1110
327 328
327 1111
327 1112
326 327
326 1113
326 1114
325 326
325 1115
325 1116
324 325
324 1117
324 1118
323 324
323 1119
323 1120
322 323
322 1121
322 1122
321 322
321 1123
321 1124
320 321
320 1125
320 1126
319 320
319 1127
319 1128
318 319
318 1129
318 1130
317 318
317 1131
317 1132
316 317
316 1133
316 1134
315 316
315 1135
315 1136
314 315
314 1137
314 1138
313 314
313 1139
313 1140
312 313
312 1141
312 1142
311 312
311 1143
311 1144
310 311
310 1145
310 1146
309 310
309 1147
309 1148
308 309
308 1149
308 1150
307 308
307 1151
307 1152
306 307
306 1153
306 1154
305 306
305 1155
305 1156
304 305
304 1157
304 1158
303 304
303 1159
303 1160
302 303
302 1161
302 1162
301 302
301 1163
301 1164
300 301
300 1165
300 1166
299 300
299 1167
299 1168
298 299
298 1169
298 1170
297 298
297 1171
297 1172
296 297
296 1173
296 1174
295 296
295 1175
295 1176
294 295
294 1177
294 1178
293 294
293 1179
293 1180
292 293
292 1181
292 1182
291 292
291 1183
291 1184
290 291
290 1185
290 1186
289 290
289 1187
289 1188
288 289
288 1189
288 1190
287 288
287 1191
287 1192
286 287
286 1193
286 1194
285 286
285 1195
285 1196
284 285
284 1197
284 1198
283 284
283 1199
283 1200
282 283
282 1201
282 1202
281 282
281 1203
281 1204
280 281
280 1205
280 1206
279 280
279 1207
279 1208
278 279
278 1209
278 1210
277 278
277 1211
277 1212
276 277
276 1213
276 1214
275 276
275 1215
275 1216
274 275
274 1217
274 1218
273 274
273 1219
273 1220
272 273
272 1221
272 1222
271 272
271 1223
271 1224
270 271
270 1225
270 1226
269 270
269 1227
269 1228
268 269
268 1229
268 1230
267 268
267 1231
267 1232
266 267
266 1233
266 1234
265 266
265 1235
265 1236
264 265
264 1237
264 1238
263 264
263 1239
263 1240
262 263
262 1241
262 1242
261 262
261 1243
261 1244
260 261
260 1245
260 1246
259 260
259 1247
259 1248
258 259
258 1249
258 1250
257 258
257 1251
257 1252
256 257
256 1253
256 1254
255 256
255 1255
255 1256
254 255
254 1257
254 1258
253 254
253 1259
253 1260
252 253
252 1261
252 1262
251 252
251 1263
251 1264
250 251
250 1265
250 1266
249 250
249 1267
249 1268
248 249
248 1269
248 1270
247 248
247 1271
247 1272
246 247
246 1273
246 1274
245 246
245 1275
245 1276
244 245
244 1277
244 1278
243 244
243 1279
243 1280
242 243
242 1281
242 1282
241 242
241 1283
241 1284
240 241
240 1285
240 1286
239 240
239 1287
239 1288
238 239
238 1289
238 1290
237 238
237 1291
237 1292
236 237
236 1293
236 1294
235 236
235 1295
235 1296
234 235
234 1297
234 1298
233 234
233 1299
233 1300
232 233
232 1301
232 1302
231 232
231 1303
231 1304
230 231
230 1305
230 1306
229 230
229 1307
229 1308
228 229
228 1309
228 1310
227 228
227 1311
227 1312
226 227
226 1313
226 1314
225 226
225 1315
225 1316
224 225
224 1317
224 1318
223 224
223 1319
223 1320
222 223
222 1321
222 1322
221 222
221 1323
221 1324
220 221
220 1325
220 1326
219 220
219 1327
219 1328
218 219
218 1329
218 1330
217 218
217 1331
217 1332
216 217
216 1333
216 1334
215 216
215 1335
215 1336
214 215
214 1337
214 1338
213 214
213 1339
213 1340
212 213
212 1341
212 1342
211 212
211 1343
211 1344
210 211
210 1345
210 1346
209 210
209 1347
209 1348
208 209
208 1349
208 1350
207 208
207 1351
207 1352
206 207
206 1353
206 1354
205 206
205 1355
205 1356
204 205
204 1357
204 1358
203 204
203 1359
203 1360
202 203
202 1361
202 1362
201 202
201 1363
201 1364
200 201
200 1365
200 1366
199 200
199 1367
199 1368
198 199
198 1369
198 1370
197 198
197 1371
197 1372
196 197
196 1373
196 1374
195 196
195 1375
195 1376
194 195
194 1377
194 1378
193 194
193 1379
193 1380
192 193
192 1381
192 1382
191 192
191 1383
191 1384
190 191
190 1385
190 1386
189 190
189 1387
189 1388
188 189
188 1389
188 1390
187 188
187 1391
187 1392
186 187
186 1393
186 1394
185 186
185 1395
185 1396
184 185
184 1397
184 1398
183 184
183 1399
183 1400
182 183
182 1401
182 1402
181 182
181 1403
181 1404
180 181
180 1405
180 1406
179 180
179 1407
179 1408
178 179
178 1409
178 1410
177 178
177 1411
177 1412
176 177
176 1413
176 1414
175 176
175 1415
175 1416
174 175
174 1417
174 1418
173 174
173 1419
173 1420
172 173
172 1421
172 1422
171 172
171 1423
171 1424
170 171
170 1425
170 1426
169 170
169 1427
169 1428
168 169
168 1429
168 1430
167 168
167 1431
167 1432
166 167
166 1433
166 1434
165 166
165 1435
165 1436
164 165
164 1437
164 1438
163 164
163 1439
163 1440
162 163
162 1441
162 1442
161 162
161 1443
161 1444
160 161
160 1445
160 1446
159 160
159 1447
159 1448
158 159
158 1449
158 1450
157 158
157 1451
157 1452
156 157
156 1453
156 1454
155 156
155 1455
155 1456
154 155
154 1457
154 1458
153 154
153 1459
153 1460
152 153
152 1461
152 1462
151 152
151 1463
151 1464
150 151
150 1465
150 1466
149 150
149 1467
149 1468
148 149
148 1469
148 1470
147 148
147 1471
147 1472
146 147
146 1473
146 1474
145 146
145 1475
145 1476
144 145
144 1477
144 1478
143 144
143 1479
143 1480
142 143
142 1481
142 1482
141 142
141 1483
141 1484
140 141
140 1485
140 1486
139 140
139 1487
139 1488
138 139
138 1489
138 1490
137 138
137 1491
137 1492
136 137
136 1493
136 1494
135 136
135 1495
135 1496
134 135
134 1497
134 1498
133 134
133 1499
133 1500
132 133
132 1501
132 1502
131 132
131 1503
131 1504
130 131
130 1505
130 1506
129 130
129 1507
129 1508
128 129
128 1509
128 1510
127 128
127 1511
127 1512
126 127
126 1513
126 1514
125 126
125 1515
125 1516
124 125
124 1517
124 1518
123 124
123 1519
123 1520
122 123
122 1521
122 1522
121 122
121 1523
121 1524
120 121
120 1525
120 1526
119 120
119 1527
119 1528
118 119
118 1529
118 1530
117 118
117 1531
117 1532
116 117
116 1533
116 1534
115 116
115 1535
115 1536
114 115
114 1537
114 1538
113 114
113 1539
113 1540
112 113
112 1541
112 1542
111 112
111 1543
111 1544
110 111
110 1545
110 1546
109 110
109 1547
109 1548
108 109
108 1549
108 1550
107 108
107 1551
107 1552
106 107
106 1553
106 1554
105 106
105 1555
105 1556
104 105
104 1557
104 1558
103 104
103 1559
103 1560
102 103
102 1561
102 1562
101 102
101 1563
101 1564
100 101
100 1565
100 1566
99 100
99 1567
99 1568
98 99
98 1569
98 1570
97 98
97 1571
97 1572
96 97
96 1573
96 1574
95 96
95 1575
95 1576
94 95
94 1577
94 1578
93 94
93 1579
93 1580
92 93
92 1581
92 1582
91 92
91 1583
91 1584
90 91
90 1585
90 1586
89 90
89 1587
89 1588
88 89
88 1589
88 1590
87 88
87 1591
87 1592
86 87
86 1593
86 1594
85 86
85 1595
85 1596
84 85
84 1597
84 1598
83 84
83 1599
83 1600
82 83
82 1601
82 1602
81 82
81 1603
81 1604
80 81
80 1605
80 1606
79 80
79 1607
79 1608
78 79
78 1609
78 1610
77 78
77 1611
77 1612
76 77
76 1613
76 1614
75 76
75 1615
75 1616
74 75
74 1617
74 1618
73 74
73 1619
73 1620
72 73
72 1621
72 1622
71 72
71 1623
71 1624
70 71
70 1625
70 1626
69 70
69 1627
69 1628
68 69
68 1629
68 1630
67 68
67 1631
67 1632
66 67
66 1633
66 1634
65 66
65 1635
65 1636
64 65
64 1637
64 1638
63 64
63 1639
63 1640
62 63
62 1641
62 1642
61 62
61 1643
61 1644
60 61
60 1645
60 1646
59 60
59 1647
59 1648
58 59
58 1649
58 1650
57 58
57 1651
57 1652
56 57
56 1653
56 1654
55 56
55 1655
55 1656
54 55
54 1657
54 1658
53 54
53 1659
53 1660
52 53
52 1661
52 1662
51 52
51 1663
51 1664
50 51
50 1665
50 1666
49 50
49 1667
49 1668
48 49
48 1669
48 1670
47 48
47 1671
47 1672
46 47
46 1673
46 1674
45 46
45 1675
45 1676
44 45
44 1677
44 1678
43 44
43 1679
43 1680
42 43
42 1681
42 1682
41 42
41 1683
41 1684
40 41
40 1685
40 1686
39 40
39 1687
39 1688
38 39
38 1689
38 1690
37 38
37 1691
37 1692
36 37
36 1693
36 1694
35 36
35 1695
35 1696
34 35
34 1697
34 1698
33 34
33 1699
33 1700
32 33
32 1701
32 1702
31 32
31 1703
31 1704
30 31
30 1705
30 1706
29 30
29 1707
29 1708
28 29
28 1709
28 1710
27 28
27 1711
27 1712
26 27
26 1713
26 1714
25 26
25 1715
25 1716
24 25
24 1717
24 1718
23 24
23 1719
23 1720
22 23
22 1721
22 1722
21 22
21 1723
21 1724
20 21
20 1725
20 1726
19 20
19 1727
19 1728
18 19
18 1729
18 1730
17 18
17 1731
17 1732
16 17
16 1733
16 1734
15 16
15 1735
15 1736
14 15
14 1737
14 1738
13 14
13 1739
13 1740
12 13
12 1741
12 1742
11 12
11 1743
11 1744
10 11
10 1745
10 1746
9 10
9 1747
9 1748
8 9
8 1749
8 1750
7 8
7 1751
7 1752
6 7
6 1753
6 1754
5 6
5 1755
5 1756
4 5
4 1757
4 1758
3 4
3 1759
3 1760
2 3
2 1761
2 1762
1 2
1 1763
1 1764
1 1886
