1906 20753757
953 1
953 1765
952 953
952 1766
951 952
951 1767
950 951
950 1768
949 950
949 1769
948 949
948 1770
947 948
947 1771
946 947
946 1772
945 946
945 1773
944 945
944 1774
943 944
943 1775
942 943
942 1776
941 942
941 1777
940 941
940 1778
939 940
939 1779
938 939
938 1780
937 938
937 1781
936 937
936 1782
935 936
935 1783
934 935
934 1784
933 934
933 1785
932 933
932 1786
931 932
931 1787
930 931
930 1788
929 930
929 1789
928 929
928 1790
927 928
927 1791
926 927
926 1792
925 926
925 1793
924 925
924 1794
923 924
923 1795
922 923
922 1796
921 922
921 1797
920 921
920 1798
919 920
919 1799
918 919
918 1800
917 918
917 1801
916 917
916 1802
915 916
915 1803
914 915
914 1804
913 914
913 1805
912 913
912 1806
911 912
911 1807
910 911
910 1808
909 910
909 1809
908 909
908 1810
907 908
907 1811
906 907
906 1812
905 906
905 1813
904 905
904 1814
903 904
903 1815
902 903
902 1816
901 902
901 1817
900 901
900 1818
899 900
899 1819
898 899
898 1820
897 898
897 1821
896 897
896 1822
895 896
895 1823
894 895
894 1824
893 894
893 1825
892 893
892 1826
891 892
891 1827
890 891
890 1828
889 890
889 1829
888 889
888 1830
887 888
887 1831
886 887
886 1832
885 886
885 1833
884 885
884 1834
883 884
883 1835
882 883
882 1836
881 882
881 1837
880 881
880 1838
879 880
879 1839
878 879
878 1840
877 878
877 1841
876 877
876 1842
875 876
875 1843
874 875
874 1844
873 874
873 1845
872 873
872 1846
871 872
871 1847
870 871
870 1848
869 870
869 1849
868 869
868 1850
867 868
867 1851
866 867
866 1852
865 866
865 1853
864 865
864 1854
863 864
863 1855
862 863
862 1856
861 862
861 1857
860 861
860 1858
859 860
859 1859
858 859
858 1860
857 858
857 1861
856 857
856 1862
855 856
855 1863
854 855
854 1864
853 854
853 1865
852 853
852 1866
851 852
851 1867
850 851
850 1868
849 850
849 1869
848 849
848 1870
847 848
847 1871
846 847
846 1872
845 846
845 1873
844 845
844 1874
843 844
843 1875
842 843
842 1876
841 842
841 1877
840 841
840 1878
839 840
839 1879
838 839
838 1880
837 838
837 1881
836 837
836 1882
835 836
835 1883
834 835
834 1884
833 834
833 1885
832 833
832 1886
831 832
831 954
830 831
830 955
829 830
829 956
828 829
828 957
827 828
827 958
826 827
826 959
825 826
825 960
824 825
824 961
823 824
823 962
822 823
822 963
821 822
821 964
820 821
820 965
819 820
819 966
818 819
818 967
817 818
817 968
816 817
816 969
815 816
815 970
814 815
814 971
813 814
813 972
812 813
812 973
811 812
811 974
810 811
810 975
809 810
809 976
808 809
808 977
807 808
807 978
806 807
806 979
805 806
805 980
804 805
804 981
803 804
803 982
802 803
802 983
801 802
801 984
800 801
800 985
799 800
799 986
798 799
798 987
797 798
797 988
796 797
796 989
795 796
795 990
794 795
794 991
793 794
793 992
792 793
792 993
791 792
791 994
790 791
790 995
789 790
789 996
788 789
788 997
787 788
787 998
786 787
786 999
785 786
785 1000
784 785
784 1001
783 784
783 1002
782 783
782 1003
781 782
781 1004
780 781
780 1005
779 780
779 1006
778 779
778 1007
777 778
777 1008
776 777
776 1009
775 776
775 1010
774 775
774 1011
773 774
773 1012
772 773
772 1013
771 772
771 1014
770 771
770 1015
769 770
769 1016
768 769
768 1017
767 768
767 1018
766 767
766 1019
765 766
765 1020
764 765
764 1021
763 764
763 1022
762 763
762 1023
761 762
761 1024
760 761
760 1025
759 760
759 1026
758 759
758 1027
757 758
757 1028
756 757
756 1029
755 756
755 1030
754 755
754 1031
753 754
753 1032
752 753
752 1033
751 752
751 1034
750 751
750 1035
749 750
749 1036
748 749
748 1037
747 748
747 1038
746 747
746 1039
745 746
745 1040
744 745
744 1041
743 744
743 1042
742 743
742 1043
741 742
741 1044
740 741
740 1045
739 740
739 1046
738 739
738 1047
737 738
737 1048
736 737
736 1049
735 736
735 1050
734 735
734 1051
733 734
733 1052
732 733
732 1053
731 732
731 1054
730 731
730 1055
729 730
729 1056
728 729
728 1057
727 728
727 1058
726 727
726 1059
725 726
725 1060
724 725
724 1061
723 724
723 1062
722 723
722 1063
721 722
721 1064
720 721
720 1065
719 720
719 1066
718 719
718 1067
717 718
717 1068
716 717
716 1069
715 716
715 1070
714 715
714 1071
713 714
713 1072
712 713
712 1073
711 712
711 1074
710 711
710 1075
709 710
709 1076
708 709
708 1077
707 708
707 1078
706 707
706 1079
705 706
705 1080
704 705
704 1081
703 704
703 1082
702 703
702 1083
701 702
701 1084
700 701
700 1085
699 700
699 1086
698 699
698 1087
697 698
697 1088
696 697
696 1089
695 696
695 1090
694 695
694 1091
693 694
693 1092
692 693
692 1093
691 692
691 1094
690 691
690 1095
689 690
689 1096
688 689
688 1097
687 688
687 1098
686 687
686 1099
685 686
685 1100
684 685
684 1101
683 684
683 1102
682 683
682 1103
681 682
681 1104
680 681
680 1105
679 680
679 1106
678 679
678 1107
677 678
677 1108
676 677
676 1109
675 676
675 1110
674 675
674 1111
673 674
673 1112
672 673
672 1113
671 672
671 1114
670 671
670 1115
669 670
669 1116
668 669
668 1117
667 668
667 1118
666 667
666 1119
665 666
665 1120
664 665
664 1121
663 664
663 1122
662 663
662 1123
661 662
661 1124
660 661
660 1125
659 660
659 1126
658 659
658 1127
657 658
657 1128
656 657
656 1129
655 656
655 1130
654 655
654 1131
653 654
653 1132
652 653
652 1133
651 652
651 1134
650 651
650 1135
649 650
649 1136
648 649
648 1137
647 648
647 1138
646 647
646 1139
645 646
645 1140
644 645
644 1141
643 644
643 1142
642 643
642 1143
641 642
641 1144
640 641
640 1145
639 640
639 1146
638 639
638 1147
637 638
637 1148
636 637
636 1149
635 636
635 1150
634 635
634 1151
633 634
633 1152
632 633
632 1153
631 632
631 1154
630 631
630 1155
629 630
629 1156
628 629
628 1157
627 628
627 1158
626 627
626 1159
625 626
625 1160
624 625
624 1161
623 624
623 1162
622 623
622 1163
621 622
621 1164
620 621
620 1165
619 620
619 1166
618 619
618 1167
617 618
617 1168
616 617
616 1169
615 616
615 1170
614 615
614 1171
613 614
613 1172
612 613
612 1173
611 612
611 1174
610 611
610 1175
609 610
609 1176
608 609
608 1177
607 608
607 1178
606 607
606 1179
605 606
605 1180
604 605
604 1181
603 604
603 1182
602 603
602 1183
601 602
601 1184
600 601
600 1185
599 600
599 1186
598 599
598 1187
597 598
597 1188
596 597
596 1189
595 596
595 1190
594 595
594 1191
593 594
593 1192
592 593
592 1193
591 592
591 1194
590 591
590 1195
589 590
589 1196
588 589
588 1197
587 588
587 1198
586 587
586 1199
585 586
585 1200
584 585
584 1201
583 584
583 1202
582 583
582 1203
581 582
581 1204
580 581
580 1205
579 580
579 1206
578 579
578 1207
577 578
577 1208
576 577
576 1209
575 576
575 1210
574 575
574 1211
573 574
573 1212
572 573
572 1213
571 572
571 1214
570 571
570 1215
569 570
569 1216
568 569
568 1217
567 568
567 1218
566 567
566 1219
565 566
565 1220
564 565
564 1221
563 564
563 1222
562 563
562 1223
561 562
561 1224
560 561
560 1225
559 560
559 1226
558 559
558 1227
557 558
557 1228
556 557
556 1229
555 556
555 1230
554 555
554 1231
553 554
553 1232
552 553
552 1233
551 552
551 1234
550 551
550 1235
549 550
549 1236
548 549
548 1237
547 548
547 1238
546 547
546 1239
545 546
545 1240
544 545
544 1241
543 544
543 1242
542 543
542 1243
541 542
541 1244
540 541
540 1245
539 540
539 1246
538 539
538 1247
537 538
537 1248
536 537
536 1249
535 536
535 1250
534 535
534 1251
533 534
533 1252
532 533
532 1253
531 532
531 1254
530 531
530 1255
529 530
529 1256
528 529
528 1257
527 528
527 1258
526 527
526 1259
525 526
525 1260
524 525
524 1261
523 524
523 1262
522 523
522 1263
521 522
521 1264
520 521
520 1265
519 520
519 1266
518 519
518 1267
517 518
517 1268
516 517
516 1269
515 516
515 1270
514 515
514 1271
513 514
513 1272
512 513
512 1273
511 512
511 1274
510 511
510 1275
509 510
509 1276
508 509
508 1277
507 508
507 1278
506 507
506 1279
505 506
505 1280
504 505
504 1281
503 504
503 1282
502 503
502 1283
501 502
501 1284
500 501
500 1285
499 500
499 1286
498 499
498 1287
497 498
497 1288
496 497
496 1289
495 496
495 1290
494 495
494 1291
493 494
493 1292
492 493
492 1293
491 492
491 1294
490 491
490 1295
489 490
489 1296
488 489
488 1297
487 488
487 1298
486 487
486 1299
485 486
485 1300
484 485
484 1301
483 484
483 1302
482 483
482 1303
481 482
481 1304
480 481
480 1305
479 480
479 1306
478 479
478 1307
477 478
477 1308
476 477
476 1309
475 476
475 1310
474 475
474 1311
473 474
473 1312
472 473
472 1313
471 472
471 1314
470 471
470 1315
469 470
469 1316
468 469
468 1317
467 468
467 1318
466 467
466 1319
465 466
465 1320
464 465
464 1321
463 464
463 1322
462 463
462 1323
461 462
461 1324
460 461
460 1325
459 460
459 1326
458 459
458 1327
457 458
457 1328
456 457
456 1329
455 456
455 1330
454 455
454 1331
453 454
453 1332
452 453
452 1333
451 452
451 1334
450 451
450 1335
449 450
449 1336
448 449
448 1337
447 448
447 1338
446 447
446 1339
445 446
445 1340
444 445
444 1341
443 444
443 1342
442 443
442 1343
441 442
441 1344
440 441
440 1345
439 440
439 1346
438 439
438 1347
437 438
437 1348
436 437
436 1349
435 436
435 1350
434 435
434 1351
433 434
433 1352
432 433
432 1353
431 432
431 1354
430 431
430 1355
429 430
429 1356
428 429
428 1357
427 428
427 1358
426 427
426 1359
425 426
425 1360
424 425
424 1361
423 424
423 1362
422 423
422 1363
421 422
421 1364
420 421
420 1365
419 420
419 1366
418 419
418 1367
417 418
417 1368
416 417
416 1369
415 416
415 1370
414 415
414 1371
413 414
413 1372
412 413
412 1373
411 412
411 1374
410 411
410 1375
409 410
409 1376
408 409
408 1377
407 408
407 1378
406 407
406 1379
405 406
405 1380
404 405
404 1381
403 404
403 1382
402 403
402 1383
401 402
401 1384
400 401
400 1385
399 400
399 1386
398 399
398 1387
397 398
397 1388
396 397
396 1389
395 396
395 1390
394 395
394 1391
393 394
393 1392
392 393
392 1393
391 392
391 1394
390 391
390 1395
389 390
389 1396
388 389
388 1397
387 388
387 1398
386 387
386 1399
385 386
385 1400
384 385
384 1401
383 384
383 1402
382 383
382 1403
381 382
381 1404
380 381
380 1405
379 380
379 1406
378 379
378 1407
377 378
377 1408
376 377
376 1409
375 376
375 1410
374 375
374 1411
373 374
373 1412
372 373
372 1413
371 372
371 1414
370 371
370 1415
369 370
369 1416
368 369
368 1417
367 368
367 1418
366 367
366 1419
365 366
365 1420
364 365
364 1421
363 364
363 1422
362 363
362 1423
361 362
361 1424
360 361
360 1425
359 360
359 1426
358 359
358 1427
357 358
357 1428
356 357
356 1429
355 356
355 1430
354 355
354 1431
353 354
353 1432
352 353
352 1433
351 352
351 1434
350 351
350 1435
349 350
349 1436
348 349
348 1437
347 348
347 1438
346 347
346 1439
345 346
345 1440
344 345
344 1441
343 344
343 1442
342 343
342 1443
341 342
341 1444
340 341
340 1445
339 340
339 1446
338 339
338 1447
337 338
337 1448
336 337
336 1449
335 336
335 1450
334 335
334 1451
333 334
333 1452
332 333
332 1453
331 332
331 1454
330 331
330 1455
329 330
329 1456
328 329
328 1457
327 328
327 1458
326 327
326 1459
325 326
325 1460
324 325
324 1461
323 324
323 1462
322 323
322 1463
321 322
321 1464
320 321
320 1465
319 320
319 1466
318 319
318 1467
317 318
317 1468
316 317
316 1469
315 316
315 1470
314 315
314 1471
313 314
313 1472
312 313
312 1473
311 312
311 1474
310 311
310 1475
309 310
309 1476
308 309
308 1477
307 308
307 1478
306 307
306 1479
305 306
305 1480
304 305
304 1481
303 304
303 1482
302 303
302 1483
301 302
301 1484
300 301
300 1485
299 300
299 1486
298 299
298 1487
297 298
297 1488
296 297
296 1489
295 296
295 1490
294 295
294 1491
293 294
293 1492
292 293
292 1493
291 292
291 1494
290 291
290 1495
289 290
289 1496
288 289
288 1497
287 288
287 1498
286 287
286 1499
285 286
285 1500
284 285
284 1501
283 284
283 1502
282 283
282 1503
281 282
281 1504
280 281
280 1505
279 280
279 1506
278 279
278 1507
277 278
277 1508
276 277
276 1509
275 276
275 1510
274 275
274 1511
273 274
273 1512
272 273
272 1513
271 272
271 1514
270 271
270 1515
269 270
269 1516
268 269
268 1517
267 268
267 1518
266 267
266 1519
265 266
265 1520
264 265
264 1521
263 264
263 1522
262 263
262 1523
261 262
261 1524
260 261
260 1525
259 260
259 1526
258 259
258 1527
257 258
257 1528
256 257
256 1529
255 256
255 1530
254 255
254 1531
253 254
253 1532
252 253
252 1533
251 252
251 1534
250 251
250 1535
249 250
249 1536
248 249
248 1537
247 248
247 1538
246 247
246 1539
245 246
245 1540
244 245
244 1541
243 244
243 1542
242 243
242 1543
241 242
241 1544
240 241
240 1545
239 240
239 1546
238 239
238 1547
237 238
237 1548
236 237
236 1549
235 236
235 1550
234 235
234 1551
233 234
233 1552
232 233
232 1553
231 232
231 1554
230 231
230 1555
229 230
229 1556
228 229
228 1557
227 228
227 1558
226 227
226 1559
225 226
225 1560
224 225
224 1561
223 224
223 1562
222 223
222 1563
221 222
221 1564
220 221
220 1565
219 220
219 1566
218 219
218 1567
217 218
217 1568
216 217
216 1569
215 216
215 1570
214 215
214 1571
213 214
213 1572
212 213
212 1573
211 212
211 1574
210 211
210 1575
209 210
209 1576
208 209
208 1577
207 208
207 1578
206 207
206 1579
205 206
205 1580
204 205
204 1581
203 204
203 1582
202 203
202 1583
201 202
201 1584
200 201
200 1585
199 200
199 1586
198 199
198 1587
197 198
197 1588
196 197
196 1589
195 196
195 1590
194 195
194 1591
193 194
193 1592
192 193
192 1593
191 192
191 1594
190 191
190 1595
189 190
189 1596
188 189
188 1597
187 188
187 1598
186 187
186 1599
185 186
185 1600
184 185
184 1601
183 184
183 1602
182 183
182 1603
181 182
181 1604
180 181
180 1605
179 180
179 1606
178 179
178 1607
177 178
177 1608
176 177
176 1609
175 176
175 1610
174 175
174 1611
173 174
173 1612
172 173
172 1613
171 172
171 1614
170 171
170 1615
169 170
169 1616
168 169
168 1617
167 168
167 1618
166 167
166 1619
165 166
165 1620
164 165
164 1621
163 164
163 1622
162 163
162 1623
161 162
161 1624
160 161
160 1625
159 160
159 1626
158 159
158 1627
157 158
157 1628
156 157
156 1629
155 156
155 1630
154 155
154 1631
153 154
153 1632
152 153
152 1633
151 152
151 1634
150 151
150 1635
149 150
149 1636
148 149
148 1637
147 148
147 1638
146 147
146 1639
145 146
145 1640
144 145
144 1641
143 144
143 1642
142 143
142 1643
141 142
141 1644
140 141
140 1645
139 140
139 1646
138 139
138 1647
137 138
137 1648
136 137
136 1649
135 136
135 1650
134 135
134 1651
133 134
133 1652
132 133
132 1653
131 132
131 1654
130 131
130 1655
129 130
129 1656
128 129
128 1657
127 128
127 1658
126 127
126 1659
125 126
125 1660
124 125
124 1661
123 124
123 1662
122 123
122 1663
121 122
121 1664
120 121
120 1665
119 120
119 1666
118 119
118 1667
117 118
117 1668
116 117
116 1669
115 116
115 1670
114 115
114 1671
113 114
113 1672
112 113
112 1673
111 112
111 1674
110 111
110 1675
109 110
109 1676
108 109
108 1677
107 108
107 1678
106 107
106 1679
105 106
105 1680
104 105
104 1681
103 104
103 1682
102 103
102 1683
101 102
101 1684
100 101
100 1685
99 100
99 1686
98 99
98 1687
97 98
97 1688
96 97
96 1689
95 96
95 1690
94 95
94 1691
93 94
93 1692
92 93
92 1693
91 92
91 1694
90 91
90 1695
89 90
89 1696
88 89
88 1697
87 88
87 1698
86 87
86 1699
85 86
85 1700
84 85
84 1701
83 84
83 1702
82 83
82 1703
81 82
81 1704
80 81
80 1705
79 80
79 1706
78 79
78 1707
77 78
77 1708
76 77
76 1709
75 76
75 1710
74 75
74 1711
73 74
73 1712
72 73
72 1713
71 72
71 1714
70 71
70 1715
69 70
69 1716
68 69
68 1717
67 68
67 1718
66 67
66 1719
65 66
65 1720
64 65
64 1721
63 64
63 1722
62 63
62 1723
61 62
61 1724
60 61
60 1725
59 60
59 1726
58 59
58 1727
57 58
57 1728
56 57
56 1729
55 56
55 1730
54 55
54 1731
53 54
53 1732
52 53
52 1733
51 52
51 1734
50 51
50 1735
49 50
49 1736
48 49
48 1737
47 48
47 1738
46 47
46 1739
45 46
45 1740
44 45
44 1741
43 44
43 1742
42 43
42 1743
41 42
41 1744
40 41
40 1745
39 40
39 1746
38 39
38 1747
37 38
37 1748
36 37
36 1749
35 36
35 1750
34 35
34 1751
33 34
33 1752
32 33
32 1753
31 32
31 1754
30 31
30 1755
29 30
29 1756
28 29
28 1757
27 28
27 1758
26 27
26 1759
25 26
25 1760
24 25
24 1761
23 24
23 1762
22 23
22 1763
21 22
21 1764
20 21
20 1765
19 20
19 1766
18 19
18 1767
17 18
17 1768
16 17
16 1769
15 16
15 1770
14 15
14 1771
13 14
13 1772
12 13
12 1773
11 12
11 1774
10 11
10 1775
9 10
9 1776
8 9
8 1777
7 8
7 1778
6 7
6 1779
5 6
5 1780
4 5
4 1781
3 4
3 1782
2 3
2 1783
1 2
1 1907
