1839 1289412
21 1
21 1784
21 1785
21 1786
21 1787
21 1788
21 1789
21 1790
21 1791
21 1792
21 1793
21 1794
21 1795
21 1796
21 1797
21 1798
21 1799
21 1800
21 1801
21 1802
21 1803
21 1804
21 1805
21 1806
21 1807
21 1808
21 1809
21 1810
21 1811
21 1812
21 1813
21 1814
21 1815
21 1816
21 1817
21 1818
21 1819
21 1820
21 1821
21 1822
21 1823
21 1824
21 1825
21 1826
21 1827
21 1828
21 1829
21 1830
21 1831
21 1832
21 1833
21 1834
21 1835
21 1836
21 1837
21 1838
21 1839
21 1840
21 1841
21 1842
21 1843
21 1844
21 1845
21 1846
21 1847
21 1848
21 1849
21 1850
21 1851
21 1852
21 1853
21 1854
21 1855
21 1856
21 1857
21 1858
21 1859
21 1860
21 1861
21 1862
21 1863
21 1864
21 1865
21 1866
21 1867
21 1868
21 1869
21 1870
21 1871
21 1872
20 21
20 1873
20 1874
20 1875
20 1876
20 1877
20 1878
20 1879
20 1880
20 1881
20 1882
20 1883
20 1884
20 1885
20 1886
20 1887
20 1888
20 1889
20 1890
20 1891
20 1892
20 1893
20 1894
20 1895
20 1896
20 1897
20 1898
20 1899
20 1900
20 1901
20 1902
20 1903
20 1904
20 1905
20 1906
20 1907
20 22
20 23
20 24
20 25
20 26
20 27
20 28
20 29
20 30
20 31
20 32
20 33
20 34
20 35
20 36
20 37
20 38
20 39
20 40
20 41
20 42
20 43
20 44
20 45
20 46
20 47
20 48
20 49
20 50
20 51
20 52
20 53
20 54
20 55
20 56
20 57
20 58
20 59
20 60
20 61
20 62
20 63
20 64
20 65
20 66
20 67
20 68
20 69
20 70
20 71
20 72
20 73
20 74
20 75
19 20
19 76
19 77
19 78
19 79
19 80
19 81
19 82
19 83
19 84
19 85
19 86
19 87
19 88
19 89
19 90
19 91
19 92
19 93
19 94
19 95
19 96
19 97
19 98
19 99
19 100
19 101
19 102
19 103
19 104
19 105
19 106
19 107
19 108
19 109
19 110
19 111
19 112
19 113
19 114
19 115
19 116
19 117
19 118
19 119
19 120
19 121
19 122
19 123
19 124
19 125
19 126
19 127
19 128
19 129
19 130
19 131
19 132
19 133
19 134
19 135
19 136
19 137
19 138
19 139
19 140
19 141
19 142
19 143
19 144
19 145
19 146
19 147
19 148
19 149
19 150
19 151
19 152
19 153
19 154
19 155
19 156
19 157
19 158
19 159
19 160
19 161
19 162
19 163
19 164
18 19
18 165
18 166
18 167
18 168
18 169
18 170
18 171
18 172
18 173
18 174
18 175
18 176
18 177
18 178
18 179
18 180
18 181
18 182
18 183
18 184
18 185
18 186
18 187
18 188
18 189
18 190
18 191
18 192
18 193
18 194
18 195
18 196
18 197
18 198
18 199
18 200
18 201
18 202
18 203
18 204
18 205
18 206
18 207
18 208
18 209
18 210
18 211
18 212
18 213
18 214
18 215
18 216
18 217
18 218
18 219
18 220
18 221
18 222
18 223
18 224
18 225
18 226
18 227
18 228
18 229
18 230
18 231
18 232
18 233
18 234
18 235
18 236
18 237
18 238
18 239
18 240
18 241
18 242
18 243
18 244
18 245
18 246
18 247
18 248
18 249
18 250
18 251
18 252
18 253
17 18
17 254
17 255
17 256
17 257
17 258
17 259
17 260
17 261
17 262
17 263
17 264
17 265
17 266
17 267
17 268
17 269
17 270
17 271
17 272
17 273
17 274
17 275
17 276
17 277
17 278
17 279
17 280
17 281
17 282
17 283
17 284
17 285
17 286
17 287
17 288
17 289
17 290
17 291
17 292
17 293
17 294
17 295
17 296
17 297
17 298
17 299
17 300
17 301
17 302
17 303
17 304
17 305
17 306
17 307
17 308
17 309
17 310
17 311
17 312
17 313
17 314
17 315
17 316
17 317
17 318
17 319
17 320
17 321
17 322
17 323
17 324
17 325
17 326
17 327
17 328
17 329
17 330
17 331
17 332
17 333
17 334
17 335
17 336
17 337
17 338
17 339
17 340
17 341
17 342
16 17
16 343
16 344
16 345
16 346
16 347
16 348
16 349
16 350
16 351
16 352
16 353
16 354
16 355
16 356
16 357
16 358
16 359
16 360
16 361
16 362
16 363
16 364
16 365
16 366
16 367
16 368
16 369
16 370
16 371
16 372
16 373
16 374
16 375
16 376
16 377
16 378
16 379
16 380
16 381
16 382
16 383
16 384
16 385
16 386
16 387
16 388
16 389
16 390
16 391
16 392
16 393
16 394
16 395
16 396
16 397
16 398
16 399
16 400
16 401
16 402
16 403
16 404
16 405
16 406
16 407
16 408
16 409
16 410
16 411
16 412
16 413
16 414
16 415
16 416
16 417
16 418
16 419
16 420
16 421
16 422
16 423
16 424
16 425
16 426
16 427
16 428
16 429
16 430
16 431
15 16
15 432
15 433
15 434
15 435
15 436
15 437
15 438
15 439
15 440
15 441
15 442
15 443
15 444
15 445
15 446
15 447
15 448
15 449
15 450
15 451
15 452
15 453
15 454
15 455
15 456
15 457
15 458
15 459
15 460
15 461
15 462
15 463
15 464
15 465
15 466
15 467
15 468
15 469
15 470
15 471
15 472
15 473
15 474
15 475
15 476
15 477
15 478
15 479
15 480
15 481
15 482
15 483
15 484
15 485
15 486
15 487
15 488
15 489
15 490
15 491
15 492
15 493
15 494
15 495
15 496
15 497
15 498
15 499
15 500
15 501
15 502
15 503
15 504
15 505
15 506
15 507
15 508
15 509
15 510
15 511
15 512
15 513
15 514
15 515
15 516
15 517
15 518
15 519
15 520
14 15
14 521
14 522
14 523
14 524
14 525
14 526
14 527
14 528
14 529
14 530
14 531
14 532
14 533
14 534
14 535
14 536
14 537
14 538
14 539
14 540
14 541
14 542
14 543
14 544
14 545
14 546
14 547
14 548
14 549
14 550
14 551
14 552
14 553
14 554
14 555
14 556
14 557
14 558
14 559
14 560
14 561
14 562
14 563
14 564
14 565
14 566
14 567
14 568
14 569
14 570
14 571
14 572
14 573
14 574
14 575
14 576
14 577
14 578
14 579
14 580
14 581
14 582
14 583
14 584
14 585
14 586
14 587
14 588
14 589
14 590
14 591
14 592
14 593
14 594
14 595
14 596
14 597
14 598
14 599
14 600
14 601
14 602
14 603
14 604
14 605
14 606
14 607
14 608
14 609
13 14
13 610
13 611
13 612
13 613
13 614
13 615
13 616
13 617
13 618
13 619
13 620
13 621
13 622
13 623
13 624
13 625
13 626
13 627
13 628
13 629
13 630
13 631
13 632
13 633
13 634
13 635
13 636
13 637
13 638
13 639
13 640
13 641
13 642
13 643
13 644
13 645
13 646
13 647
13 648
13 649
13 650
13 651
13 652
13 653
13 654
13 655
13 656
13 657
13 658
13 659
13 660
13 661
13 662
13 663
13 664
13 665
13 666
13 667
13 668
13 669
13 670
13 671
13 672
13 673
13 674
13 675
13 676
13 677
13 678
13 679
13 680
13 681
13 682
13 683
13 684
13 685
13 686
13 687
13 688
13 689
13 690
13 691
13 692
13 693
13 694
13 695
13 696
13 697
13 698
12 13
12 699
12 700
12 701
12 702
12 703
12 704
12 705
12 706
12 707
12 708
12 709
12 710
12 711
12 712
12 713
12 714
12 715
12 716
12 717
12 718
12 719
12 720
12 721
12 722
12 723
12 724
12 725
12 726
12 727
12 728
12 729
12 730
12 731
12 732
12 733
12 734
12 735
12 736
12 737
12 738
12 739
12 740
12 741
12 742
12 743
12 744
12 745
12 746
12 747
12 748
12 749
12 750
12 751
12 752
12 753
12 754
12 755
12 756
12 757
12 758
12 759
12 760
12 761
12 762
12 763
12 764
12 765
12 766
12 767
12 768
12 769
12 770
12 771
12 772
12 773
12 774
12 775
12 776
12 777
12 778
12 779
12 780
12 781
12 782
12 783
12 784
12 785
12 786
12 787
11 12
11 788
11 789
11 790
11 791
11 792
11 793
11 794
11 795
11 796
11 797
11 798
11 799
11 800
11 801
11 802
11 803
11 804
11 805
11 806
11 807
11 808
11 809
11 810
11 811
11 812
11 813
11 814
11 815
11 816
11 817
11 818
11 819
11 820
11 821
11 822
11 823
11 824
11 825
11 826
11 827
11 828
11 829
11 830
11 831
11 832
11 833
11 834
11 835
11 836
11 837
11 838
11 839
11 840
11 841
11 842
11 843
11 844
11 845
11 846
11 847
11 848
11 849
11 850
11 851
11 852
11 853
11 854
11 855
11 856
11 857
11 858
11 859
11 860
11 861
11 862
11 863
11 864
11 865
11 866
11 867
11 868
11 869
11 870
11 871
11 872
11 873
11 874
11 875
11 876
10 11
10 877
10 878
10 879
10 880
10 881
10 882
10 883
10 884
10 885
10 886
10 887
10 888
10 889
10 890
10 891
10 892
10 893
10 894
10 895
10 896
10 897
10 898
10 899
10 900
10 901
10 902
10 903
10 904
10 905
10 906
10 907
10 908
10 909
10 910
10 911
10 912
10 913
10 914
10 915
10 916
10 917
10 918
10 919
10 920
10 921
10 922
10 923
10 924
10 925
10 926
10 927
10 928
10 929
10 930
10 931
10 932
10 933
10 934
10 935
10 936
10 937
10 938
10 939
10 940
10 941
10 942
10 943
10 944
10 945
10 946
10 947
10 948
10 949
10 950
10 951
10 952
10 953
10 954
10 955
10 956
10 957
10 958
10 959
10 960
10 961
10 962
10 963
10 964
10 965
9 10
9 966
9 967
9 968
9 969
9 970
9 971
9 972
9 973
9 974
9 975
9 976
9 977
9 978
9 979
9 980
9 981
9 982
9 983
9 984
9 985
9 986
9 987
9 988
9 989
9 990
9 991
9 992
9 993
9 994
9 995
9 996
9 997
9 998
9 999
9 1000
9 1001
9 1002
9 1003
9 1004
9 1005
9 1006
9 1007
9 1008
9 1009
9 1010
9 1011
9 1012
9 1013
9 1014
9 1015
9 1016
9 1017
9 1018
9 1019
9 1020
9 1021
9 1022
9 1023
9 1024
9 1025
9 1026
9 1027
9 1028
9 1029
9 1030
9 1031
9 1032
9 1033
9 1034
9 1035
9 1036
9 1037
9 1038
9 1039
9 1040
9 1041
9 1042
9 1043
9 1044
9 1045
9 1046
9 1047
9 1048
9 1049
9 1050
9 1051
9 1052
9 1053
9 1054
8 9
8 1055
8 1056
8 1057
8 1058
8 1059
8 1060
8 1061
8 1062
8 1063
8 1064
8 1065
8 1066
8 1067
8 1068
8 1069
8 1070
8 1071
8 1072
8 1073
8 1074
8 1075
8 1076
8 1077
8 1078
8 1079
8 1080
8 1081
8 1082
8 1083
8 1084
8 1085
8 1086
8 1087
8 1088
8 1089
8 1090
8 1091
8 1092
8 1093
8 1094
8 1095
8 1096
8 1097
8 1098
8 1099
8 1100
8 1101
8 1102
8 1103
8 1104
8 1105
8 1106
8 1107
8 1108
8 1109
8 1110
8 1111
8 1112
8 1113
8 1114
8 1115
8 1116
8 1117
8 1118
8 1119
8 1120
8 1121
8 1122
8 1123
8 1124
8 1125
8 1126
8 1127
8 1128
8 1129
8 1130
8 1131
8 1132
8 1133
8 1134
8 1135
8 1136
8 1137
8 1138
8 1139
8 1140
8 1141
8 1142
8 1143
7 8
7 1144
7 1145
7 1146
7 1147
7 1148
7 1149
7 1150
7 1151
7 1152
7 1153
7 1154
7 1155
7 1156
7 1157
7 1158
7 1159
7 1160
7 1161
7 1162
7 1163
7 1164
7 1165
7 1166
7 1167
7 1168
7 1169
7 1170
7 1171
7 1172
7 1173
7 1174
7 1175
7 1176
7 1177
7 1178
7 1179
7 1180
7 1181
7 1182
7 1183
7 1184
7 1185
7 1186
7 1187
7 1188
7 1189
7 1190
7 1191
7 1192
7 1193
7 1194
7 1195
7 1196
7 1197
7 1198
7 1199
7 1200
7 1201
7 1202
7 1203
7 1204
7 1205
7 1206
7 1207
7 1208
7 1209
7 1210
7 1211
7 1212
7 1213
7 1214
7 1215
7 1216
7 1217
7 1218
7 1219
7 1220
7 1221
7 1222
7 1223
7 1224
7 1225
7 1226
7 1227
7 1228
7 1229
7 1230
7 1231
7 1232
6 7
6 1233
6 1234
6 1235
6 1236
6 1237
6 1238
6 1239
6 1240
6 1241
6 1242
6 1243
6 1244
6 1245
6 1246
6 1247
6 1248
6 1249
6 1250
6 1251
6 1252
6 1253
6 1254
6 1255
6 1256
6 1257
6 1258
6 1259
6 1260
6 1261
6 1262
6 1263
6 1264
6 1265
6 1266
6 1267
6 1268
6 1269
6 1270
6 1271
6 1272
6 1273
6 1274
6 1275
6 1276
6 1277
6 1278
6 1279
6 1280
6 1281
6 1282
6 1283
6 1284
6 1285
6 1286
6 1287
6 1288
6 1289
6 1290
6 1291
6 1292
6 1293
6 1294
6 1295
6 1296
6 1297
6 1298
6 1299
6 1300
6 1301
6 1302
6 1303
6 1304
6 1305
6 1306
6 1307
6 1308
6 1309
6 1310
6 1311
6 1312
6 1313
6 1314
6 1315
6 1316
6 1317
6 1318
6 1319
6 1320
6 1321
5 6
5 1322
5 1323
5 1324
5 1325
5 1326
5 1327
5 1328
5 1329
5 1330
5 1331
5 1332
5 1333
5 1334
5 1335
5 1336
5 1337
5 1338
5 1339
5 1340
5 1341
5 1342
5 1343
5 1344
5 1345
5 1346
5 1347
5 1348
5 1349
5 1350
5 1351
5 1352
5 1353
5 1354
5 1355
5 1356
5 1357
5 1358
5 1359
5 1360
5 1361
5 1362
5 1363
5 1364
5 1365
5 1366
5 1367
5 1368
5 1369
5 1370
5 1371
5 1372
5 1373
5 1374
5 1375
5 1376
5 1377
5 1378
5 1379
5 1380
5 1381
5 1382
5 1383
5 1384
5 1385
5 1386
5 1387
5 1388
5 1389
5 1390
5 1391
5 1392
5 1393
5 1394
5 1395
5 1396
5 1397
5 1398
5 1399
5 1400
5 1401
5 1402
5 1403
5 1404
5 1405
5 1406
5 1407
5 1408
5 1409
5 1410
4 5
4 1411
4 1412
4 1413
4 1414
4 1415
4 1416
4 1417
4 1418
4 1419
4 1420
4 1421
4 1422
4 1423
4 1424
4 1425
4 1426
4 1427
4 1428
4 1429
4 1430
4 1431
4 1432
4 1433
4 1434
4 1435
4 1436
4 1437
4 1438
4 1439
4 1440
4 1441
4 1442
4 1443
4 1444
4 1445
4 1446
4 1447
4 1448
4 1449
4 1450
4 1451
4 1452
4 1453
4 1454
4 1455
4 1456
4 1457
4 1458
4 1459
4 1460
4 1461
4 1462
4 1463
4 1464
4 1465
4 1466
4 1467
4 1468
4 1469
4 1470
4 1471
4 1472
4 1473
4 1474
4 1475
4 1476
4 1477
4 1478
4 1479
4 1480
4 1481
4 1482
4 1483
4 1484
4 1485
4 1486
4 1487
4 1488
4 1489
4 1490
4 1491
4 1492
4 1493
4 1494
4 1495
4 1496
4 1497
4 1498
4 1499
3 4
3 1500
3 1501
3 1502
3 1503
3 1504
3 1505
3 1506
3 1507
3 1508
3 1509
3 1510
3 1511
3 1512
3 1513
3 1514
3 1515
3 1516
3 1517
3 1518
3 1519
3 1520
3 1521
3 1522
3 1523
3 1524
3 1525
3 1526
3 1527
3 1528
3 1529
3 1530
3 1531
3 1532
3 1533
3 1534
3 1535
3 1536
3 1537
3 1538
3 1539
3 1540
3 1541
3 1542
3 1543
3 1544
3 1545
3 1546
3 1547
3 1548
3 1549
3 1550
3 1551
3 1552
3 1553
3 1554
3 1555
3 1556
3 1557
3 1558
3 1559
3 1560
3 1561
3 1562
3 1563
3 1564
3 1565
3 1566
3 1567
3 1568
3 1569
3 1570
3 1571
3 1572
3 1573
3 1574
3 1575
3 1576
3 1577
3 1578
3 1579
3 1580
3 1581
3 1582
3 1583
3 1584
3 1585
3 1586
3 1587
3 1588
2 3
2 1589
2 1590
2 1591
2 1592
2 1593
2 1594
2 1595
2 1596
2 1597
2 1598
2 1599
2 1600
2 1601
2 1602
2 1603
2 1604
2 1605
2 1606
2 1607
2 1608
2 1609
2 1610
2 1611
2 1612
2 1613
2 1614
2 1615
2 1616
2 1617
2 1618
2 1619
2 1620
2 1621
2 1622
2 1623
2 1624
2 1625
2 1626
2 1627
2 1628
2 1629
2 1630
2 1631
2 1632
2 1633
2 1634
2 1635
2 1636
2 1637
2 1638
2 1639
2 1640
2 1641
2 1642
2 1643
2 1644
2 1645
2 1646
2 1647
2 1648
2 1649
2 1650
2 1651
2 1652
2 1653
2 1654
2 1655
2 1656
2 1657
2 1658
2 1659
2 1660
2 1661
2 1662
2 1663
2 1664
2 1665
2 1666
2 1667
2 1668
2 1669
2 1670
2 1671
2 1672
2 1673
2 1674
2 1675
2 1676
2 1677
1 2
1 1678
1 1679
1 1680
1 1681
1 1682
1 1683
1 1684
1 1685
1 1686
1 1687
1 1688
1 1689
1 1690
1 1691
1 1692
1 1693
1 1694
1 1695
1 1696
1 1697
1 1698
1 1699
1 1700
1 1701
1 1702
1 1703
1 1704
1 1705
1 1706
1 1707
1 1708
1 1709
1 1710
1 1711
1 1712
1 1713
1 1714
1 1840
