1844 10496398
205 1
205 1715
205 1716
205 1717
205 1718
205 1719
205 1720
205 1721
205 1722
204 205
204 1723
204 1724
204 1725
204 1726
204 1727
204 1728
204 1729
204 1730
203 204
203 1731
203 1732
203 1733
203 1734
203 1735
203 1736
203 1737
203 1738
202 203
202 1739
202 1740
202 1741
202 1742
202 1743
202 1744
202 1745
202 1746
201 202
201 1747
201 1748
201 1749
201 1750
201 1751
201 1752
201 1753
201 1754
200 201
200 1755
200 1756
200 1757
200 1758
200 1759
200 1760
200 1761
200 1762
199 200
199 1763
199 1764
199 1765
199 1766
199 1767
199 1768
199 1769
199 1770
198 199
198 1771
198 1772
198 1773
198 1774
198 1775
198 1776
198 1777
198 1778
197 198
197 1779
197 1780
197 1781
197 1782
197 1783
197 1784
197 1785
197 1786
196 197
196 1787
196 1788
196 1789
196 1790
196 1791
196 1792
196 1793
196 1794
195 196
195 1795
195 1796
195 1797
195 1798
195 1799
195 1800
195 1801
195 1802
194 195
194 1803
194 1804
194 1805
194 1806
194 1807
194 1808
194 1809
194 1810
193 194
193 1811
193 1812
193 1813
193 1814
193 1815
193 1816
193 1817
193 1818
192 193
192 1819
192 1820
192 1821
192 1822
192 1823
192 1824
192 1825
192 1826
191 192
191 1827
191 1828
191 1829
191 1830
191 1831
191 1832
191 1833
191 1834
190 191
190 1835
190 1836
190 1837
190 1838
190 1839
190 1840
190 206
190 207
189 190
189 208
189 209
189 210
189 211
189 212
189 213
189 214
189 215
188 189
188 216
188 217
188 218
188 219
188 220
188 221
188 222
188 223
187 188
187 224
187 225
187 226
187 227
187 228
187 229
187 230
187 231
186 187
186 232
186 233
186 234
186 235
186 236
186 237
186 238
186 239
185 186
185 240
185 241
185 242
185 243
185 244
185 245
185 246
185 247
184 185
184 248
184 249
184 250
184 251
184 252
184 253
184 254
184 255
183 184
183 256
183 257
183 258
183 259
183 260
183 261
183 262
183 263
182 183
182 264
182 265
182 266
182 267
182 268
182 269
182 270
182 271
181 182
181 272
181 273
181 274
181 275
181 276
181 277
181 278
181 279
180 181
180 280
180 281
180 282
180 283
180 284
180 285
180 286
180 287
179 180
179 288
179 289
179 290
179 291
179 292
179 293
179 294
179 295
178 179
178 296
178 297
178 298
178 299
178 300
178 301
178 302
178 303
177 178
177 304
177 305
177 306
177 307
177 308
177 309
177 310
177 311
176 177
176 312
176 313
176 314
176 315
176 316
176 317
176 318
176 319
175 176
175 320
175 321
175 322
175 323
175 324
175 325
175 326
175 327
174 175
174 328
174 329
174 330
174 331
174 332
174 333
174 334
174 335
173 174
173 336
173 337
173 338
173 339
173 340
173 341
173 342
173 343
172 173
172 344
172 345
172 346
172 347
172 348
172 349
172 350
172 351
171 172
171 352
171 353
171 354
171 355
171 356
171 357
171 358
171 359
170 171
170 360
170 361
170 362
170 363
170 364
170 365
170 366
170 367
169 170
169 368
169 369
169 370
169 371
169 372
169 373
169 374
169 375
168 169
168 376
168 377
168 378
168 379
168 380
168 381
168 382
168 383
167 168
167 384
167 385
167 386
167 387
167 388
167 389
167 390
167 391
166 167
166 392
166 393
166 394
166 395
166 396
166 397
166 398
166 399
165 166
165 400
165 401
165 402
165 403
165 404
165 405
165 406
165 407
164 165
164 408
164 409
164 410
164 411
164 412
164 413
164 414
164 415
163 164
163 416
163 417
163 418
163 419
163 420
163 421
163 422
163 423
162 163
162 424
162 425
162 426
162 427
162 428
162 429
162 430
162 431
161 162
161 432
161 433
161 434
161 435
161 436
161 437
161 438
161 439
160 161
160 440
160 441
160 442
160 443
160 444
160 445
160 446
160 447
159 160
159 448
159 449
159 450
159 451
159 452
159 453
159 454
159 455
158 159
158 456
158 457
158 458
158 459
158 460
158 461
158 462
158 463
157 158
157 464
157 465
157 466
157 467
157 468
157 469
157 470
157 471
156 157
156 472
156 473
156 474
156 475
156 476
156 477
156 478
156 479
155 156
155 480
155 481
155 482
155 483
155 484
155 485
155 486
155 487
154 155
154 488
154 489
154 490
154 491
154 492
154 493
154 494
154 495
153 154
153 496
153 497
153 498
153 499
153 500
153 501
153 502
153 503
152 153
152 504
152 505
152 506
152 507
152 508
152 509
152 510
152 511
151 152
151 512
151 513
151 514
151 515
151 516
151 517
151 518
151 519
150 151
150 520
150 521
150 522
150 523
150 524
150 525
150 526
150 527
149 150
149 528
149 529
149 530
149 531
149 532
149 533
149 534
149 535
148 149
148 536
148 537
148 538
148 539
148 540
148 541
148 542
148 543
147 148
147 544
147 545
147 546
147 547
147 548
147 549
147 550
147 551
146 147
146 552
146 553
146 554
146 555
146 556
146 557
146 558
146 559
145 146
145 560
145 561
145 562
145 563
145 564
145 565
145 566
145 567
144 145
144 568
144 569
144 570
144 571
144 572
144 573
144 574
144 575
143 144
143 576
143 577
143 578
143 579
143 580
143 581
143 582
143 583
142 143
142 584
142 585
142 586
142 587
142 588
142 589
142 590
142 591
141 142
141 592
141 593
141 594
141 595
141 596
141 597
141 598
141 599
140 141
140 600
140 601
140 602
140 603
140 604
140 605
140 606
140 607
139 140
139 608
139 609
139 610
139 611
139 612
139 613
139 614
139 615
138 139
138 616
138 617
138 618
138 619
138 620
138 621
138 622
138 623
137 138
137 624
137 625
137 626
137 627
137 628
137 629
137 630
137 631
136 137
136 632
136 633
136 634
136 635
136 636
136 637
136 638
136 639
135 136
135 640
135 641
135 642
135 643
135 644
135 645
135 646
135 647
134 135
134 648
134 649
134 650
134 651
134 652
134 653
134 654
134 655
133 134
133 656
133 657
133 658
133 659
133 660
133 661
133 662
133 663
132 133
132 664
132 665
132 666
132 667
132 668
132 669
132 670
132 671
131 132
131 672
131 673
131 674
131 675
131 676
131 677
131 678
131 679
130 131
130 680
130 681
130 682
130 683
130 684
130 685
130 686
130 687
129 130
129 688
129 689
129 690
129 691
129 692
129 693
129 694
129 695
128 129
128 696
128 697
128 698
128 699
128 700
128 701
128 702
128 703
127 128
127 704
127 705
127 706
127 707
127 708
127 709
127 710
127 711
126 127
126 712
126 713
126 714
126 715
126 716
126 717
126 718
126 719
125 126
125 720
125 721
125 722
125 723
125 724
125 725
125 726
125 727
124 125
124 728
124 729
124 730
124 731
124 732
124 733
124 734
124 735
123 124
123 736
123 737
123 738
123 739
123 740
123 741
123 742
123 743
122 123
122 744
122 745
122 746
122 747
122 748
122 749
122 750
122 751
121 122
121 752
121 753
121 754
121 755
121 756
121 757
121 758
121 759
120 121
120 760
120 761
120 762
120 763
120 764
120 765
120 766
120 767
119 120
119 768
119 769
119 770
119 771
119 772
119 773
119 774
119 775
118 119
118 776
118 777
118 778
118 779
118 780
118 781
118 782
118 783
117 118
117 784
117 785
117 786
117 787
117 788
117 789
117 790
117 791
116 117
116 792
116 793
116 794
116 795
116 796
116 797
116 798
116 799
115 116
115 800
115 801
115 802
115 803
115 804
115 805
115 806
115 807
114 115
114 808
114 809
114 810
114 811
114 812
114 813
114 814
114 815
113 114
113 816
113 817
113 818
113 819
113 820
113 821
113 822
113 823
112 113
112 824
112 825
112 826
112 827
112 828
112 829
112 830
112 831
111 112
111 832
111 833
111 834
111 835
111 836
111 837
111 838
111 839
110 111
110 840
110 841
110 842
110 843
110 844
110 845
110 846
110 847
109 110
109 848
109 849
109 850
109 851
109 852
109 853
109 854
109 855
108 109
108 856
108 857
108 858
108 859
108 860
108 861
108 862
108 863
107 108
107 864
107 865
107 866
107 867
107 868
107 869
107 870
107 871
106 107
106 872
106 873
106 874
106 875
106 876
106 877
106 878
106 879
105 106
105 880
105 881
105 882
105 883
105 884
105 885
105 886
105 887
104 105
104 888
104 889
104 890
104 891
104 892
104 893
104 894
104 895
103 104
103 896
103 897
103 898
103 899
103 900
103 901
103 902
103 903
102 103
102 904
102 905
102 906
102 907
102 908
102 909
102 910
102 911
101 102
101 912
101 913
101 914
101 915
101 916
101 917
101 918
101 919
100 101
100 920
100 921
100 922
100 923
100 924
100 925
100 926
100 927
99 100
99 928
99 929
99 930
99 931
99 932
99 933
99 934
99 935
98 99
98 936
98 937
98 938
98 939
98 940
98 941
98 942
98 943
97 98
97 944
97 945
97 946
97 947
97 948
97 949
97 950
97 951
96 97
96 952
96 953
96 954
96 955
96 956
96 957
96 958
96 959
95 96
95 960
95 961
95 962
95 963
95 964
95 965
95 966
95 967
94 95
94 968
94 969
94 970
94 971
94 972
94 973
94 974
94 975
93 94
93 976
93 977
93 978
93 979
93 980
93 981
93 982
93 983
92 93
92 984
92 985
92 986
92 987
92 988
92 989
92 990
92 991
91 92
91 992
91 993
91 994
91 995
91 996
91 997
91 998
91 999
90 91
90 1000
90 1001
90 1002
90 1003
90 1004
90 1005
90 1006
90 1007
89 90
89 1008
89 1009
89 1010
89 1011
89 1012
89 1013
89 1014
89 1015
88 89
88 1016
88 1017
88 1018
88 1019
88 1020
88 1021
88 1022
88 1023
87 88
87 1024
87 1025
87 1026
87 1027
87 1028
87 1029
87 1030
87 1031
86 87
86 1032
86 1033
86 1034
86 1035
86 1036
86 1037
86 1038
86 1039
85 86
85 1040
85 1041
85 1042
85 1043
85 1044
85 1045
85 1046
85 1047
84 85
84 1048
84 1049
84 1050
84 1051
84 1052
84 1053
84 1054
84 1055
83 84
83 1056
83 1057
83 1058
83 1059
83 1060
83 1061
83 1062
83 1063
82 83
82 1064
82 1065
82 1066
82 1067
82 1068
82 1069
82 1070
82 1071
81 82
81 1072
81 1073
81 1074
81 1075
81 1076
81 1077
81 1078
81 1079
80 81
80 1080
80 1081
80 1082
80 1083
80 1084
80 1085
80 1086
80 1087
79 80
79 1088
79 1089
79 1090
79 1091
79 1092
79 1093
79 1094
79 1095
78 79
78 1096
78 1097
78 1098
78 1099
78 1100
78 1101
78 1102
78 1103
77 78
77 1104
77 1105
77 1106
77 1107
77 1108
77 1109
77 1110
77 1111
76 77
76 1112
76 1113
76 1114
76 1115
76 1116
76 1117
76 1118
76 1119
75 76
75 1120
75 1121
75 1122
75 1123
75 1124
75 1125
75 1126
75 1127
74 75
74 1128
74 1129
74 1130
74 1131
74 1132
74 1133
74 1134
74 1135
73 74
73 1136
73 1137
73 1138
73 1139
73 1140
73 1141
73 1142
73 1143
72 73
72 1144
72 1145
72 1146
72 1147
72 1148
72 1149
72 1150
72 1151
71 72
71 1152
71 1153
71 1154
71 1155
71 1156
71 1157
71 1158
71 1159
70 71
70 1160
70 1161
70 1162
70 1163
70 1164
70 1165
70 1166
70 1167
69 70
69 1168
69 1169
69 1170
69 1171
69 1172
69 1173
69 1174
69 1175
68 69
68 1176
68 1177
68 1178
68 1179
68 1180
68 1181
68 1182
68 1183
67 68
67 1184
67 1185
67 1186
67 1187
67 1188
67 1189
67 1190
67 1191
66 67
66 1192
66 1193
66 1194
66 1195
66 1196
66 1197
66 1198
66 1199
65 66
65 1200
65 1201
65 1202
65 1203
65 1204
65 1205
65 1206
65 1207
64 65
64 1208
64 1209
64 1210
64 1211
64 1212
64 1213
64 1214
64 1215
63 64
63 1216
63 1217
63 1218
63 1219
63 1220
63 1221
63 1222
63 1223
62 63
62 1224
62 1225
62 1226
62 1227
62 1228
62 1229
62 1230
62 1231
61 62
61 1232
61 1233
61 1234
61 1235
61 1236
61 1237
61 1238
61 1239
60 61
60 1240
60 1241
60 1242
60 1243
60 1244
60 1245
60 1246
60 1247
59 60
59 1248
59 1249
59 1250
59 1251
59 1252
59 1253
59 1254
59 1255
58 59
58 1256
58 1257
58 1258
58 1259
58 1260
58 1261
58 1262
58 1263
57 58
57 1264
57 1265
57 1266
57 1267
57 1268
57 1269
57 1270
57 1271
56 57
56 1272
56 1273
56 1274
56 1275
56 1276
56 1277
56 1278
56 1279
55 56
55 1280
55 1281
55 1282
55 1283
55 1284
55 1285
55 1286
55 1287
54 55
54 1288
54 1289
54 1290
54 1291
54 1292
54 1293
54 1294
54 1295
53 54
53 1296
53 1297
53 1298
53 1299
53 1300
53 1301
53 1302
53 1303
52 53
52 1304
52 1305
52 1306
52 1307
52 1308
52 1309
52 1310
52 1311
51 52
51 1312
51 1313
51 1314
51 1315
51 1316
51 1317
51 1318
51 1319
50 51
50 1320
50 1321
50 1322
50 1323
50 1324
50 1325
50 1326
50 1327
49 50
49 1328
49 1329
49 1330
49 1331
49 1332
49 1333
49 1334
49 1335
48 49
48 1336
48 1337
48 1338
48 1339
48 1340
48 1341
48 1342
48 1343
47 48
47 1344
47 1345
47 1346
47 1347
47 1348
47 1349
47 1350
47 1351
46 47
46 1352
46 1353
46 1354
46 1355
46 1356
46 1357
46 1358
46 1359
45 46
45 1360
45 1361
45 1362
45 1363
45 1364
45 1365
45 1366
45 1367
44 45
44 1368
44 1369
44 1370
44 1371
44 1372
44 1373
44 1374
44 1375
43 44
43 1376
43 1377
43 1378
43 1379
43 1380
43 1381
43 1382
43 1383
42 43
42 1384
42 1385
42 1386
42 1387
42 1388
42 1389
42 1390
42 1391
41 42
41 1392
41 1393
41 1394
41 1395
41 1396
41 1397
41 1398
41 1399
40 41
40 1400
40 1401
40 1402
40 1403
40 1404
40 1405
40 1406
40 1407
39 40
39 1408
39 1409
39 1410
39 1411
39 1412
39 1413
39 1414
39 1415
38 39
38 1416
38 1417
38 1418
38 1419
38 1420
38 1421
38 1422
38 1423
37 38
37 1424
37 1425
37 1426
37 1427
37 1428
37 1429
37 1430
37 1431
36 37
36 1432
36 1433
36 1434
36 1435
36 1436
36 1437
36 1438
36 1439
35 36
35 1440
35 1441
35 1442
35 1443
35 1444
35 1445
35 1446
35 1447
34 35
34 1448
34 1449
34 1450
34 1451
34 1452
34 1453
34 1454
34 1455
33 34
33 1456
33 1457
33 1458
33 1459
33 1460
33 1461
33 1462
33 1463
32 33
32 1464
32 1465
32 1466
32 1467
32 1468
32 1469
32 1470
32 1471
31 32
31 1472
31 1473
31 1474
31 1475
31 1476
31 1477
31 1478
31 1479
30 31
30 1480
30 1481
30 1482
30 1483
30 1484
30 1485
30 1486
30 1487
29 30
29 1488
29 1489
29 1490
29 1491
29 1492
29 1493
29 1494
29 1495
28 29
28 1496
28 1497
28 1498
28 1499
28 1500
28 1501
28 1502
28 1503
27 28
27 1504
27 1505
27 1506
27 1507
27 1508
27 1509
27 1510
27 1511
26 27
26 1512
26 1513
26 1514
26 1515
26 1516
26 1517
26 1518
26 1519
25 26
25 1520
25 1521
25 1522
25 1523
25 1524
25 1525
25 1526
25 1527
24 25
24 1528
24 1529
24 1530
24 1531
24 1532
24 1533
24 1534
24 1535
23 24
23 1536
23 1537
23 1538
23 1539
23 1540
23 1541
23 1542
23 1543
22 23
22 1544
22 1545
22 1546
22 1547
22 1548
22 1549
22 1550
22 1551
21 22
21 1552
21 1553
21 1554
21 1555
21 1556
21 1557
21 1558
21 1559
20 21
20 1560
20 1561
20 1562
20 1563
20 1564
20 1565
20 1566
20 1567
19 20
19 1568
19 1569
19 1570
19 1571
19 1572
19 1573
19 1574
19 1575
18 19
18 1576
18 1577
18 1578
18 1579
18 1580
18 1581
18 1582
18 1583
17 18
17 1584
17 1585
17 1586
17 1587
17 1588
17 1589
17 1590
17 1591
16 17
16 1592
16 1593
16 1594
16 1595
16 1596
16 1597
16 1598
16 1599
15 16
15 1600
15 1601
15 1602
15 1603
15 1604
15 1605
15 1606
15 1607
14 15
14 1608
14 1609
14 1610
14 1611
14 1612
14 1613
14 1614
14 1615
13 14
13 1616
13 1617
13 1618
13 1619
13 1620
13 1621
13 1622
13 1623
12 13
12 1624
12 1625
12 1626
12 1627
12 1628
12 1629
12 1630
12 1631
11 12
11 1632
11 1633
11 1634
11 1635
11 1636
11 1637
11 1638
11 1639
10 11
10 1640
10 1641
10 1642
10 1643
10 1644
10 1645
10 1646
10 1647
9 10
9 1648
9 1649
9 1650
9 1651
9 1652
9 1653
9 1654
9 1655
8 9
8 1656
8 1657
8 1658
8 1659
8 1660
8 1661
8 1662
8 1663
7 8
7 1664
7 1665
7 1666
7 1667
7 1668
7 1669
7 1670
7 1671
6 7
6 1672
6 1673
6 1674
6 1675
6 1676
6 1677
6 1678
6 1679
5 6
5 1680
5 1681
5 1682
5 1683
5 1684
5 1685
5 1686
5 1687
4 5
4 1688
4 1689
4 1690
4 1691
4 1692
4 1693
4 1694
4 1695
3 4
3 1696
3 1697
3 1698
3 1699
3 1700
3 1701
3 1702
3 1703
2 3
2 1704
2 1705
2 1706
2 1707
2 1708
2 1709
2 1710
2 1711
1 2
1 1712
1 1713
1 1714
1 1715
1 1716
1 1717
1 1845
