2028 808537
12 1
12 1718
12 1719
12 1720
12 1721
12 1722
12 1723
12 1724
12 1725
12 1726
12 1727
12 1728
12 1729
12 1730
12 1731
12 1732
12 1733
12 1734
12 1735
12 1736
12 1737
12 1738
12 1739
12 1740
12 1741
12 1742
12 1743
12 1744
12 1745
12 1746
12 1747
12 1748
12 1749
12 1750
12 1751
12 1752
12 1753
12 1754
12 1755
12 1756
12 1757
12 1758
12 1759
12 1760
12 1761
12 1762
12 1763
12 1764
12 1765
12 1766
12 1767
12 1768
12 1769
12 1770
12 1771
12 1772
12 1773
12 1774
12 1775
12 1776
12 1777
12 1778
12 1779
12 1780
12 1781
12 1782
12 1783
12 1784
12 1785
12 1786
12 1787
12 1788
12 1789
12 1790
12 1791
12 1792
12 1793
12 1794
12 1795
12 1796
12 1797
12 1798
12 1799
12 1800
12 1801
12 1802
12 1803
12 1804
12 1805
12 1806
12 1807
12 1808
12 1809
12 1810
12 1811
12 1812
12 1813
12 1814
12 1815
12 1816
12 1817
12 1818
12 1819
12 1820
12 1821
12 1822
12 1823
12 1824
12 1825
12 1826
12 1827
12 1828
12 1829
12 1830
12 1831
12 1832
12 1833
12 1834
12 1835
12 1836
12 1837
12 1838
12 1839
12 1840
12 1841
12 1842
12 1843
12 1844
12 1845
12 13
12 14
12 15
12 16
12 17
12 18
12 19
12 20
12 21
12 22
12 23
12 24
12 25
12 26
12 27
12 28
12 29
12 30
12 31
12 32
12 33
12 34
12 35
12 36
12 37
12 38
12 39
12 40
12 41
12 42
12 43
12 44
12 45
12 46
12 47
12 48
12 49
12 50
12 51
12 52
11 12
11 53
11 54
11 55
11 56
11 57
11 58
11 59
11 60
11 61
11 62
11 63
11 64
11 65
11 66
11 67
11 68
11 69
11 70
11 71
11 72
11 73
11 74
11 75
11 76
11 77
11 78
11 79
11 80
11 81
11 82
11 83
11 84
11 85
11 86
11 87
11 88
11 89
11 90
11 91
11 92
11 93
11 94
11 95
11 96
11 97
11 98
11 99
11 100
11 101
11 102
11 103
11 104
11 105
11 106
11 107
11 108
11 109
11 110
11 111
11 112
11 113
11 114
11 115
11 116
11 117
11 118
11 119
11 120
11 121
11 122
11 123
11 124
11 125
11 126
11 127
11 128
11 129
11 130
11 131
11 132
11 133
11 134
11 135
11 136
11 137
11 138
11 139
11 140
11 141
11 142
11 143
11 144
11 145
11 146
11 147
11 148
11 149
11 150
11 151
11 152
11 153
11 154
11 155
11 156
11 157
11 158
11 159
11 160
11 161
11 162
11 163
11 164
11 165
11 166
11 167
11 168
11 169
11 170
11 171
11 172
11 173
11 174
11 175
11 176
11 177
11 178
11 179
11 180
11 181
11 182
11 183
11 184
11 185
11 186
11 187
11 188
11 189
11 190
11 191
11 192
11 193
11 194
11 195
11 196
11 197
11 198
11 199
11 200
11 201
11 202
11 203
11 204
11 205
11 206
11 207
11 208
11 209
11 210
11 211
11 212
11 213
11 214
11 215
11 216
11 217
11 218
11 219
11 220
10 11
10 221
10 222
10 223
10 224
10 225
10 226
10 227
10 228
10 229
10 230
10 231
10 232
10 233
10 234
10 235
10 236
10 237
10 238
10 239
10 240
10 241
10 242
10 243
10 244
10 245
10 246
10 247
10 248
10 249
10 250
10 251
10 252
10 253
10 254
10 255
10 256
10 257
10 258
10 259
10 260
10 261
10 262
10 263
10 264
10 265
10 266
10 267
10 268
10 269
10 270
10 271
10 272
10 273
10 274
10 275
10 276
10 277
10 278
10 279
10 280
10 281
10 282
10 283
10 284
10 285
10 286
10 287
10 288
10 289
10 290
10 291
10 292
10 293
10 294
10 295
10 296
10 297
10 298
10 299
10 300
10 301
10 302
10 303
10 304
10 305
10 306
10 307
10 308
10 309
10 310
10 311
10 312
10 313
10 314
10 315
10 316
10 317
10 318
10 319
10 320
10 321
10 322
10 323
10 324
10 325
10 326
10 327
10 328
10 329
10 330
10 331
10 332
10 333
10 334
10 335
10 336
10 337
10 338
10 339
10 340
10 341
10 342
10 343
10 344
10 345
10 346
10 347
10 348
10 349
10 350
10 351
10 352
10 353
10 354
10 355
10 356
10 357
10 358
10 359
10 360
10 361
10 362
10 363
10 364
10 365
10 366
10 367
10 368
10 369
10 370
10 371
10 372
10 373
10 374
10 375
10 376
10 377
10 378
10 379
10 380
10 381
10 382
10 383
10 384
10 385
10 386
10 387
10 388
9 10
9 389
9 390
9 391
9 392
9 393
9 394
9 395
9 396
9 397
9 398
9 399
9 400
9 401
9 402
9 403
9 404
9 405
9 406
9 407
9 408
9 409
9 410
9 411
9 412
9 413
9 414
9 415
9 416
9 417
9 418
9 419
9 420
9 421
9 422
9 423
9 424
9 425
9 426
9 427
9 428
9 429
9 430
9 431
9 432
9 433
9 434
9 435
9 436
9 437
9 438
9 439
9 440
9 441
9 442
9 443
9 444
9 445
9 446
9 447
9 448
9 449
9 450
9 451
9 452
9 453
9 454
9 455
9 456
9 457
9 458
9 459
9 460
9 461
9 462
9 463
9 464
9 465
9 466
9 467
9 468
9 469
9 470
9 471
9 472
9 473
9 474
9 475
9 476
9 477
9 478
9 479
9 480
9 481
9 482
9 483
9 484
9 485
9 486
9 487
9 488
9 489
9 490
9 491
9 492
9 493
9 494
9 495
9 496
9 497
9 498
9 499
9 500
9 501
9 502
9 503
9 504
9 505
9 506
9 507
9 508
9 509
9 510
9 511
9 512
9 513
9 514
9 515
9 516
9 517
9 518
9 519
9 520
9 521
9 522
9 523
9 524
9 525
9 526
9 527
9 528
9 529
9 530
9 531
9 532
9 533
9 534
9 535
9 536
9 537
9 538
9 539
9 540
9 541
9 542
9 543
9 544
9 545
9 546
9 547
9 548
9 549
9 550
9 551
9 552
9 553
9 554
9 555
9 556
8 9
8 557
8 558
8 559
8 560
8 561
8 562
8 563
8 564
8 565
8 566
8 567
8 568
8 569
8 570
8 571
8 572
8 573
8 574
8 575
8 576
8 577
8 578
8 579
8 580
8 581
8 582
8 583
8 584
8 585
8 586
8 587
8 588
8 589
8 590
8 591
8 592
8 593
8 594
8 595
8 596
8 597
8 598
8 599
8 600
8 601
8 602
8 603
8 604
8 605
8 606
8 607
8 608
8 609
8 610
8 611
8 612
8 613
8 614
8 615
8 616
8 617
8 618
8 619
8 620
8 621
8 622
8 623
8 624
8 625
8 626
8 627
8 628
8 629
8 630
8 631
8 632
8 633
8 634
8 635
8 636
8 637
8 638
8 639
8 640
8 641
8 642
8 643
8 644
8 645
8 646
8 647
8 648
8 649
8 650
8 651
8 652
8 653
8 654
8 655
8 656
8 657
8 658
8 659
8 660
8 661
8 662
8 663
8 664
8 665
8 666
8 667
8 668
8 669
8 670
8 671
8 672
8 673
8 674
8 675
8 676
8 677
8 678
8 679
8 680
8 681
8 682
8 683
8 684
8 685
8 686
8 687
8 688
8 689
8 690
8 691
8 692
8 693
8 694
8 695
8 696
8 697
8 698
8 699
8 700
8 701
8 702
8 703
8 704
8 705
8 706
8 707
8 708
8 709
8 710
8 711
8 712
8 713
8 714
8 715
8 716
8 717
8 718
8 719
8 720
8 721
8 722
8 723
8 724
7 8
7 725
7 726
7 727
7 728
7 729
7 730
7 731
7 732
7 733
7 734
7 735
7 736
7 737
7 738
7 739
7 740
7 741
7 742
7 743
7 744
7 745
7 746
7 747
7 748
7 749
7 750
7 751
7 752
7 753
7 754
7 755
7 756
7 757
7 758
7 759
7 760
7 761
7 762
7 763
7 764
7 765
7 766
7 767
7 768
7 769
7 770
7 771
7 772
7 773
7 774
7 775
7 776
7 777
7 778
7 779
7 780
7 781
7 782
7 783
7 784
7 785
7 786
7 787
7 788
7 789
7 790
7 791
7 792
7 793
7 794
7 795
7 796
7 797
7 798
7 799
7 800
7 801
7 802
7 803
7 804
7 805
7 806
7 807
7 808
7 809
7 810
7 811
7 812
7 813
7 814
7 815
7 816
7 817
7 818
7 819
7 820
7 821
7 822
7 823
7 824
7 825
7 826
7 827
7 828
7 829
7 830
7 831
7 832
7 833
7 834
7 835
7 836
7 837
7 838
7 839
7 840
7 841
7 842
7 843
7 844
7 845
7 846
7 847
7 848
7 849
7 850
7 851
7 852
7 853
7 854
7 855
7 856
7 857
7 858
7 859
7 860
7 861
7 862
7 863
7 864
7 865
7 866
7 867
7 868
7 869
7 870
7 871
7 872
7 873
7 874
7 875
7 876
7 877
7 878
7 879
7 880
7 881
7 882
7 883
7 884
7 885
7 886
7 887
7 888
7 889
7 890
7 891
7 892
6 7
6 893
6 894
6 895
6 896
6 897
6 898
6 899
6 900
6 901
6 902
6 903
6 904
6 905
6 906
6 907
6 908
6 909
6 910
6 911
6 912
6 913
6 914
6 915
6 916
6 917
6 918
6 919
6 920
6 921
6 922
6 923
6 924
6 925
6 926
6 927
6 928
6 929
6 930
6 931
6 932
6 933
6 934
6 935
6 936
6 937
6 938
6 939
6 940
6 941
6 942
6 943
6 944
6 945
6 946
6 947
6 948
6 949
6 950
6 951
6 952
6 953
6 954
6 955
6 956
6 957
6 958
6 959
6 960
6 961
6 962
6 963
6 964
6 965
6 966
6 967
6 968
6 969
6 970
6 971
6 972
6 973
6 974
6 975
6 976
6 977
6 978
6 979
6 980
6 981
6 982
6 983
6 984
6 985
6 986
6 987
6 988
6 989
6 990
6 991
6 992
6 993
6 994
6 995
6 996
6 997
6 998
6 999
6 1000
6 1001
6 1002
6 1003
6 1004
6 1005
6 1006
6 1007
6 1008
6 1009
6 1010
6 1011
6 1012
6 1013
6 1014
6 1015
6 1016
6 1017
6 1018
6 1019
6 1020
6 1021
6 1022
6 1023
6 1024
6 1025
6 1026
6 1027
6 1028
6 1029
6 1030
6 1031
6 1032
6 1033
6 1034
6 1035
6 1036
6 1037
6 1038
6 1039
6 1040
6 1041
6 1042
6 1043
6 1044
6 1045
6 1046
6 1047
6 1048
6 1049
6 1050
6 1051
6 1052
6 1053
6 1054
6 1055
6 1056
6 1057
6 1058
6 1059
6 1060
5 6
5 1061
5 1062
5 1063
5 1064
5 1065
5 1066
5 1067
5 1068
5 1069
5 1070
5 1071
5 1072
5 1073
5 1074
5 1075
5 1076
5 1077
5 1078
5 1079
5 1080
5 1081
5 1082
5 1083
5 1084
5 1085
5 1086
5 1087
5 1088
5 1089
5 1090
5 1091
5 1092
5 1093
5 1094
5 1095
5 1096
5 1097
5 1098
5 1099
5 1100
5 1101
5 1102
5 1103
5 1104
5 1105
5 1106
5 1107
5 1108
5 1109
5 1110
5 1111
5 1112
5 1113
5 1114
5 1115
5 1116
5 1117
5 1118
5 1119
5 1120
5 1121
5 1122
5 1123
5 1124
5 1125
5 1126
5 1127
5 1128
5 1129
5 1130
5 1131
5 1132
5 1133
5 1134
5 1135
5 1136
5 1137
5 1138
5 1139
5 1140
5 1141
5 1142
5 1143
5 1144
5 1145
5 1146
5 1147
5 1148
5 1149
5 1150
5 1151
5 1152
5 1153
5 1154
5 1155
5 1156
5 1157
5 1158
5 1159
5 1160
5 1161
5 1162
5 1163
5 1164
5 1165
5 1166
5 1167
5 1168
5 1169
5 1170
5 1171
5 1172
5 1173
5 1174
5 1175
5 1176
5 1177
5 1178
5 1179
5 1180
5 1181
5 1182
5 1183
5 1184
5 1185
5 1186
5 1187
5 1188
5 1189
5 1190
5 1191
5 1192
5 1193
5 1194
5 1195
5 1196
5 1197
5 1198
5 1199
5 1200
5 1201
5 1202
5 1203
5 1204
5 1205
5 1206
5 1207
5 1208
5 1209
5 1210
5 1211
5 1212
5 1213
5 1214
5 1215
5 1216
5 1217
5 1218
5 1219
5 1220
5 1221
5 1222
5 1223
5 1224
5 1225
5 1226
5 1227
5 1228
4 5
4 1229
4 1230
4 1231
4 1232
4 1233
4 1234
4 1235
4 1236
4 1237
4 1238
4 1239
4 1240
4 1241
4 1242
4 1243
4 1244
4 1245
4 1246
4 1247
4 1248
4 1249
4 1250
4 1251
4 1252
4 1253
4 1254
4 1255
4 1256
4 1257
4 1258
4 1259
4 1260
4 1261
4 1262
4 1263
4 1264
4 1265
4 1266
4 1267
4 1268
4 1269
4 1270
4 1271
4 1272
4 1273
4 1274
4 1275
4 1276
4 1277
4 1278
4 1279
4 1280
4 1281
4 1282
4 1283
4 1284
4 1285
4 1286
4 1287
4 1288
4 1289
4 1290
4 1291
4 1292
4 1293
4 1294
4 1295
4 1296
4 1297
4 1298
4 1299
4 1300
4 1301
4 1302
4 1303
4 1304
4 1305
4 1306
4 1307
4 1308
4 1309
4 1310
4 1311
4 1312
4 1313
4 1314
4 1315
4 1316
4 1317
4 1318
4 1319
4 1320
4 1321
4 1322
4 1323
4 1324
4 1325
4 1326
4 1327
4 1328
4 1329
4 1330
4 1331
4 1332
4 1333
4 1334
4 1335
4 1336
4 1337
4 1338
4 1339
4 1340
4 1341
4 1342
4 1343
4 1344
4 1345
4 1346
4 1347
4 1348
4 1349
4 1350
4 1351
4 1352
4 1353
4 1354
4 1355
4 1356
4 1357
4 1358
4 1359
4 1360
4 1361
4 1362
4 1363
4 1364
4 1365
4 1366
4 1367
4 1368
4 1369
4 1370
4 1371
4 1372
4 1373
4 1374
4 1375
4 1376
4 1377
4 1378
4 1379
4 1380
4 1381
4 1382
4 1383
4 1384
4 1385
4 1386
4 1387
4 1388
4 1389
4 1390
4 1391
4 1392
4 1393
4 1394
4 1395
4 1396
3 4
3 1397
3 1398
3 1399
3 1400
3 1401
3 1402
3 1403
3 1404
3 1405
3 1406
3 1407
3 1408
3 1409
3 1410
3 1411
3 1412
3 1413
3 1414
3 1415
3 1416
3 1417
3 1418
3 1419
3 1420
3 1421
3 1422
3 1423
3 1424
3 1425
3 1426
3 1427
3 1428
3 1429
3 1430
3 1431
3 1432
3 1433
3 1434
3 1435
3 1436
3 1437
3 1438
3 1439
3 1440
3 1441
3 1442
3 1443
3 1444
3 1445
3 1446
3 1447
3 1448
3 1449
3 1450
3 1451
3 1452
3 1453
3 1454
3 1455
3 1456
3 1457
3 1458
3 1459
3 1460
3 1461
3 1462
3 1463
3 1464
3 1465
3 1466
3 1467
3 1468
3 1469
3 1470
3 1471
3 1472
3 1473
3 1474
3 1475
3 1476
3 1477
3 1478
3 1479
3 1480
3 1481
3 1482
3 1483
3 1484
3 1485
3 1486
3 1487
3 1488
3 1489
3 1490
3 1491
3 1492
3 1493
3 1494
3 1495
3 1496
3 1497
3 1498
3 1499
3 1500
3 1501
3 1502
3 1503
3 1504
3 1505
3 1506
3 1507
3 1508
3 1509
3 1510
3 1511
3 1512
3 1513
3 1514
3 1515
3 1516
3 1517
3 1518
3 1519
3 1520
3 1521
3 1522
3 1523
3 1524
3 1525
3 1526
3 1527
3 1528
3 1529
3 1530
3 1531
3 1532
3 1533
3 1534
3 1535
3 1536
3 1537
3 1538
3 1539
3 1540
3 1541
3 1542
3 1543
3 1544
3 1545
3 1546
3 1547
3 1548
3 1549
3 1550
3 1551
3 1552
3 1553
3 1554
3 1555
3 1556
3 1557
3 1558
3 1559
3 1560
3 1561
3 1562
3 1563
3 1564
2 3
2 1565
2 1566
2 1567
2 1568
2 1569
2 1570
2 1571
2 1572
2 1573
2 1574
2 1575
2 1576
2 1577
2 1578
2 1579
2 1580
2 1581
2 1582
2 1583
2 1584
2 1585
2 1586
2 1587
2 1588
2 1589
2 1590
2 1591
2 1592
2 1593
2 1594
2 1595
2 1596
2 1597
2 1598
2 1599
2 1600
2 1601
2 1602
2 1603
2 1604
2 1605
2 1606
2 1607
2 1608
2 1609
2 1610
2 1611
2 1612
2 1613
2 1614
2 1615
2 1616
2 1617
2 1618
2 1619
2 1620
2 1621
2 1622
2 1623
2 1624
2 1625
2 1626
2 1627
2 1628
2 1629
2 1630
2 1631
2 1632
2 1633
2 1634
2 1635
2 1636
2 1637
2 1638
2 1639
2 1640
2 1641
2 1642
2 1643
2 1644
2 1645
2 1646
2 1647
2 1648
2 1649
2 1650
2 1651
2 1652
2 1653
2 1654
2 1655
2 1656
2 1657
2 1658
2 1659
2 1660
2 1661
2 1662
2 1663
2 1664
2 1665
2 1666
2 1667
2 1668
2 1669
2 1670
2 1671
2 1672
2 1673
2 1674
2 1675
2 1676
2 1677
2 1678
2 1679
2 1680
2 1681
2 1682
2 1683
2 1684
2 1685
2 1686
2 1687
2 1688
2 1689
2 1690
2 1691
2 1692
2 1693
2 1694
2 1695
2 1696
2 1697
2 1698
2 1699
2 1700
2 1701
2 1702
2 1703
2 1704
2 1705
2 1706
2 1707
2 1708
2 1709
2 1710
2 1711
2 1712
2 1713
2 1714
2 1715
2 1716
2 1717
2 1718
2 1719
2 1720
2 1721
2 1722
2 1723
2 1724
2 1725
2 1726
2 1727
2 1728
2 1729
2 1730
2 1731
2 1732
1 2
1 1733
1 1734
1 1735
1 1736
1 1737
1 1738
1 1739
1 1740
1 1741
1 1742
1 1743
1 1744
1 1745
1 1746
1 1747
1 1748
1 1749
1 1750
1 1751
1 1752
1 1753
1 1754
1 1755
1 1756
1 1757
1 1758
1 1759
1 1760
1 1761
1 1762
1 1763
1 1764
1 1765
1 1766
1 1767
1 1768
1 1769
1 1770
1 1771
1 1772
1 1773
1 1774
1 1775
1 1776
1 1777
1 1778
1 1779
1 1780
1 1781
1 1782
1 1783
1 1784
1 1785
1 1786
1 1787
1 1788
1 1789
1 1790
1 1791
1 1792
1 1793
1 1794
1 1795
1 1796
1 1797
1 1798
1 1799
1 1800
1 1801
1 1802
1 1803
1 1804
1 1805
1 1806
1 1807
1 1808
1 1809
1 1810
1 1811
1 1812
1 1813
1 1814
1 1815
1 1816
1 1817
1 1818
1 1819
1 1820
1 1821
1 1822
1 1823
1 1824
1 1825
1 1826
1 1827
1 1828
1 1829
1 1830
1 1831
1 1832
1 1833
1 1834
1 1835
1 1836
1 1837
1 1838
1 1839
1 1840
1 1841
1 1842
1 1843
1 1844
1 1845
1 1846
1 1847
1 1848
1 1849
1 1850
1 1851
1 1852
1 1853
1 1854
1 1855
1 1856
1 1857
1 1858
1 1859
1 1860
1 1861
1 1862
1 1863
1 1864
1 1865
1 1866
1 1867
1 1868
1 1869
1 1870
1 1871
1 1872
1 1873
1 1874
1 1875
1 1876
1 1877
1 1878
1 1879
1 1880
1 1881
1 1882
1 1883
1 1884
1 1885
1 1886
1 1887
1 1888
1 1889
1 1890
1 1891
1 1892
1 1893
1 1894
1 1895
1 1896
1 1897
1 1898
1 1899
1 2029
