2083 37527190
694 1
694 1900
694 1901
693 694
693 1902
693 1903
692 693
692 1904
692 1905
691 692
691 1906
691 1907
690 691
690 1908
690 1909
689 690
689 1910
689 1911
688 689
688 1912
688 1913
687 688
687 1914
687 1915
686 687
686 1916
686 1917
685 686
685 1918
685 1919
684 685
684 1920
684 1921
683 684
683 1922
683 1923
682 683
682 1924
682 1925
681 682
681 1926
681 1927
680 681
680 1928
680 1929
679 680
679 1930
679 1931
678 679
678 1932
678 1933
677 678
677 1934
677 1935
676 677
676 1936
676 1937
675 676
675 1938
675 1939
674 675
674 1940
674 1941
673 674
673 1942
673 1943
672 673
672 1944
672 1945
671 672
671 1946
671 1947
670 671
670 1948
670 1949
669 670
669 1950
669 1951
668 669
668 1952
668 1953
667 668
667 1954
667 1955
666 667
666 1956
666 1957
665 666
665 1958
665 1959
664 665
664 1960
664 1961
663 664
663 1962
663 1963
662 663
662 1964
662 1965
661 662
661 1966
661 1967
660 661
660 1968
660 1969
659 660
659 1970
659 1971
658 659
658 1972
658 1973
657 658
657 1974
657 1975
656 657
656 1976
656 1977
655 656
655 1978
655 1979
654 655
654 1980
654 1981
653 654
653 1982
653 1983
652 653
652 1984
652 1985
651 652
651 1986
651 1987
650 651
650 1988
650 1989
649 650
649 1990
649 1991
648 649
648 1992
648 1993
647 648
647 1994
647 1995
646 647
646 1996
646 1997
645 646
645 1998
645 1999
644 645
644 2000
644 2001
643 644
643 2002
643 2003
642 643
642 2004
642 2005
641 642
641 2006
641 2007
640 641
640 2008
640 2009
639 640
639 2010
639 2011
638 639
638 2012
638 2013
637 638
637 2014
637 2015
636 637
636 2016
636 2017
635 636
635 2018
635 2019
634 635
634 2020
634 2021
633 634
633 2022
633 2023
632 633
632 2024
632 2025
631 632
631 2026
631 2027
630 631
630 2028
630 2029
629 630
629 695
629 696
628 629
628 697
628 698
627 628
627 699
627 700
626 627
626 701
626 702
625 626
625 703
625 704
624 625
624 705
624 706
623 624
623 707
623 708
622 623
622 709
622 710
621 622
621 711
621 712
620 621
620 713
620 714
619 620
619 715
619 716
618 619
618 717
618 718
617 618
617 719
617 720
616 617
616 721
616 722
615 616
615 723
615 724
614 615
614 725
614 726
613 614
613 727
613 728
612 613
612 729
612 730
611 612
611 731
611 732
610 611
610 733
610 734
609 610
609 735
609 736
608 609
608 737
608 738
607 608
607 739
607 740
606 607
606 741
606 742
605 606
605 743
605 744
604 605
604 745
604 746
603 604
603 747
603 748
602 603
602 749
602 750
601 602
601 751
601 752
600 601
600 753
600 754
599 600
599 755
599 756
598 599
598 757
598 758
597 598
597 759
597 760
596 597
596 761
596 762
595 596
595 763
595 764
594 595
594 765
594 766
593 594
593 767
593 768
592 593
592 769
592 770
591 592
591 771
591 772
590 591
590 773
590 774
589 590
589 775
589 776
588 589
588 777
588 778
587 588
587 779
587 780
586 587
586 781
586 782
585 586
585 783
585 784
584 585
584 785
584 786
583 584
583 787
583 788
582 583
582 789
582 790
581 582
581 791
581 792
580 581
580 793
580 794
579 580
579 795
579 796
578 579
578 797
578 798
577 578
577 799
577 800
576 577
576 801
576 802
575 576
575 803
575 804
574 575
574 805
574 806
573 574
573 807
573 808
572 573
572 809
572 810
571 572
571 811
571 812
570 571
570 813
570 814
569 570
569 815
569 816
568 569
568 817
568 818
567 568
567 819
567 820
566 567
566 821
566 822
565 566
565 823
565 824
564 565
564 825
564 826
563 564
563 827
563 828
562 563
562 829
562 830
561 562
561 831
561 832
560 561
560 833
560 834
559 560
559 835
559 836
558 559
558 837
558 838
557 558
557 839
557 840
556 557
556 841
556 842
555 556
555 843
555 844
554 555
554 845
554 846
553 554
553 847
553 848
552 553
552 849
552 850
551 552
551 851
551 852
550 551
550 853
550 854
549 550
549 855
549 856
548 549
548 857
548 858
547 548
547 859
547 860
546 547
546 861
546 862
545 546
545 863
545 864
544 545
544 865
544 866
543 544
543 867
543 868
542 543
542 869
542 870
541 542
541 871
541 872
540 541
540 873
540 874
539 540
539 875
539 876
538 539
538 877
538 878
537 538
537 879
537 880
536 537
536 881
536 882
535 536
535 883
535 884
534 535
534 885
534 886
533 534
533 887
533 888
532 533
532 889
532 890
531 532
531 891
531 892
530 531
530 893
530 894
529 530
529 895
529 896
528 529
528 897
528 898
527 528
527 899
527 900
526 527
526 901
526 902
525 526
525 903
525 904
524 525
524 905
524 906
523 524
523 907
523 908
522 523
522 909
522 910
521 522
521 911
521 912
520 521
520 913
520 914
519 520
519 915
519 916
518 519
518 917
518 918
517 518
517 919
517 920
516 517
516 921
516 922
515 516
515 923
515 924
514 515
514 925
514 926
513 514
513 927
513 928
512 513
512 929
512 930
511 512
511 931
511 932
510 511
510 933
510 934
509 510
509 935
509 936
508 509
508 937
508 938
507 508
507 939
507 940
506 507
506 941
506 942
505 506
505 943
505 944
504 505
504 945
504 946
503 504
503 947
503 948
502 503
502 949
502 950
501 502
501 951
501 952
500 501
500 953
500 954
499 500
499 955
499 956
498 499
498 957
498 958
497 498
497 959
497 960
496 497
496 961
496 962
495 496
495 963
495 964
494 495
494 965
494 966
493 494
493 967
493 968
492 493
492 969
492 970
491 492
491 971
491 972
490 491
490 973
490 974
489 490
489 975
489 976
488 489
488 977
488 978
487 488
487 979
487 980
486 487
486 981
486 982
485 486
485 983
485 984
484 485
484 985
484 986
483 484
483 987
483 988
482 483
482 989
482 990
481 482
481 991
481 992
480 481
480 993
480 994
479 480
479 995
479 996
478 479
478 997
478 998
477 478
477 999
477 1000
476 477
476 1001
476 1002
475 476
475 1003
475 1004
474 475
474 1005
474 1006
473 474
473 1007
473 1008
472 473
472 1009
472 1010
471 472
471 1011
471 1012
470 471
470 1013
470 1014
469 470
469 1015
469 1016
468 469
468 1017
468 1018
467 468
467 1019
467 1020
466 467
466 1021
466 1022
465 466
465 1023
465 1024
464 465
464 1025
464 1026
463 464
463 1027
463 1028
462 463
462 1029
462 1030
461 462
461 1031
461 1032
460 461
460 1033
460 1034
459 460
459 1035
459 1036
458 459
458 1037
458 1038
457 458
457 1039
457 1040
456 457
456 1041
456 1042
455 456
455 1043
455 1044
454 455
454 1045
454 1046
453 454
453 1047
453 1048
452 453
452 1049
452 1050
451 452
451 1051
451 1052
450 451
450 1053
450 1054
449 450
449 1055
449 1056
448 449
448 1057
448 1058
447 448
447 1059
447 1060
446 447
446 1061
446 1062
445 446
445 1063
445 1064
444 445
444 1065
444 1066
443 444
443 1067
443 1068
442 443
442 1069
442 1070
441 442
441 1071
441 1072
440 441
440 1073
440 1074
439 440
439 1075
439 1076
438 439
438 1077
438 1078
437 438
437 1079
437 1080
436 437
436 1081
436 1082
435 436
435 1083
435 1084
434 435
434 1085
434 1086
433 434
433 1087
433 1088
432 433
432 1089
432 1090
431 432
431 1091
431 1092
430 431
430 1093
430 1094
429 430
429 1095
429 1096
428 429
428 1097
428 1098
427 428
427 1099
427 1100
426 427
426 1101
426 1102
425 426
425 1103
425 1104
424 425
424 1105
424 1106
423 424
423 1107
423 1108
422 423
422 1109
422 1110
421 422
421 1111
421 1112
420 421
420 1113
420 1114
419 420
419 1115
419 1116
418 419
418 1117
418 1118
417 418
417 1119
417 1120
416 417
416 1121
416 1122
415 416
415 1123
415 1124
414 415
414 1125
414 1126
413 414
413 1127
413 1128
412 413
412 1129
412 1130
411 412
411 1131
411 1132
410 411
410 1133
410 1134
409 410
409 1135
409 1136
408 409
408 1137
408 1138
407 408
407 1139
407 1140
406 407
406 1141
406 1142
405 406
405 1143
405 1144
404 405
404 1145
404 1146
403 404
403 1147
403 1148
402 403
402 1149
402 1150
401 402
401 1151
401 1152
400 401
400 1153
400 1154
399 400
399 1155
399 1156
398 399
398 1157
398 1158
397 398
397 1159
397 1160
396 397
396 1161
396 1162
395 396
395 1163
395 1164
394 395
394 1165
394 1166
393 394
393 1167
393 1168
392 393
392 1169
392 1170
391 392
391 1171
391 1172
390 391
390 1173
390 1174
389 390
389 1175
389 1176
388 389
388 1177
388 1178
387 388
387 1179
387 1180
386 387
386 1181
386 1182
385 386
385 1183
385 1184
384 385
384 1185
384 1186
383 384
383 1187
383 1188
382 383
382 1189
382 1190
381 382
381 1191
381 1192
380 381
380 1193
380 1194
379 380
379 1195
379 1196
378 379
378 1197
378 1198
377 378
377 1199
377 1200
376 377
376 1201
376 1202
375 376
375 1203
375 1204
374 375
374 1205
374 1206
373 374
373 1207
373 1208
372 373
372 1209
372 1210
371 372
371 1211
371 1212
370 371
370 1213
370 1214
369 370
369 1215
369 1216
368 369
368 1217
368 1218
367 368
367 1219
367 1220
366 367
366 1221
366 1222
365 366
365 1223
365 1224
364 365
364 1225
364 1226
363 364
363 1227
363 1228
362 363
362 1229
362 1230
361 362
361 1231
361 1232
360 361
360 1233
360 1234
359 360
359 1235
359 1236
358 359
358 1237
358 1238
357 358
357 1239
357 1240
356 357
356 1241
356 1242
355 356
355 1243
355 1244
354 355
354 1245
354 1246
353 354
353 1247
353 1248
352 353
352 1249
352 1250
351 352
351 1251
351 1252
350 351
350 1253
350 1254
349 350
349 1255
349 1256
348 349
348 1257
348 1258
347 348
347 1259
347 1260
346 347
346 1261
346 1262
345 346
345 1263
345 1264
344 345
344 1265
344 1266
343 344
343 1267
343 1268
342 343
342 1269
342 1270
341 342
341 1271
341 1272
340 341
340 1273
340 1274
339 340
339 1275
339 1276
338 339
338 1277
338 1278
337 338
337 1279
337 1280
336 337
336 1281
336 1282
335 336
335 1283
335 1284
334 335
334 1285
334 1286
333 334
333 1287
333 1288
332 333
332 1289
332 1290
331 332
331 1291
331 1292
330 331
330 1293
330 1294
329 330
329 1295
329 1296
328 329
328 1297
328 1298
327 328
327 1299
327 1300
326 327
326 1301
326 1302
325 326
325 1303
325 1304
324 325
324 1305
324 1306
323 324
323 1307
323 1308
322 323
322 1309
322 1310
321 322
321 1311
321 1312
320 321
320 1313
320 1314
319 320
319 1315
319 1316
318 319
318 1317
318 1318
317 318
317 1319
317 1320
316 317
316 1321
316 1322
315 316
315 1323
315 1324
314 315
314 1325
314 1326
313 314
313 1327
313 1328
312 313
312 1329
312 1330
311 312
311 1331
311 1332
310 311
310 1333
310 1334
309 310
309 1335
309 1336
308 309
308 1337
308 1338
307 308
307 1339
307 1340
306 307
306 1341
306 1342
305 306
305 1343
305 1344
304 305
304 1345
304 1346
303 304
303 1347
303 1348
302 303
302 1349
302 1350
301 302
301 1351
301 1352
300 301
300 1353
300 1354
299 300
299 1355
299 1356
298 299
298 1357
298 1358
297 298
297 1359
297 1360
296 297
296 1361
296 1362
295 296
295 1363
295 1364
294 295
294 1365
294 1366
293 294
293 1367
293 1368
292 293
292 1369
292 1370
291 292
291 1371
291 1372
290 291
290 1373
290 1374
289 290
289 1375
289 1376
288 289
288 1377
288 1378
287 288
287 1379
287 1380
286 287
286 1381
286 1382
285 286
285 1383
285 1384
284 285
284 1385
284 1386
283 284
283 1387
283 1388
282 283
282 1389
282 1390
281 282
281 1391
281 1392
280 281
280 1393
280 1394
279 280
279 1395
279 1396
278 279
278 1397
278 1398
277 278
277 1399
277 1400
276 277
276 1401
276 1402
275 276
275 1403
275 1404
274 275
274 1405
274 1406
273 274
273 1407
273 1408
272 273
272 1409
272 1410
271 272
271 1411
271 1412
270 271
270 1413
270 1414
269 270
269 1415
269 1416
268 269
268 1417
268 1418
267 268
267 1419
267 1420
266 267
266 1421
266 1422
265 266
265 1423
265 1424
264 265
264 1425
264 1426
263 264
263 1427
263 1428
262 263
262 1429
262 1430
261 262
261 1431
261 1432
260 261
260 1433
260 1434
259 260
259 1435
259 1436
258 259
258 1437
258 1438
257 258
257 1439
257 1440
256 257
256 1441
256 1442
255 256
255 1443
255 1444
254 255
254 1445
254 1446
253 254
253 1447
253 1448
252 253
252 1449
252 1450
251 252
251 1451
251 1452
250 251
250 1453
250 1454
249 250
249 1455
249 1456
248 249
248 1457
248 1458
247 248
247 1459
247 1460
246 247
246 1461
246 1462
245 246
245 1463
245 1464
244 245
244 1465
244 1466
243 244
243 1467
243 1468
242 243
242 1469
242 1470
241 242
241 1471
241 1472
240 241
240 1473
240 1474
239 240
239 1475
239 1476
238 239
238 1477
238 1478
237 238
237 1479
237 1480
236 237
236 1481
236 1482
235 236
235 1483
235 1484
234 235
234 1485
234 1486
233 234
233 1487
233 1488
232 233
232 1489
232 1490
231 232
231 1491
231 1492
230 231
230 1493
230 1494
229 230
229 1495
229 1496
228 229
228 1497
228 1498
227 228
227 1499
227 1500
226 227
226 1501
226 1502
225 226
225 1503
225 1504
224 225
224 1505
224 1506
223 224
223 1507
223 1508
222 223
222 1509
222 1510
221 222
221 1511
221 1512
220 221
220 1513
220 1514
219 220
219 1515
219 1516
218 219
218 1517
218 1518
217 218
217 1519
217 1520
216 217
216 1521
216 1522
215 216
215 1523
215 1524
214 215
214 1525
214 1526
213 214
213 1527
213 1528
212 213
212 1529
212 1530
211 212
211 1531
211 1532
210 211
210 1533
210 1534
209 210
209 1535
209 1536
208 209
208 1537
208 1538
207 208
207 1539
207 1540
206 207
206 1541
206 1542
205 206
205 1543
205 1544
204 205
204 1545
204 1546
203 204
203 1547
203 1548
202 203
202 1549
202 1550
201 202
201 1551
201 1552
200 201
200 1553
200 1554
199 200
199 1555
199 1556
198 199
198 1557
198 1558
197 198
197 1559
197 1560
196 197
196 1561
196 1562
195 196
195 1563
195 1564
194 195
194 1565
194 1566
193 194
193 1567
193 1568
192 193
192 1569
192 1570
191 192
191 1571
191 1572
190 191
190 1573
190 1574
189 190
189 1575
189 1576
188 189
188 1577
188 1578
187 188
187 1579
187 1580
186 187
186 1581
186 1582
185 186
185 1583
185 1584
184 185
184 1585
184 1586
183 184
183 1587
183 1588
182 183
182 1589
182 1590
181 182
181 1591
181 1592
180 181
180 1593
180 1594
179 180
179 1595
179 1596
178 179
178 1597
178 1598
177 178
177 1599
177 1600
176 177
176 1601
176 1602
175 176
175 1603
175 1604
174 175
174 1605
174 1606
173 174
173 1607
173 1608
172 173
172 1609
172 1610
171 172
171 1611
171 1612
170 171
170 1613
170 1614
169 170
169 1615
169 1616
168 169
168 1617
168 1618
167 168
167 1619
167 1620
166 167
166 1621
166 1622
165 166
165 1623
165 1624
164 165
164 1625
164 1626
163 164
163 1627
163 1628
162 163
162 1629
162 1630
161 162
161 1631
161 1632
160 161
160 1633
160 1634
159 160
159 1635
159 1636
158 159
158 1637
158 1638
157 158
157 1639
157 1640
156 157
156 1641
156 1642
155 156
155 1643
155 1644
154 155
154 1645
154 1646
153 154
153 1647
153 1648
152 153
152 1649
152 1650
151 152
151 1651
151 1652
150 151
150 1653
150 1654
149 150
149 1655
149 1656
148 149
148 1657
148 1658
147 148
147 1659
147 1660
146 147
146 1661
146 1662
145 146
145 1663
145 1664
144 145
144 1665
144 1666
143 144
143 1667
143 1668
142 143
142 1669
142 1670
141 142
141 1671
141 1672
140 141
140 1673
140 1674
139 140
139 1675
139 1676
138 139
138 1677
138 1678
137 138
137 1679
137 1680
136 137
136 1681
136 1682
135 136
135 1683
135 1684
134 135
134 1685
134 1686
133 134
133 1687
133 1688
132 133
132 1689
132 1690
131 132
131 1691
131 1692
130 131
130 1693
130 1694
129 130
129 1695
129 1696
128 129
128 1697
128 1698
127 128
127 1699
127 1700
126 127
126 1701
126 1702
125 126
125 1703
125 1704
124 125
124 1705
124 1706
123 124
123 1707
123 1708
122 123
122 1709
122 1710
121 122
121 1711
121 1712
120 121
120 1713
120 1714
119 120
119 1715
119 1716
118 119
118 1717
118 1718
117 118
117 1719
117 1720
116 117
116 1721
116 1722
115 116
115 1723
115 1724
114 115
114 1725
114 1726
113 114
113 1727
113 1728
112 113
112 1729
112 1730
111 112
111 1731
111 1732
110 111
110 1733
110 1734
109 110
109 1735
109 1736
108 109
108 1737
108 1738
107 108
107 1739
107 1740
106 107
106 1741
106 1742
105 106
105 1743
105 1744
104 105
104 1745
104 1746
103 104
103 1747
103 1748
102 103
102 1749
102 1750
101 102
101 1751
101 1752
100 101
100 1753
100 1754
99 100
99 1755
99 1756
98 99
98 1757
98 1758
97 98
97 1759
97 1760
96 97
96 1761
96 1762
95 96
95 1763
95 1764
94 95
94 1765
94 1766
93 94
93 1767
93 1768
92 93
92 1769
92 1770
91 92
91 1771
91 1772
90 91
90 1773
90 1774
89 90
89 1775
89 1776
88 89
88 1777
88 1778
87 88
87 1779
87 1780
86 87
86 1781
86 1782
85 86
85 1783
85 1784
84 85
84 1785
84 1786
83 84
83 1787
83 1788
82 83
82 1789
82 1790
81 82
81 1791
81 1792
80 81
80 1793
80 1794
79 80
79 1795
79 1796
78 79
78 1797
78 1798
77 78
77 1799
77 1800
76 77
76 1801
76 1802
75 76
75 1803
75 1804
74 75
74 1805
74 1806
73 74
73 1807
73 1808
72 73
72 1809
72 1810
71 72
71 1811
71 1812
70 71
70 1813
70 1814
69 70
69 1815
69 1816
68 69
68 1817
68 1818
67 68
67 1819
67 1820
66 67
66 1821
66 1822
65 66
65 1823
65 1824
64 65
64 1825
64 1826
63 64
63 1827
63 1828
62 63
62 1829
62 1830
61 62
61 1831
61 1832
60 61
60 1833
60 1834
59 60
59 1835
59 1836
58 59
58 1837
58 1838
57 58
57 1839
57 1840
56 57
56 1841
56 1842
55 56
55 1843
55 1844
54 55
54 1845
54 1846
53 54
53 1847
53 1848
52 53
52 1849
52 1850
51 52
51 1851
51 1852
50 51
50 1853
50 1854
49 50
49 1855
49 1856
48 49
48 1857
48 1858
47 48
47 1859
47 1860
46 47
46 1861
46 1862
45 46
45 1863
45 1864
44 45
44 1865
44 1866
43 44
43 1867
43 1868
42 43
42 1869
42 1870
41 42
41 1871
41 1872
40 41
40 1873
40 1874
39 40
39 1875
39 1876
38 39
38 1877
38 1878
37 38
37 1879
37 1880
36 37
36 1881
36 1882
35 36
35 1883
35 1884
34 35
34 1885
34 1886
33 34
33 1887
33 1888
32 33
32 1889
32 1890
31 32
31 1891
31 1892
30 31
30 1893
30 1894
29 30
29 1895
29 1896
28 29
28 1897
28 1898
27 28
27 1899
27 1900
26 27
26 1901
26 1902
25 26
25 1903
25 1904
24 25
24 1905
24 1906
23 24
23 1907
23 1908
22 23
22 1909
22 1910
21 22
21 1911
21 1912
20 21
20 1913
20 1914
19 20
19 1915
19 1916
18 19
18 1917
18 1918
17 18
17 1919
17 1920
16 17
16 1921
16 1922
15 16
15 1923
15 1924
14 15
14 1925
14 1926
13 14
13 1927
13 1928
12 13
12 1929
12 1930
11 12
11 1931
11 1932
10 11
10 1933
10 1934
9 10
9 1935
9 1936
8 9
8 1937
8 1938
7 8
7 1939
7 1940
6 7
6 1941
6 1942
5 6
5 1943
5 1944
4 5
4 1945
4 1946
3 4
3 1947
3 1948
2 3
2 1949
2 1950
1 2
1 1951
1 1952
1 2084
