2012 35161186
671 1
671 1953
671 1954
670 671
670 1955
670 1956
669 670
669 1957
669 1958
668 669
668 1959
668 1960
667 668
667 1961
667 1962
666 667
666 1963
666 1964
665 666
665 1965
665 1966
664 665
664 1967
664 1968
663 664
663 1969
663 1970
662 663
662 1971
662 1972
661 662
661 1973
661 1974
660 661
660 1975
660 1976
659 660
659 1977
659 1978
658 659
658 1979
658 1980
657 658
657 1981
657 1982
656 657
656 1983
656 1984
655 656
655 1985
655 1986
654 655
654 1987
654 1988
653 654
653 1989
653 1990
652 653
652 1991
652 1992
651 652
651 1993
651 1994
650 651
650 1995
650 1996
649 650
649 1997
649 1998
648 649
648 1999
648 2000
647 648
647 2001
647 2002
646 647
646 2003
646 2004
645 646
645 2005
645 2006
644 645
644 2007
644 2008
643 644
643 2009
643 2010
642 643
642 2011
642 2012
641 642
641 2013
641 2014
640 641
640 2015
640 2016
639 640
639 2017
639 2018
638 639
638 2019
638 2020
637 638
637 2021
637 2022
636 637
636 2023
636 2024
635 636
635 2025
635 2026
634 635
634 2027
634 2028
633 634
633 2029
633 2030
632 633
632 2031
632 2032
631 632
631 2033
631 2034
630 631
630 2035
630 2036
629 630
629 2037
629 2038
628 629
628 2039
628 2040
627 628
627 2041
627 2042
626 627
626 2043
626 2044
625 626
625 2045
625 2046
624 625
624 2047
624 2048
623 624
623 2049
623 2050
622 623
622 2051
622 2052
621 622
621 2053
621 2054
620 621
620 2055
620 2056
619 620
619 2057
619 2058
618 619
618 2059
618 2060
617 618
617 2061
617 2062
616 617
616 2063
616 2064
615 616
615 2065
615 2066
614 615
614 2067
614 2068
613 614
613 2069
613 2070
612 613
612 2071
612 2072
611 612
611 2073
611 2074
610 611
610 2075
610 2076
609 610
609 2077
609 2078
608 609
608 2079
608 2080
607 608
607 2081
607 2082
606 607
606 2083
606 2084
605 606
605 2001
605 2002
604 605
604 672
604 673
603 604
603 674
603 675
602 603
602 676
602 677
601 602
601 678
601 679
600 601
600 680
600 681
599 600
599 682
599 683
598 599
598 684
598 685
597 598
597 686
597 687
596 597
596 688
596 689
595 596
595 690
595 691
594 595
594 692
594 693
593 594
593 694
593 695
592 593
592 696
592 697
591 592
591 698
591 699
590 591
590 700
590 701
589 590
589 702
589 703
588 589
588 704
588 705
587 588
587 706
587 707
586 587
586 708
586 709
585 586
585 710
585 711
584 585
584 712
584 713
583 584
583 714
583 715
582 583
582 716
582 717
581 582
581 718
581 719
580 581
580 720
580 721
579 580
579 722
579 723
578 579
578 724
578 725
577 578
577 726
577 727
576 577
576 728
576 729
575 576
575 730
575 731
574 575
574 732
574 733
573 574
573 734
573 735
572 573
572 736
572 737
571 572
571 738
571 739
570 571
570 740
570 741
569 570
569 742
569 743
568 569
568 744
568 745
567 568
567 746
567 747
566 567
566 748
566 749
565 566
565 750
565 751
564 565
564 752
564 753
563 564
563 754
563 755
562 563
562 756
562 757
561 562
561 758
561 759
560 561
560 760
560 761
559 560
559 762
559 763
558 559
558 764
558 765
557 558
557 766
557 767
556 557
556 768
556 769
555 556
555 770
555 771
554 555
554 772
554 773
553 554
553 774
553 775
552 553
552 776
552 777
551 552
551 778
551 779
550 551
550 780
550 781
549 550
549 782
549 783
548 549
548 784
548 785
547 548
547 786
547 787
546 547
546 788
546 789
545 546
545 790
545 791
544 545
544 792
544 793
543 544
543 794
543 795
542 543
542 796
542 797
541 542
541 798
541 799
540 541
540 800
540 801
539 540
539 802
539 803
538 539
538 804
538 805
537 538
537 806
537 807
536 537
536 808
536 809
535 536
535 810
535 811
534 535
534 812
534 813
533 534
533 814
533 815
532 533
532 816
532 817
531 532
531 818
531 819
530 531
530 820
530 821
529 530
529 822
529 823
528 529
528 824
528 825
527 528
527 826
527 827
526 527
526 828
526 829
525 526
525 830
525 831
524 525
524 832
524 833
523 524
523 834
523 835
522 523
522 836
522 837
521 522
521 838
521 839
520 521
520 840
520 841
519 520
519 842
519 843
518 519
518 844
518 845
517 518
517 846
517 847
516 517
516 848
516 849
515 516
515 850
515 851
514 515
514 852
514 853
513 514
513 854
513 855
512 513
512 856
512 857
511 512
511 858
511 859
510 511
510 860
510 861
509 510
509 862
509 863
508 509
508 864
508 865
507 508
507 866
507 867
506 507
506 868
506 869
505 506
505 870
505 871
504 505
504 872
504 873
503 504
503 874
503 875
502 503
502 876
502 877
501 502
501 878
501 879
500 501
500 880
500 881
499 500
499 882
499 883
498 499
498 884
498 885
497 498
497 886
497 887
496 497
496 888
496 889
495 496
495 890
495 891
494 495
494 892
494 893
493 494
493 894
493 895
492 493
492 896
492 897
491 492
491 898
491 899
490 491
490 900
490 901
489 490
489 902
489 903
488 489
488 904
488 905
487 488
487 906
487 907
486 487
486 908
486 909
485 486
485 910
485 911
484 485
484 912
484 913
483 484
483 914
483 915
482 483
482 916
482 917
481 482
481 918
481 919
480 481
480 920
480 921
479 480
479 922
479 923
478 479
478 924
478 925
477 478
477 926
477 927
476 477
476 928
476 929
475 476
475 930
475 931
474 475
474 932
474 933
473 474
473 934
473 935
472 473
472 936
472 937
471 472
471 938
471 939
470 471
470 940
470 941
469 470
469 942
469 943
468 469
468 944
468 945
467 468
467 946
467 947
466 467
466 948
466 949
465 466
465 950
465 951
464 465
464 952
464 953
463 464
463 954
463 955
462 463
462 956
462 957
461 462
461 958
461 959
460 461
460 960
460 961
459 460
459 962
459 963
458 459
458 964
458 965
457 458
457 966
457 967
456 457
456 968
456 969
455 456
455 970
455 971
454 455
454 972
454 973
453 454
453 974
453 975
452 453
452 976
452 977
451 452
451 978
451 979
450 451
450 980
450 981
449 450
449 982
449 983
448 449
448 984
448 985
447 448
447 986
447 987
446 447
446 988
446 989
445 446
445 990
445 991
444 445
444 992
444 993
443 444
443 994
443 995
442 443
442 996
442 997
441 442
441 998
441 999
440 441
440 1000
440 1001
439 440
439 1002
439 1003
438 439
438 1004
438 1005
437 438
437 1006
437 1007
436 437
436 1008
436 1009
435 436
435 1010
435 1011
434 435
434 1012
434 1013
433 434
433 1014
433 1015
432 433
432 1016
432 1017
431 432
431 1018
431 1019
430 431
430 1020
430 1021
429 430
429 1022
429 1023
428 429
428 1024
428 1025
427 428
427 1026
427 1027
426 427
426 1028
426 1029
425 426
425 1030
425 1031
424 425
424 1032
424 1033
423 424
423 1034
423 1035
422 423
422 1036
422 1037
421 422
421 1038
421 1039
420 421
420 1040
420 1041
419 420
419 1042
419 1043
418 419
418 1044
418 1045
417 418
417 1046
417 1047
416 417
416 1048
416 1049
415 416
415 1050
415 1051
414 415
414 1052
414 1053
413 414
413 1054
413 1055
412 413
412 1056
412 1057
411 412
411 1058
411 1059
410 411
410 1060
410 1061
409 410
409 1062
409 1063
408 409
408 1064
408 1065
407 408
407 1066
407 1067
406 407
406 1068
406 1069
405 406
405 1070
405 1071
404 405
404 1072
404 1073
403 404
403 1074
403 1075
402 403
402 1076
402 1077
401 402
401 1078
401 1079
400 401
400 1080
400 1081
399 400
399 1082
399 1083
398 399
398 1084
398 1085
397 398
397 1086
397 1087
396 397
396 1088
396 1089
395 396
395 1090
395 1091
394 395
394 1092
394 1093
393 394
393 1094
393 1095
392 393
392 1096
392 1097
391 392
391 1098
391 1099
390 391
390 1100
390 1101
389 390
389 1102
389 1103
388 389
388 1104
388 1105
387 388
387 1106
387 1107
386 387
386 1108
386 1109
385 386
385 1110
385 1111
384 385
384 1112
384 1113
383 384
383 1114
383 1115
382 383
382 1116
382 1117
381 382
381 1118
381 1119
380 381
380 1120
380 1121
379 380
379 1122
379 1123
378 379
378 1124
378 1125
377 378
377 1126
377 1127
376 377
376 1128
376 1129
375 376
375 1130
375 1131
374 375
374 1132
374 1133
373 374
373 1134
373 1135
372 373
372 1136
372 1137
371 372
371 1138
371 1139
370 371
370 1140
370 1141
369 370
369 1142
369 1143
368 369
368 1144
368 1145
367 368
367 1146
367 1147
366 367
366 1148
366 1149
365 366
365 1150
365 1151
364 365
364 1152
364 1153
363 364
363 1154
363 1155
362 363
362 1156
362 1157
361 362
361 1158
361 1159
360 361
360 1160
360 1161
359 360
359 1162
359 1163
358 359
358 1164
358 1165
357 358
357 1166
357 1167
356 357
356 1168
356 1169
355 356
355 1170
355 1171
354 355
354 1172
354 1173
353 354
353 1174
353 1175
352 353
352 1176
352 1177
351 352
351 1178
351 1179
350 351
350 1180
350 1181
349 350
349 1182
349 1183
348 349
348 1184
348 1185
347 348
347 1186
347 1187
346 347
346 1188
346 1189
345 346
345 1190
345 1191
344 345
344 1192
344 1193
343 344
343 1194
343 1195
342 343
342 1196
342 1197
341 342
341 1198
341 1199
340 341
340 1200
340 1201
339 340
339 1202
339 1203
338 339
338 1204
338 1205
337 338
337 1206
337 1207
336 337
336 1208
336 1209
335 336
335 1210
335 1211
334 335
334 1212
334 1213
333 334
333 1214
333 1215
332 333
332 1216
332 1217
331 332
331 1218
331 1219
330 331
330 1220
330 1221
329 330
329 1222
329 1223
328 329
328 1224
328 1225
327 328
327 1226
327 1227
326 327
326 1228
326 1229
325 326
325 1230
325 1231
324 325
324 1232
324 1233
323 324
323 1234
323 1235
322 323
322 1236
322 1237
321 322
321 1238
321 1239
320 321
320 1240
320 1241
319 320
319 1242
319 1243
318 319
318 1244
318 1245
317 318
317 1246
317 1247
316 317
316 1248
316 1249
315 316
315 1250
315 1251
314 315
314 1252
314 1253
313 314
313 1254
313 1255
312 313
312 1256
312 1257
311 312
311 1258
311 1259
310 311
310 1260
310 1261
309 310
309 1262
309 1263
308 309
308 1264
308 1265
307 308
307 1266
307 1267
306 307
306 1268
306 1269
305 306
305 1270
305 1271
304 305
304 1272
304 1273
303 304
303 1274
303 1275
302 303
302 1276
302 1277
301 302
301 1278
301 1279
300 301
300 1280
300 1281
299 300
299 1282
299 1283
298 299
298 1284
298 1285
297 298
297 1286
297 1287
296 297
296 1288
296 1289
295 296
295 1290
295 1291
294 295
294 1292
294 1293
293 294
293 1294
293 1295
292 293
292 1296
292 1297
291 292
291 1298
291 1299
290 291
290 1300
290 1301
289 290
289 1302
289 1303
288 289
288 1304
288 1305
287 288
287 1306
287 1307
286 287
286 1308
286 1309
285 286
285 1310
285 1311
284 285
284 1312
284 1313
283 284
283 1314
283 1315
282 283
282 1316
282 1317
281 282
281 1318
281 1319
280 281
280 1320
280 1321
279 280
279 1322
279 1323
278 279
278 1324
278 1325
277 278
277 1326
277 1327
276 277
276 1328
276 1329
275 276
275 1330
275 1331
274 275
274 1332
274 1333
273 274
273 1334
273 1335
272 273
272 1336
272 1337
271 272
271 1338
271 1339
270 271
270 1340
270 1341
269 270
269 1342
269 1343
268 269
268 1344
268 1345
267 268
267 1346
267 1347
266 267
266 1348
266 1349
265 266
265 1350
265 1351
264 265
264 1352
264 1353
263 264
263 1354
263 1355
262 263
262 1356
262 1357
261 262
261 1358
261 1359
260 261
260 1360
260 1361
259 260
259 1362
259 1363
258 259
258 1364
258 1365
257 258
257 1366
257 1367
256 257
256 1368
256 1369
255 256
255 1370
255 1371
254 255
254 1372
254 1373
253 254
253 1374
253 1375
252 253
252 1376
252 1377
251 252
251 1378
251 1379
250 251
250 1380
250 1381
249 250
249 1382
249 1383
248 249
248 1384
248 1385
247 248
247 1386
247 1387
246 247
246 1388
246 1389
245 246
245 1390
245 1391
244 245
244 1392
244 1393
243 244
243 1394
243 1395
242 243
242 1396
242 1397
241 242
241 1398
241 1399
240 241
240 1400
240 1401
239 240
239 1402
239 1403
238 239
238 1404
238 1405
237 238
237 1406
237 1407
236 237
236 1408
236 1409
235 236
235 1410
235 1411
234 235
234 1412
234 1413
233 234
233 1414
233 1415
232 233
232 1416
232 1417
231 232
231 1418
231 1419
230 231
230 1420
230 1421
229 230
229 1422
229 1423
228 229
228 1424
228 1425
227 228
227 1426
227 1427
226 227
226 1428
226 1429
225 226
225 1430
225 1431
224 225
224 1432
224 1433
223 224
223 1434
223 1435
222 223
222 1436
222 1437
221 222
221 1438
221 1439
220 221
220 1440
220 1441
219 220
219 1442
219 1443
218 219
218 1444
218 1445
217 218
217 1446
217 1447
216 217
216 1448
216 1449
215 216
215 1450
215 1451
214 215
214 1452
214 1453
213 214
213 1454
213 1455
212 213
212 1456
212 1457
211 212
211 1458
211 1459
210 211
210 1460
210 1461
209 210
209 1462
209 1463
208 209
208 1464
208 1465
207 208
207 1466
207 1467
206 207
206 1468
206 1469
205 206
205 1470
205 1471
204 205
204 1472
204 1473
203 204
203 1474
203 1475
202 203
202 1476
202 1477
201 202
201 1478
201 1479
200 201
200 1480
200 1481
199 200
199 1482
199 1483
198 199
198 1484
198 1485
197 198
197 1486
197 1487
196 197
196 1488
196 1489
195 196
195 1490
195 1491
194 195
194 1492
194 1493
193 194
193 1494
193 1495
192 193
192 1496
192 1497
191 192
191 1498
191 1499
190 191
190 1500
190 1501
189 190
189 1502
189 1503
188 189
188 1504
188 1505
187 188
187 1506
187 1507
186 187
186 1508
186 1509
185 186
185 1510
185 1511
184 185
184 1512
184 1513
183 184
183 1514
183 1515
182 183
182 1516
182 1517
181 182
181 1518
181 1519
180 181
180 1520
180 1521
179 180
179 1522
179 1523
178 179
178 1524
178 1525
177 178
177 1526
177 1527
176 177
176 1528
176 1529
175 176
175 1530
175 1531
174 175
174 1532
174 1533
173 174
173 1534
173 1535
172 173
172 1536
172 1537
171 172
171 1538
171 1539
170 171
170 1540
170 1541
169 170
169 1542
169 1543
168 169
168 1544
168 1545
167 168
167 1546
167 1547
166 167
166 1548
166 1549
165 166
165 1550
165 1551
164 165
164 1552
164 1553
163 164
163 1554
163 1555
162 163
162 1556
162 1557
161 162
161 1558
161 1559
160 161
160 1560
160 1561
159 160
159 1562
159 1563
158 159
158 1564
158 1565
157 158
157 1566
157 1567
156 157
156 1568
156 1569
155 156
155 1570
155 1571
154 155
154 1572
154 1573
153 154
153 1574
153 1575
152 153
152 1576
152 1577
151 152
151 1578
151 1579
150 151
150 1580
150 1581
149 150
149 1582
149 1583
148 149
148 1584
148 1585
147 148
147 1586
147 1587
146 147
146 1588
146 1589
145 146
145 1590
145 1591
144 145
144 1592
144 1593
143 144
143 1594
143 1595
142 143
142 1596
142 1597
141 142
141 1598
141 1599
140 141
140 1600
140 1601
139 140
139 1602
139 1603
138 139
138 1604
138 1605
137 138
137 1606
137 1607
136 137
136 1608
136 1609
135 136
135 1610
135 1611
134 135
134 1612
134 1613
133 134
133 1614
133 1615
132 133
132 1616
132 1617
131 132
131 1618
131 1619
130 131
130 1620
130 1621
129 130
129 1622
129 1623
128 129
128 1624
128 1625
127 128
127 1626
127 1627
126 127
126 1628
126 1629
125 126
125 1630
125 1631
124 125
124 1632
124 1633
123 124
123 1634
123 1635
122 123
122 1636
122 1637
121 122
121 1638
121 1639
120 121
120 1640
120 1641
119 120
119 1642
119 1643
118 119
118 1644
118 1645
117 118
117 1646
117 1647
116 117
116 1648
116 1649
115 116
115 1650
115 1651
114 115
114 1652
114 1653
113 114
113 1654
113 1655
112 113
112 1656
112 1657
111 112
111 1658
111 1659
110 111
110 1660
110 1661
109 110
109 1662
109 1663
108 109
108 1664
108 1665
107 108
107 1666
107 1667
106 107
106 1668
106 1669
105 106
105 1670
105 1671
104 105
104 1672
104 1673
103 104
103 1674
103 1675
102 103
102 1676
102 1677
101 102
101 1678
101 1679
100 101
100 1680
100 1681
99 100
99 1682
99 1683
98 99
98 1684
98 1685
97 98
97 1686
97 1687
96 97
96 1688
96 1689
95 96
95 1690
95 1691
94 95
94 1692
94 1693
93 94
93 1694
93 1695
92 93
92 1696
92 1697
91 92
91 1698
91 1699
90 91
90 1700
90 1701
89 90
89 1702
89 1703
88 89
88 1704
88 1705
87 88
87 1706
87 1707
86 87
86 1708
86 1709
85 86
85 1710
85 1711
84 85
84 1712
84 1713
83 84
83 1714
83 1715
82 83
82 1716
82 1717
81 82
81 1718
81 1719
80 81
80 1720
80 1721
79 80
79 1722
79 1723
78 79
78 1724
78 1725
77 78
77 1726
77 1727
76 77
76 1728
76 1729
75 76
75 1730
75 1731
74 75
74 1732
74 1733
73 74
73 1734
73 1735
72 73
72 1736
72 1737
71 72
71 1738
71 1739
70 71
70 1740
70 1741
69 70
69 1742
69 1743
68 69
68 1744
68 1745
67 68
67 1746
67 1747
66 67
66 1748
66 1749
65 66
65 1750
65 1751
64 65
64 1752
64 1753
63 64
63 1754
63 1755
62 63
62 1756
62 1757
61 62
61 1758
61 1759
60 61
60 1760
60 1761
59 60
59 1762
59 1763
58 59
58 1764
58 1765
57 58
57 1766
57 1767
56 57
56 1768
56 1769
55 56
55 1770
55 1771
54 55
54 1772
54 1773
53 54
53 1774
53 1775
52 53
52 1776
52 1777
51 52
51 1778
51 1779
50 51
50 1780
50 1781
49 50
49 1782
49 1783
48 49
48 1784
48 1785
47 48
47 1786
47 1787
46 47
46 1788
46 1789
45 46
45 1790
45 1791
44 45
44 1792
44 1793
43 44
43 1794
43 1795
42 43
42 1796
42 1797
41 42
41 1798
41 1799
40 41
40 1800
40 1801
39 40
39 1802
39 1803
38 39
38 1804
38 1805
37 38
37 1806
37 1807
36 37
36 1808
36 1809
35 36
35 1810
35 1811
34 35
34 1812
34 1813
33 34
33 1814
33 1815
32 33
32 1816
32 1817
31 32
31 1818
31 1819
30 31
30 1820
30 1821
29 30
29 1822
29 1823
28 29
28 1824
28 1825
27 28
27 1826
27 1827
26 27
26 1828
26 1829
25 26
25 1830
25 1831
24 25
24 1832
24 1833
23 24
23 1834
23 1835
22 23
22 1836
22 1837
21 22
21 1838
21 1839
20 21
20 1840
20 1841
19 20
19 1842
19 1843
18 19
18 1844
18 1845
17 18
17 1846
17 1847
16 17
16 1848
16 1849
15 16
15 1850
15 1851
14 15
14 1852
14 1853
13 14
13 1854
13 1855
12 13
12 1856
12 1857
11 12
11 1858
11 1859
10 11
10 1860
10 1861
9 10
9 1862
9 1863
8 9
8 1864
8 1865
7 8
7 1866
7 1867
6 7
6 1868
6 1869
5 6
5 1870
5 1871
4 5
4 1872
4 1873
3 4
3 1874
3 1875
2 3
2 1876
1 2
1 1877
1 2013
