198 2382209
50 1
50 209
50 210
50 211
49 50
49 212
49 213
49 214
48 49
48 215
48 216
48 217
47 48
47 218
47 219
47 51
46 47
46 52
46 53
46 54
45 46
45 55
45 56
45 57
44 45
44 58
44 59
44 60
43 44
43 61
43 62
43 63
42 43
42 64
42 65
42 66
41 42
41 67
41 68
41 69
40 41
40 70
40 71
40 72
39 40
39 73
39 74
39 75
38 39
38 76
38 77
38 78
37 38
37 79
37 80
37 81
36 37
36 82
36 83
36 84
35 36
35 85
35 86
35 87
34 35
34 88
34 89
34 90
33 34
33 91
33 92
33 93
32 33
32 94
32 95
32 96
31 32
31 97
31 98
31 99
30 31
30 100
30 101
30 102
29 30
29 103
29 104
29 105
28 29
28 106
28 107
28 108
27 28
27 109
27 110
27 111
26 27
26 112
26 113
26 114
25 26
25 115
25 116
25 117
24 25
24 118
24 119
24 120
23 24
23 121
23 122
23 123
22 23
22 124
22 125
22 126
21 22
21 127
21 128
21 129
20 21
20 130
20 131
20 132
19 20
19 133
19 134
19 135
18 19
18 136
18 137
18 138
17 18
17 139
17 140
17 141
16 17
16 142
16 143
16 144
15 16
15 145
15 146
15 147
14 15
14 148
14 149
14 150
13 14
13 151
13 152
13 153
12 13
12 154
12 155
12 156
11 12
11 157
11 158
11 159
10 11
10 160
10 161
10 162
9 10
9 163
9 164
9 165
8 9
8 166
8 167
8 168
7 8
7 169
7 170
7 171
6 7
6 172
6 173
6 174
5 6
5 175
5 176
5 177
4 5
4 178
4 179
4 180
3 4
3 181
3 182
3 183
2 3
2 184
2 185
2 186
1 2
1 199
