1965 29203766
656 1
656 1878
656 1879
655 656
655 1880
655 1881
654 655
654 1882
654 1883
653 654
653 1884
653 1885
652 653
652 1886
652 1887
651 652
651 1888
651 1889
650 651
650 1890
650 1891
649 650
649 1892
649 1893
648 649
648 1894
648 1895
647 648
647 1896
647 1897
646 647
646 1898
646 1899
645 646
645 1900
645 1901
644 645
644 1902
644 1903
643 644
643 1904
643 1905
642 643
642 1906
642 1907
641 642
641 1908
641 1909
640 641
640 1910
640 1911
639 640
639 1912
639 1913
638 639
638 1914
638 1915
637 638
637 1916
637 1917
636 637
636 1918
636 1919
635 636
635 1920
635 1921
634 635
634 1922
634 1923
633 634
633 1924
633 1925
632 633
632 1926
632 1927
631 632
631 1928
631 1929
630 631
630 1930
630 1931
629 630
629 1932
629 1933
628 629
628 1934
628 1935
627 628
627 1936
627 1937
626 627
626 1938
626 1939
625 626
625 1940
625 1941
624 625
624 1942
624 1943
623 624
623 1944
623 1945
622 623
622 1946
622 1947
621 622
621 1948
621 1949
620 621
620 1950
620 1951
619 620
619 1952
619 1953
618 619
618 1954
618 1955
617 618
617 1956
617 1957
616 617
616 1958
616 1959
615 616
615 1960
615 1961
614 615
614 1962
614 1963
613 614
613 1964
613 1965
612 613
612 1966
612 1967
611 612
611 1968
611 1969
610 611
610 1970
610 1971
609 610
609 1972
609 1973
608 609
608 1974
608 1975
607 608
607 1976
607 1977
606 607
606 1978
606 1979
605 606
605 1980
605 1981
604 605
604 1982
604 1983
603 604
603 1984
603 1985
602 603
602 1986
602 1987
601 602
601 1988
601 1989
600 601
600 1990
600 1991
599 600
599 1992
599 1993
598 599
598 1994
598 1995
597 598
597 1996
597 1997
596 597
596 1998
596 1999
595 596
595 2000
595 2001
594 595
594 2002
594 2003
593 594
593 2004
593 2005
592 593
592 2006
592 2007
591 592
591 2008
591 2009
590 591
590 2010
590 2011
589 590
589 2012
589 2013
588 589
588 657
588 658
587 588
587 659
587 660
586 587
586 661
586 662
585 586
585 663
585 664
584 585
584 665
584 666
583 584
583 667
583 668
582 583
582 669
582 670
581 582
581 671
581 672
580 581
580 673
580 674
579 580
579 675
579 676
578 579
578 677
578 678
577 578
577 679
577 680
576 577
576 681
576 682
575 576
575 683
575 684
574 575
574 685
574 686
573 574
573 687
573 688
572 573
572 689
572 690
571 572
571 691
571 692
570 571
570 693
570 694
569 570
569 695
569 696
568 569
568 697
568 698
567 568
567 699
567 700
566 567
566 701
566 702
565 566
565 703
565 704
564 565
564 705
564 706
563 564
563 707
563 708
562 563
562 709
562 710
561 562
561 711
561 712
560 561
560 713
560 714
559 560
559 715
559 716
558 559
558 717
558 718
557 558
557 719
557 720
556 557
556 721
556 722
555 556
555 723
555 724
554 555
554 725
554 726
553 554
553 727
553 728
552 553
552 729
552 730
551 552
551 731
551 732
550 551
550 733
550 734
549 550
549 735
549 736
548 549
548 737
548 738
547 548
547 739
547 740
546 547
546 741
546 742
545 546
545 743
545 744
544 545
544 745
544 746
543 544
543 747
543 748
542 543
542 749
542 750
541 542
541 751
541 752
540 541
540 753
540 754
539 540
539 755
539 756
538 539
538 757
538 758
537 538
537 759
537 760
536 537
536 761
536 762
535 536
535 763
535 764
534 535
534 765
534 766
533 534
533 767
533 768
532 533
532 769
532 770
531 532
531 771
531 772
530 531
530 773
530 774
529 530
529 775
529 776
528 529
528 777
528 778
527 528
527 779
527 780
526 527
526 781
526 782
525 526
525 783
525 784
524 525
524 785
524 786
523 524
523 787
523 788
522 523
522 789
522 790
521 522
521 791
521 792
520 521
520 793
520 794
519 520
519 795
519 796
518 519
518 797
518 798
517 518
517 799
517 800
516 517
516 801
516 802
515 516
515 803
515 804
514 515
514 805
514 806
513 514
513 807
513 808
512 513
512 809
512 810
511 512
511 811
511 812
510 511
510 813
510 814
509 510
509 815
509 816
508 509
508 817
508 818
507 508
507 819
507 820
506 507
506 821
506 822
505 506
505 823
505 824
504 505
504 825
504 826
503 504
503 827
503 828
502 503
502 829
502 830
501 502
501 831
501 832
500 501
500 833
500 834
499 500
499 835
499 836
498 499
498 837
498 838
497 498
497 839
497 840
496 497
496 841
496 842
495 496
495 843
495 844
494 495
494 845
494 846
493 494
493 847
493 848
492 493
492 849
492 850
491 492
491 851
491 852
490 491
490 853
490 854
489 490
489 855
489 856
488 489
488 857
488 858
487 488
487 859
487 860
486 487
486 861
486 862
485 486
485 863
485 864
484 485
484 865
484 866
483 484
483 867
483 868
482 483
482 869
482 870
481 482
481 871
481 872
480 481
480 873
480 874
479 480
479 875
479 876
478 479
478 877
478 878
477 478
477 879
477 880
476 477
476 881
476 882
475 476
475 883
475 884
474 475
474 885
474 886
473 474
473 887
473 888
472 473
472 889
472 890
471 472
471 891
471 892
470 471
470 893
470 894
469 470
469 895
469 896
468 469
468 897
468 898
467 468
467 899
467 900
466 467
466 901
466 902
465 466
465 903
465 904
464 465
464 905
464 906
463 464
463 907
463 908
462 463
462 909
462 910
461 462
461 911
461 912
460 461
460 913
460 914
459 460
459 915
459 916
458 459
458 917
458 918
457 458
457 919
457 920
456 457
456 921
456 922
455 456
455 923
455 924
454 455
454 925
454 926
453 454
453 927
453 928
452 453
452 929
452 930
451 452
451 931
451 932
450 451
450 933
450 934
449 450
449 935
449 936
448 449
448 937
448 938
447 448
447 939
447 940
446 447
446 941
446 942
445 446
445 943
445 944
444 445
444 945
444 946
443 444
443 947
443 948
442 443
442 949
442 950
441 442
441 951
441 952
440 441
440 953
440 954
439 440
439 955
439 956
438 439
438 957
438 958
437 438
437 959
437 960
436 437
436 961
436 962
435 436
435 963
435 964
434 435
434 965
434 966
433 434
433 967
433 968
432 433
432 969
432 970
431 432
431 971
431 972
430 431
430 973
430 974
429 430
429 975
429 976
428 429
428 977
428 978
427 428
427 979
427 980
426 427
426 981
426 982
425 426
425 983
425 984
424 425
424 985
424 986
423 424
423 987
423 988
422 423
422 989
422 990
421 422
421 991
421 992
420 421
420 993
420 994
419 420
419 995
419 996
418 419
418 997
418 998
417 418
417 999
417 1000
416 417
416 1001
416 1002
415 416
415 1003
415 1004
414 415
414 1005
414 1006
413 414
413 1007
413 1008
412 413
412 1009
412 1010
411 412
411 1011
411 1012
410 411
410 1013
410 1014
409 410
409 1015
409 1016
408 409
408 1017
408 1018
407 408
407 1019
407 1020
406 407
406 1021
406 1022
405 406
405 1023
405 1024
404 405
404 1025
404 1026
403 404
403 1027
403 1028
402 403
402 1029
402 1030
401 402
401 1031
401 1032
400 401
400 1033
400 1034
399 400
399 1035
399 1036
398 399
398 1037
398 1038
397 398
397 1039
397 1040
396 397
396 1041
396 1042
395 396
395 1043
395 1044
394 395
394 1045
394 1046
393 394
393 1047
393 1048
392 393
392 1049
392 1050
391 392
391 1051
391 1052
390 391
390 1053
390 1054
389 390
389 1055
389 1056
388 389
388 1057
388 1058
387 388
387 1059
387 1060
386 387
386 1061
386 1062
385 386
385 1063
385 1064
384 385
384 1065
384 1066
383 384
383 1067
383 1068
382 383
382 1069
382 1070
381 382
381 1071
381 1072
380 381
380 1073
380 1074
379 380
379 1075
379 1076
378 379
378 1077
378 1078
377 378
377 1079
377 1080
376 377
376 1081
376 1082
375 376
375 1083
375 1084
374 375
374 1085
374 1086
373 374
373 1087
373 1088
372 373
372 1089
372 1090
371 372
371 1091
371 1092
370 371
370 1093
370 1094
369 370
369 1095
369 1096
368 369
368 1097
368 1098
367 368
367 1099
367 1100
366 367
366 1101
366 1102
365 366
365 1103
365 1104
364 365
364 1105
364 1106
363 364
363 1107
363 1108
362 363
362 1109
362 1110
361 362
361 1111
361 1112
360 361
360 1113
360 1114
359 360
359 1115
359 1116
358 359
358 1117
358 1118
357 358
357 1119
357 1120
356 357
356 1121
356 1122
355 356
355 1123
355 1124
354 355
354 1125
354 1126
353 354
353 1127
353 1128
352 353
352 1129
352 1130
351 352
351 1131
351 1132
350 351
350 1133
350 1134
349 350
349 1135
349 1136
348 349
348 1137
348 1138
347 348
347 1139
347 1140
346 347
346 1141
346 1142
345 346
345 1143
345 1144
344 345
344 1145
344 1146
343 344
343 1147
343 1148
342 343
342 1149
342 1150
341 342
341 1151
341 1152
340 341
340 1153
340 1154
339 340
339 1155
339 1156
338 339
338 1157
338 1158
337 338
337 1159
337 1160
336 337
336 1161
336 1162
335 336
335 1163
335 1164
334 335
334 1165
334 1166
333 334
333 1167
333 1168
332 333
332 1169
332 1170
331 332
331 1171
331 1172
330 331
330 1173
330 1174
329 330
329 1175
329 1176
328 329
328 1177
328 1178
327 328
327 1179
327 1180
326 327
326 1181
326 1182
325 326
325 1183
325 1184
324 325
324 1185
324 1186
323 324
323 1187
323 1188
322 323
322 1189
322 1190
321 322
321 1191
321 1192
320 321
320 1193
320 1194
319 320
319 1195
319 1196
318 319
318 1197
318 1198
317 318
317 1199
317 1200
316 317
316 1201
316 1202
315 316
315 1203
315 1204
314 315
314 1205
314 1206
313 314
313 1207
313 1208
312 313
312 1209
312 1210
311 312
311 1211
311 1212
310 311
310 1213
310 1214
309 310
309 1215
309 1216
308 309
308 1217
308 1218
307 308
307 1219
307 1220
306 307
306 1221
306 1222
305 306
305 1223
305 1224
304 305
304 1225
304 1226
303 304
303 1227
303 1228
302 303
302 1229
302 1230
301 302
301 1231
301 1232
300 301
300 1233
300 1234
299 300
299 1235
299 1236
298 299
298 1237
298 1238
297 298
297 1239
297 1240
296 297
296 1241
296 1242
295 296
295 1243
295 1244
294 295
294 1245
294 1246
293 294
293 1247
293 1248
292 293
292 1249
292 1250
291 292
291 1251
291 1252
290 291
290 1253
290 1254
289 290
289 1255
289 1256
288 289
288 1257
288 1258
287 288
287 1259
287 1260
286 287
286 1261
286 1262
285 286
285 1263
285 1264
284 285
284 1265
284 1266
283 284
283 1267
283 1268
282 283
282 1269
282 1270
281 282
281 1271
281 1272
280 281
280 1273
280 1274
279 280
279 1275
279 1276
278 279
278 1277
278 1278
277 278
277 1279
277 1280
276 277
276 1281
276 1282
275 276
275 1283
275 1284
274 275
274 1285
274 1286
273 274
273 1287
273 1288
272 273
272 1289
272 1290
271 272
271 1291
271 1292
270 271
270 1293
270 1294
269 270
269 1295
269 1296
268 269
268 1297
268 1298
267 268
267 1299
267 1300
266 267
266 1301
266 1302
265 266
265 1303
265 1304
264 265
264 1305
264 1306
263 264
263 1307
263 1308
262 263
262 1309
262 1310
261 262
261 1311
261 1312
260 261
260 1313
260 1314
259 260
259 1315
259 1316
258 259
258 1317
258 1318
257 258
257 1319
257 1320
256 257
256 1321
256 1322
255 256
255 1323
255 1324
254 255
254 1325
254 1326
253 254
253 1327
253 1328
252 253
252 1329
252 1330
251 252
251 1331
251 1332
250 251
250 1333
250 1334
249 250
249 1335
249 1336
248 249
248 1337
248 1338
247 248
247 1339
247 1340
246 247
246 1341
246 1342
245 246
245 1343
245 1344
244 245
244 1345
244 1346
243 244
243 1347
243 1348
242 243
242 1349
242 1350
241 242
241 1351
241 1352
240 241
240 1353
240 1354
239 240
239 1355
239 1356
238 239
238 1357
238 1358
237 238
237 1359
237 1360
236 237
236 1361
236 1362
235 236
235 1363
235 1364
234 235
234 1365
234 1366
233 234
233 1367
233 1368
232 233
232 1369
232 1370
231 232
231 1371
231 1372
230 231
230 1373
230 1374
229 230
229 1375
229 1376
228 229
228 1377
228 1378
227 228
227 1379
227 1380
226 227
226 1381
226 1382
225 226
225 1383
225 1384
224 225
224 1385
224 1386
223 224
223 1387
223 1388
222 223
222 1389
222 1390
221 222
221 1391
221 1392
220 221
220 1393
220 1394
219 220
219 1395
219 1396
218 219
218 1397
218 1398
217 218
217 1399
217 1400
216 217
216 1401
216 1402
215 216
215 1403
215 1404
214 215
214 1405
214 1406
213 214
213 1407
213 1408
212 213
212 1409
212 1410
211 212
211 1411
211 1412
210 211
210 1413
210 1414
209 210
209 1415
209 1416
208 209
208 1417
208 1418
207 208
207 1419
207 1420
206 207
206 1421
206 1422
205 206
205 1423
205 1424
204 205
204 1425
204 1426
203 204
203 1427
203 1428
202 203
202 1429
202 1430
201 202
201 1431
201 1432
200 201
200 1433
200 1434
199 200
199 1435
199 1436
198 199
198 1437
198 1438
197 198
197 1439
197 1440
196 197
196 1441
196 1442
195 196
195 1443
195 1444
194 195
194 1445
194 1446
193 194
193 1447
193 1448
192 193
192 1449
192 1450
191 192
191 1451
191 1452
190 191
190 1453
190 1454
189 190
189 1455
189 1456
188 189
188 1457
188 1458
187 188
187 1459
187 1460
186 187
186 1461
186 1462
185 186
185 1463
185 1464
184 185
184 1465
184 1466
183 184
183 1467
183 1468
182 183
182 1469
182 1470
181 182
181 1471
181 1472
180 181
180 1473
180 1474
179 180
179 1475
179 1476
178 179
178 1477
178 1478
177 178
177 1479
177 1480
176 177
176 1481
176 1482
175 176
175 1483
175 1484
174 175
174 1485
174 1486
173 174
173 1487
173 1488
172 173
172 1489
172 1490
171 172
171 1491
171 1492
170 171
170 1493
170 1494
169 170
169 1495
169 1496
168 169
168 1497
168 1498
167 168
167 1499
167 1500
166 167
166 1501
166 1502
165 166
165 1503
165 1504
164 165
164 1505
164 1506
163 164
163 1507
163 1508
162 163
162 1509
162 1510
161 162
161 1511
161 1512
160 161
160 1513
160 1514
159 160
159 1515
159 1516
158 159
158 1517
158 1518
157 158
157 1519
157 1520
156 157
156 1521
156 1522
155 156
155 1523
155 1524
154 155
154 1525
154 1526
153 154
153 1527
153 1528
152 153
152 1529
152 1530
151 152
151 1531
151 1532
150 151
150 1533
150 1534
149 150
149 1535
149 1536
148 149
148 1537
148 1538
147 148
147 1539
147 1540
146 147
146 1541
146 1542
145 146
145 1543
145 1544
144 145
144 1545
144 1546
143 144
143 1547
143 1548
142 143
142 1549
142 1550
141 142
141 1551
141 1552
140 141
140 1553
140 1554
139 140
139 1555
139 1556
138 139
138 1557
138 1558
137 138
137 1559
137 1560
136 137
136 1561
136 1562
135 136
135 1563
135 1564
134 135
134 1565
134 1566
133 134
133 1567
133 1568
132 133
132 1569
132 1570
131 132
131 1571
131 1572
130 131
130 1573
130 1574
129 130
129 1575
129 1576
128 129
128 1577
128 1578
127 128
127 1579
127 1580
126 127
126 1581
126 1582
125 126
125 1583
125 1584
124 125
124 1585
124 1586
123 124
123 1587
123 1588
122 123
122 1589
122 1590
121 122
121 1591
121 1592
120 121
120 1593
120 1594
119 120
119 1595
119 1596
118 119
118 1597
118 1598
117 118
117 1599
117 1600
116 117
116 1601
116 1602
115 116
115 1603
115 1604
114 115
114 1605
114 1606
113 114
113 1607
113 1608
112 113
112 1609
112 1610
111 112
111 1611
111 1612
110 111
110 1613
110 1614
109 110
109 1615
109 1616
108 109
108 1617
108 1618
107 108
107 1619
107 1620
106 107
106 1621
106 1622
105 106
105 1623
105 1624
104 105
104 1625
104 1626
103 104
103 1627
103 1628
102 103
102 1629
102 1630
101 102
101 1631
101 1632
100 101
100 1633
100 1634
99 100
99 1635
99 1636
98 99
98 1637
98 1638
97 98
97 1639
97 1640
96 97
96 1641
96 1642
95 96
95 1643
95 1644
94 95
94 1645
94 1646
93 94
93 1647
93 1648
92 93
92 1649
92 1650
91 92
91 1651
91 1652
90 91
90 1653
90 1654
89 90
89 1655
89 1656
88 89
88 1657
88 1658
87 88
87 1659
87 1660
86 87
86 1661
86 1662
85 86
85 1663
85 1664
84 85
84 1665
84 1666
83 84
83 1667
83 1668
82 83
82 1669
82 1670
81 82
81 1671
81 1672
80 81
80 1673
80 1674
79 80
79 1675
79 1676
78 79
78 1677
78 1678
77 78
77 1679
77 1680
76 77
76 1681
76 1682
75 76
75 1683
75 1684
74 75
74 1685
74 1686
73 74
73 1687
73 1688
72 73
72 1689
72 1690
71 72
71 1691
71 1692
70 71
70 1693
70 1694
69 70
69 1695
69 1696
68 69
68 1697
68 1698
67 68
67 1699
67 1700
66 67
66 1701
66 1702
65 66
65 1703
65 1704
64 65
64 1705
64 1706
63 64
63 1707
63 1708
62 63
62 1709
62 1710
61 62
61 1711
61 1712
60 61
60 1713
60 1714
59 60
59 1715
59 1716
58 59
58 1717
58 1718
57 58
57 1719
57 1720
56 57
56 1721
56 1722
55 56
55 1723
55 1724
54 55
54 1725
54 1726
53 54
53 1727
53 1728
52 53
52 1729
52 1730
51 52
51 1731
51 1732
50 51
50 1733
50 1734
49 50
49 1735
49 1736
48 49
48 1737
48 1738
47 48
47 1739
47 1740
46 47
46 1741
46 1742
45 46
45 1743
45 1744
44 45
44 1745
44 1746
43 44
43 1747
43 1748
42 43
42 1749
42 1750
41 42
41 1751
41 1752
40 41
40 1753
40 1754
39 40
39 1755
39 1756
38 39
38 1757
38 1758
37 38
37 1759
37 1760
36 37
36 1761
36 1762
35 36
35 1763
35 1764
34 35
34 1765
34 1766
33 34
33 1767
33 1768
32 33
32 1769
32 1770
31 32
31 1771
31 1772
30 31
30 1773
30 1774
29 30
29 1775
29 1776
28 29
28 1777
28 1778
27 28
27 1779
27 1780
26 27
26 1781
26 1782
25 26
25 1783
25 1784
24 25
24 1785
24 1786
23 24
23 1787
23 1788
22 23
22 1789
22 1790
21 22
21 1791
21 1792
20 21
20 1793
20 1794
19 20
19 1795
19 1796
18 19
18 1797
18 1798
17 18
17 1799
17 1800
16 17
16 1801
16 1802
15 16
15 1803
15 1804
14 15
14 1805
14 1806
13 14
13 1807
13 1808
12 13
12 1809
12 1810
11 12
11 1811
11 1812
10 11
10 1813
10 1814
9 10
9 1815
9 1816
8 9
8 1817
8 1818
7 8
7 1819
7 1820
6 7
6 1821
6 1822
5 6
5 1823
5 1824
4 5
4 1825
4 1826
3 4
3 1827
3 1828
2 3
1 2
1 1966
