2210 15935989
553 1
553 1829
553 1830
553 1831
552 553
552 1832
552 1833
552 1834
551 552
551 1835
551 1836
551 1837
550 551
550 1838
550 1839
550 1840
549 550
549 1841
549 1842
549 1843
548 549
548 1844
548 1845
548 1846
547 548
547 1847
547 1848
547 1849
546 547
546 1850
546 1851
546 1852
545 546
545 1853
545 1854
545 1855
544 545
544 1856
544 1857
544 1858
543 544
543 1859
543 1860
543 1861
542 543
542 1862
542 1863
542 1864
541 542
541 1865
541 1866
541 1867
540 541
540 1868
540 1869
540 1870
539 540
539 1871
539 1872
539 1873
538 539
538 1874
538 1875
538 1876
537 538
537 1877
537 1878
537 1879
536 537
536 1880
536 1881
536 1882
535 536
535 1883
535 1884
535 1885
534 535
534 1886
534 1887
534 1888
533 534
533 1889
533 1890
533 1891
532 533
532 1892
532 1893
532 1894
531 532
531 1895
531 1896
531 1897
530 531
530 1898
530 1899
530 1900
529 530
529 1901
529 1902
529 1903
528 529
528 1904
528 1905
528 1906
527 528
527 1907
527 1908
527 1909
526 527
526 1910
526 1911
526 1912
525 526
525 1913
525 1914
525 1915
524 525
524 1916
524 1917
524 1918
523 524
523 1919
523 1920
523 1921
522 523
522 1922
522 1923
522 1924
521 522
521 1925
521 1926
521 1927
520 521
520 1928
520 1929
520 1930
519 520
519 1931
519 1932
519 1933
518 519
518 1934
518 1935
518 1936
517 518
517 1937
517 1938
517 1939
516 517
516 1940
516 1941
516 1942
515 516
515 1943
515 1944
515 1945
514 515
514 1946
514 1947
514 1948
513 514
513 1949
513 1950
513 1951
512 513
512 1952
512 1953
512 1954
511 512
511 1955
511 1956
511 1957
510 511
510 1958
510 1959
510 1960
509 510
509 1961
509 1962
509 1963
508 509
508 1964
508 1965
508 1966
507 508
507 554
507 555
507 556
506 507
506 557
506 558
506 559
505 506
505 560
505 561
505 562
504 505
504 563
504 564
504 565
503 504
503 566
503 567
503 568
502 503
502 569
502 570
502 571
501 502
501 572
501 573
501 574
500 501
500 575
500 576
500 577
499 500
499 578
499 579
499 580
498 499
498 581
498 582
498 583
497 498
497 584
497 585
497 586
496 497
496 587
496 588
496 589
495 496
495 590
495 591
495 592
494 495
494 593
494 594
494 595
493 494
493 596
493 597
493 598
492 493
492 599
492 600
492 601
491 492
491 602
491 603
491 604
490 491
490 605
490 606
490 607
489 490
489 608
489 609
489 610
488 489
488 611
488 612
488 613
487 488
487 614
487 615
487 616
486 487
486 617
486 618
486 619
485 486
485 620
485 621
485 622
484 485
484 623
484 624
484 625
483 484
483 626
483 627
483 628
482 483
482 629
482 630
482 631
481 482
481 632
481 633
481 634
480 481
480 635
480 636
480 637
479 480
479 638
479 639
479 640
478 479
478 641
478 642
478 643
477 478
477 644
477 645
477 646
476 477
476 647
476 648
476 649
475 476
475 650
475 651
475 652
474 475
474 653
474 654
474 655
473 474
473 656
473 657
473 658
472 473
472 659
472 660
472 661
471 472
471 662
471 663
471 664
470 471
470 665
470 666
470 667
469 470
469 668
469 669
469 670
468 469
468 671
468 672
468 673
467 468
467 674
467 675
467 676
466 467
466 677
466 678
466 679
465 466
465 680
465 681
465 682
464 465
464 683
464 684
464 685
463 464
463 686
463 687
463 688
462 463
462 689
462 690
462 691
461 462
461 692
461 693
461 694
460 461
460 695
460 696
460 697
459 460
459 698
459 699
459 700
458 459
458 701
458 702
458 703
457 458
457 704
457 705
457 706
456 457
456 707
456 708
456 709
455 456
455 710
455 711
455 712
454 455
454 713
454 714
454 715
453 454
453 716
453 717
453 718
452 453
452 719
452 720
452 721
451 452
451 722
451 723
451 724
450 451
450 725
450 726
450 727
449 450
449 728
449 729
449 730
448 449
448 731
448 732
448 733
447 448
447 734
447 735
447 736
446 447
446 737
446 738
446 739
445 446
445 740
445 741
445 742
444 445
444 743
444 744
444 745
443 444
443 746
443 747
443 748
442 443
442 749
442 750
442 751
441 442
441 752
441 753
441 754
440 441
440 755
440 756
440 757
439 440
439 758
439 759
439 760
438 439
438 761
438 762
438 763
437 438
437 764
437 765
437 766
436 437
436 767
436 768
436 769
435 436
435 770
435 771
435 772
434 435
434 773
434 774
434 775
433 434
433 776
433 777
433 778
432 433
432 779
432 780
432 781
431 432
431 782
431 783
431 784
430 431
430 785
430 786
430 787
429 430
429 788
429 789
429 790
428 429
428 791
428 792
428 793
427 428
427 794
427 795
427 796
426 427
426 797
426 798
426 799
425 426
425 800
425 801
425 802
424 425
424 803
424 804
424 805
423 424
423 806
423 807
423 808
422 423
422 809
422 810
422 811
421 422
421 812
421 813
421 814
420 421
420 815
420 816
420 817
419 420
419 818
419 819
419 820
418 419
418 821
418 822
418 823
417 418
417 824
417 825
417 826
416 417
416 827
416 828
416 829
415 416
415 830
415 831
415 832
414 415
414 833
414 834
414 835
413 414
413 836
413 837
413 838
412 413
412 839
412 840
412 841
411 412
411 842
411 843
411 844
410 411
410 845
410 846
410 847
409 410
409 848
409 849
409 850
408 409
408 851
408 852
408 853
407 408
407 854
407 855
407 856
406 407
406 857
406 858
406 859
405 406
405 860
405 861
405 862
404 405
404 863
404 864
404 865
403 404
403 866
403 867
403 868
402 403
402 869
402 870
402 871
401 402
401 872
401 873
401 874
400 401
400 875
400 876
400 877
399 400
399 878
399 879
399 880
398 399
398 881
398 882
398 883
397 398
397 884
397 885
397 886
396 397
396 887
396 888
396 889
395 396
395 890
395 891
395 892
394 395
394 893
394 894
394 895
393 394
393 896
393 897
393 898
392 393
392 899
392 900
392 901
391 392
391 902
391 903
391 904
390 391
390 905
390 906
390 907
389 390
389 908
389 909
389 910
388 389
388 911
388 912
388 913
387 388
387 914
387 915
387 916
386 387
386 917
386 918
386 919
385 386
385 920
385 921
385 922
384 385
384 923
384 924
384 925
383 384
383 926
383 927
383 928
382 383
382 929
382 930
382 931
381 382
381 932
381 933
381 934
380 381
380 935
380 936
380 937
379 380
379 938
379 939
379 940
378 379
378 941
378 942
378 943
377 378
377 944
377 945
377 946
376 377
376 947
376 948
376 949
375 376
375 950
375 951
375 952
374 375
374 953
374 954
374 955
373 374
373 956
373 957
373 958
372 373
372 959
372 960
372 961
371 372
371 962
371 963
371 964
370 371
370 965
370 966
370 967
369 370
369 968
369 969
369 970
368 369
368 971
368 972
368 973
367 368
367 974
367 975
367 976
366 367
366 977
366 978
366 979
365 366
365 980
365 981
365 982
364 365
364 983
364 984
364 985
363 364
363 986
363 987
363 988
362 363
362 989
362 990
362 991
361 362
361 992
361 993
361 994
360 361
360 995
360 996
360 997
359 360
359 998
359 999
359 1000
358 359
358 1001
358 1002
358 1003
357 358
357 1004
357 1005
357 1006
356 357
356 1007
356 1008
356 1009
355 356
355 1010
355 1011
355 1012
354 355
354 1013
354 1014
354 1015
353 354
353 1016
353 1017
353 1018
352 353
352 1019
352 1020
352 1021
351 352
351 1022
351 1023
351 1024
350 351
350 1025
350 1026
350 1027
349 350
349 1028
349 1029
349 1030
348 349
348 1031
348 1032
348 1033
347 348
347 1034
347 1035
347 1036
346 347
346 1037
346 1038
346 1039
345 346
345 1040
345 1041
345 1042
344 345
344 1043
344 1044
344 1045
343 344
343 1046
343 1047
343 1048
342 343
342 1049
342 1050
342 1051
341 342
341 1052
341 1053
341 1054
340 341
340 1055
340 1056
340 1057
339 340
339 1058
339 1059
339 1060
338 339
338 1061
338 1062
338 1063
337 338
337 1064
337 1065
337 1066
336 337
336 1067
336 1068
336 1069
335 336
335 1070
335 1071
335 1072
334 335
334 1073
334 1074
334 1075
333 334
333 1076
333 1077
333 1078
332 333
332 1079
332 1080
332 1081
331 332
331 1082
331 1083
331 1084
330 331
330 1085
330 1086
330 1087
329 330
329 1088
329 1089
329 1090
328 329
328 1091
328 1092
328 1093
327 328
327 1094
327 1095
327 1096
326 327
326 1097
326 1098
326 1099
325 326
325 1100
325 1101
325 1102
324 325
324 1103
324 1104
324 1105
323 324
323 1106
323 1107
323 1108
322 323
322 1109
322 1110
322 1111
321 322
321 1112
321 1113
321 1114
320 321
320 1115
320 1116
320 1117
319 320
319 1118
319 1119
319 1120
318 319
318 1121
318 1122
318 1123
317 318
317 1124
317 1125
317 1126
316 317
316 1127
316 1128
316 1129
315 316
315 1130
315 1131
315 1132
314 315
314 1133
314 1134
314 1135
313 314
313 1136
313 1137
313 1138
312 313
312 1139
312 1140
312 1141
311 312
311 1142
311 1143
311 1144
310 311
310 1145
310 1146
310 1147
309 310
309 1148
309 1149
309 1150
308 309
308 1151
308 1152
308 1153
307 308
307 1154
307 1155
307 1156
306 307
306 1157
306 1158
306 1159
305 306
305 1160
305 1161
305 1162
304 305
304 1163
304 1164
304 1165
303 304
303 1166
303 1167
303 1168
302 303
302 1169
302 1170
302 1171
301 302
301 1172
301 1173
301 1174
300 301
300 1175
300 1176
300 1177
299 300
299 1178
299 1179
299 1180
298 299
298 1181
298 1182
298 1183
297 298
297 1184
297 1185
297 1186
296 297
296 1187
296 1188
296 1189
295 296
295 1190
295 1191
295 1192
294 295
294 1193
294 1194
294 1195
293 294
293 1196
293 1197
293 1198
292 293
292 1199
292 1200
292 1201
291 292
291 1202
291 1203
291 1204
290 291
290 1205
290 1206
290 1207
289 290
289 1208
289 1209
289 1210
288 289
288 1211
288 1212
288 1213
287 288
287 1214
287 1215
287 1216
286 287
286 1217
286 1218
286 1219
285 286
285 1220
285 1221
285 1222
284 285
284 1223
284 1224
284 1225
283 284
283 1226
283 1227
283 1228
282 283
282 1229
282 1230
282 1231
281 282
281 1232
281 1233
281 1234
280 281
280 1235
280 1236
280 1237
279 280
279 1238
279 1239
279 1240
278 279
278 1241
278 1242
278 1243
277 278
277 1244
277 1245
277 1246
276 277
276 1247
276 1248
276 1249
275 276
275 1250
275 1251
275 1252
274 275
274 1253
274 1254
274 1255
273 274
273 1256
273 1257
273 1258
272 273
272 1259
272 1260
272 1261
271 272
271 1262
271 1263
271 1264
270 271
270 1265
270 1266
270 1267
269 270
269 1268
269 1269
269 1270
268 269
268 1271
268 1272
268 1273
267 268
267 1274
267 1275
267 1276
266 267
266 1277
266 1278
266 1279
265 266
265 1280
265 1281
265 1282
264 265
264 1283
264 1284
264 1285
263 264
263 1286
263 1287
263 1288
262 263
262 1289
262 1290
262 1291
261 262
261 1292
261 1293
261 1294
260 261
260 1295
260 1296
260 1297
259 260
259 1298
259 1299
259 1300
258 259
258 1301
258 1302
258 1303
257 258
257 1304
257 1305
257 1306
256 257
256 1307
256 1308
256 1309
255 256
255 1310
255 1311
255 1312
254 255
254 1313
254 1314
254 1315
253 254
253 1316
253 1317
253 1318
252 253
252 1319
252 1320
252 1321
251 252
251 1322
251 1323
251 1324
250 251
250 1325
250 1326
250 1327
249 250
249 1328
249 1329
249 1330
248 249
248 1331
248 1332
248 1333
247 248
247 1334
247 1335
247 1336
246 247
246 1337
246 1338
246 1339
245 246
245 1340
245 1341
245 1342
244 245
244 1343
244 1344
244 1345
243 244
243 1346
243 1347
243 1348
242 243
242 1349
242 1350
242 1351
241 242
241 1352
241 1353
241 1354
240 241
240 1355
240 1356
240 1357
239 240
239 1358
239 1359
239 1360
238 239
238 1361
238 1362
238 1363
237 238
237 1364
237 1365
237 1366
236 237
236 1367
236 1368
236 1369
235 236
235 1370
235 1371
235 1372
234 235
234 1373
234 1374
234 1375
233 234
233 1376
233 1377
233 1378
232 233
232 1379
232 1380
232 1381
231 232
231 1382
231 1383
231 1384
230 231
230 1385
230 1386
230 1387
229 230
229 1388
229 1389
229 1390
228 229
228 1391
228 1392
228 1393
227 228
227 1394
227 1395
227 1396
226 227
226 1397
226 1398
226 1399
225 226
225 1400
225 1401
225 1402
224 225
224 1403
224 1404
224 1405
223 224
223 1406
223 1407
223 1408
222 223
222 1409
222 1410
222 1411
221 222
221 1412
221 1413
221 1414
220 221
220 1415
220 1416
220 1417
219 220
219 1418
219 1419
219 1420
218 219
218 1421
218 1422
218 1423
217 218
217 1424
217 1425
217 1426
216 217
216 1427
216 1428
216 1429
215 216
215 1430
215 1431
215 1432
214 215
214 1433
214 1434
214 1435
213 214
213 1436
213 1437
213 1438
212 213
212 1439
212 1440
212 1441
211 212
211 1442
211 1443
211 1444
210 211
210 1445
210 1446
210 1447
209 210
209 1448
209 1449
209 1450
208 209
208 1451
208 1452
208 1453
207 208
207 1454
207 1455
207 1456
206 207
206 1457
206 1458
206 1459
205 206
205 1460
205 1461
205 1462
204 205
204 1463
204 1464
204 1465
203 204
203 1466
203 1467
203 1468
202 203
202 1469
202 1470
202 1471
201 202
201 1472
201 1473
201 1474
200 201
200 1475
200 1476
200 1477
199 200
199 1478
199 1479
199 1480
198 199
198 1481
198 1482
198 1483
197 198
197 1484
197 1485
197 1486
196 197
196 1487
196 1488
196 1489
195 196
195 1490
195 1491
195 1492
194 195
194 1493
194 1494
194 1495
193 194
193 1496
193 1497
193 1498
192 193
192 1499
192 1500
192 1501
191 192
191 1502
191 1503
191 1504
190 191
190 1505
190 1506
190 1507
189 190
189 1508
189 1509
189 1510
188 189
188 1511
188 1512
188 1513
187 188
187 1514
187 1515
187 1516
186 187
186 1517
186 1518
186 1519
185 186
185 1520
185 1521
185 1522
184 185
184 1523
184 1524
184 1525
183 184
183 1526
183 1527
183 1528
182 183
182 1529
182 1530
182 1531
181 182
181 1532
181 1533
181 1534
180 181
180 1535
180 1536
180 1537
179 180
179 1538
179 1539
179 1540
178 179
178 1541
178 1542
178 1543
177 178
177 1544
177 1545
177 1546
176 177
176 1547
176 1548
176 1549
175 176
175 1550
175 1551
175 1552
174 175
174 1553
174 1554
174 1555
173 174
173 1556
173 1557
173 1558
172 173
172 1559
172 1560
172 1561
171 172
171 1562
171 1563
171 1564
170 171
170 1565
170 1566
170 1567
169 170
169 1568
169 1569
169 1570
168 169
168 1571
168 1572
168 1573
167 168
167 1574
167 1575
167 1576
166 167
166 1577
166 1578
166 1579
165 166
165 1580
165 1581
165 1582
164 165
164 1583
164 1584
164 1585
163 164
163 1586
163 1587
163 1588
162 163
162 1589
162 1590
162 1591
161 162
161 1592
161 1593
161 1594
160 161
160 1595
160 1596
160 1597
159 160
159 1598
159 1599
159 1600
158 159
158 1601
158 1602
158 1603
157 158
157 1604
157 1605
157 1606
156 157
156 1607
156 1608
156 1609
155 156
155 1610
155 1611
155 1612
154 155
154 1613
154 1614
154 1615
153 154
153 1616
153 1617
153 1618
152 153
152 1619
152 1620
152 1621
151 152
151 1622
151 1623
151 1624
150 151
150 1625
150 1626
150 1627
149 150
149 1628
149 1629
149 1630
148 149
148 1631
148 1632
148 1633
147 148
147 1634
147 1635
147 1636
146 147
146 1637
146 1638
146 1639
145 146
145 1640
145 1641
145 1642
144 145
144 1643
144 1644
144 1645
143 144
143 1646
143 1647
143 1648
142 143
142 1649
142 1650
142 1651
141 142
141 1652
141 1653
141 1654
140 141
140 1655
140 1656
140 1657
139 140
139 1658
139 1659
139 1660
138 139
138 1661
138 1662
138 1663
137 138
137 1664
137 1665
137 1666
136 137
136 1667
136 1668
136 1669
135 136
135 1670
135 1671
135 1672
134 135
134 1673
134 1674
134 1675
133 134
133 1676
133 1677
133 1678
132 133
132 1679
132 1680
132 1681
131 132
131 1682
131 1683
131 1684
130 131
130 1685
130 1686
130 1687
129 130
129 1688
129 1689
129 1690
128 129
128 1691
128 1692
128 1693
127 128
127 1694
127 1695
127 1696
126 127
126 1697
126 1698
126 1699
125 126
125 1700
125 1701
125 1702
124 125
124 1703
124 1704
124 1705
123 124
123 1706
123 1707
123 1708
122 123
122 1709
122 1710
122 1711
121 122
121 1712
121 1713
121 1714
120 121
120 1715
120 1716
120 1717
119 120
119 1718
119 1719
119 1720
118 119
118 1721
118 1722
118 1723
117 118
117 1724
117 1725
117 1726
116 117
116 1727
116 1728
116 1729
115 116
115 1730
115 1731
115 1732
114 115
114 1733
114 1734
114 1735
113 114
113 1736
113 1737
113 1738
112 113
112 1739
112 1740
112 1741
111 112
111 1742
111 1743
111 1744
110 111
110 1745
110 1746
110 1747
109 110
109 1748
109 1749
109 1750
108 109
108 1751
108 1752
108 1753
107 108
107 1754
107 1755
107 1756
106 107
106 1757
106 1758
106 1759
105 106
105 1760
105 1761
105 1762
104 105
104 1763
104 1764
104 1765
103 104
103 1766
103 1767
103 1768
102 103
102 1769
102 1770
102 1771
101 102
101 1772
101 1773
101 1774
100 101
100 1775
100 1776
100 1777
99 100
99 1778
99 1779
99 1780
98 99
98 1781
98 1782
98 1783
97 98
97 1784
97 1785
97 1786
96 97
96 1787
96 1788
96 1789
95 96
95 1790
95 1791
95 1792
94 95
94 1793
94 1794
94 1795
93 94
93 1796
93 1797
93 1798
92 93
92 1799
92 1800
92 1801
91 92
91 1802
91 1803
91 1804
90 91
90 1805
90 1806
90 1807
89 90
89 1808
89 1809
89 1810
88 89
88 1811
88 1812
88 1813
87 88
87 1814
87 1815
87 1816
86 87
86 1817
86 1818
86 1819
85 86
85 1820
85 1821
85 1822
84 85
84 1823
84 1824
84 1825
83 84
83 1826
83 1827
83 1828
82 83
82 1829
82 1830
82 1831
81 82
81 1832
81 1833
81 1834
80 81
80 1835
80 1836
80 1837
79 80
79 1838
79 1839
79 1840
78 79
78 1841
78 1842
78 1843
77 78
77 1844
77 1845
77 1846
76 77
76 1847
76 1848
76 1849
75 76
75 1850
75 1851
75 1852
74 75
74 1853
74 1854
74 1855
73 74
73 1856
73 1857
73 1858
72 73
72 1859
72 1860
72 1861
71 72
71 1862
71 1863
71 1864
70 71
70 1865
70 1866
70 1867
69 70
69 1868
69 1869
69 1870
68 69
68 1871
68 1872
68 1873
67 68
67 1874
67 1875
67 1876
66 67
66 1877
66 1878
66 1879
65 66
65 1880
65 1881
65 1882
64 65
64 1883
64 1884
64 1885
63 64
63 1886
63 1887
63 1888
62 63
62 1889
62 1890
62 1891
61 62
61 1892
61 1893
61 1894
60 61
60 1895
60 1896
60 1897
59 60
59 1898
59 1899
59 1900
58 59
58 1901
58 1902
58 1903
57 58
57 1904
57 1905
57 1906
56 57
56 1907
56 1908
56 1909
55 56
55 1910
55 1911
55 1912
54 55
54 1913
54 1914
54 1915
53 54
53 1916
53 1917
53 1918
52 53
52 1919
52 1920
52 1921
51 52
51 1922
51 1923
51 1924
50 51
50 1925
50 1926
50 1927
49 50
49 1928
49 1929
49 1930
48 49
48 1931
48 1932
48 1933
47 48
47 1934
47 1935
47 1936
46 47
46 1937
46 1938
46 1939
45 46
45 1940
45 1941
45 1942
44 45
44 1943
44 1944
44 1945
43 44
43 1946
43 1947
43 1948
42 43
42 1949
42 1950
42 1951
41 42
41 1952
41 1953
41 1954
40 41
40 1955
40 1956
40 1957
39 40
39 1958
39 1959
39 1960
38 39
38 1961
38 1962
38 1963
37 38
37 1964
37 1965
37 1966
36 37
36 1967
36 1968
36 1969
35 36
35 1970
35 1971
35 1972
34 35
34 1973
34 1974
34 1975
33 34
33 1976
33 1977
33 1978
32 33
32 1979
32 1980
32 1981
31 32
31 1982
31 1983
31 1984
30 31
30 1985
30 1986
30 1987
29 30
29 1988
29 1989
29 1990
28 29
28 1991
28 1992
28 1993
27 28
27 1994
27 1995
27 1996
26 27
26 1997
26 1998
26 1999
25 26
25 2000
25 2001
25 2002
24 25
24 2003
24 2004
24 2005
23 24
23 2006
23 2007
23 2008
22 23
22 2009
22 2010
22 2011
21 22
21 2012
21 2013
21 2014
20 21
20 2015
20 2016
20 2017
19 20
19 2018
19 2019
19 2020
18 19
18 2021
18 2022
18 2023
17 18
17 2024
17 2025
17 2026
16 17
16 2027
16 2028
16 2029
15 16
15 2030
15 2031
15 2032
14 15
14 2033
14 2034
14 2035
13 14
13 2036
13 2037
13 2038
12 13
12 2039
12 2040
12 2041
11 12
11 2042
11 2043
11 2044
10 11
10 2045
10 2046
10 2047
9 10
9 2048
9 2049
9 2050
8 9
8 2051
8 2052
8 2053
7 8
7 2054
7 2055
7 2056
6 7
6 2057
6 2058
6 2059
5 6
5 2060
5 2061
5 2062
4 5
4 2063
4 2064
4 2065
3 4
3 2066
3 2067
3 2068
2 3
2 2069
2 2070
2 2071
1 2
1 2211
