2186 21094741
1093 1
1093 2072
1092 1093
1092 2073
1091 1092
1091 2074
1090 1091
1090 2075
1089 1090
1089 2076
1088 1089
1088 2077
1087 1088
1087 2078
1086 1087
1086 2079
1085 1086
1085 2080
1084 1085
1084 2081
1083 1084
1083 2082
1082 1083
1082 2083
1081 1082
1081 2084
1080 1081
1080 2085
1079 1080
1079 2086
1078 1079
1078 2087
1077 1078
1077 2088
1076 1077
1076 2089
1075 1076
1075 2090
1074 1075
1074 2091
1073 1074
1073 2092
1072 1073
1072 2093
1071 1072
1071 2094
1070 1071
1070 2095
1069 1070
1069 2096
1068 1069
1068 2097
1067 1068
1067 2098
1066 1067
1066 2099
1065 1066
1065 2100
1064 1065
1064 2101
1063 1064
1063 2102
1062 1063
1062 2103
1061 1062
1061 2104
1060 1061
1060 2105
1059 1060
1059 2106
1058 1059
1058 2107
1057 1058
1057 2108
1056 1057
1056 2109
1055 1056
1055 2110
1054 1055
1054 2111
1053 1054
1053 2112
1052 1053
1052 2113
1051 1052
1051 2114
1050 1051
1050 2115
1049 1050
1049 2116
1048 1049
1048 2117
1047 1048
1047 2118
1046 1047
1046 2119
1045 1046
1045 2120
1044 1045
1044 2121
1043 1044
1043 2122
1042 1043
1042 2123
1041 1042
1041 2124
1040 1041
1040 2125
1039 1040
1039 2126
1038 1039
1038 2127
1037 1038
1037 2128
1036 1037
1036 2129
1035 1036
1035 2130
1034 1035
1034 2131
1033 1034
1033 2132
1032 1033
1032 2133
1031 1032
1031 2134
1030 1031
1030 2135
1029 1030
1029 2136
1028 1029
1028 2137
1027 1028
1027 2138
1026 1027
1026 2139
1025 1026
1025 2140
1024 1025
1024 2141
1023 1024
1023 2142
1022 1023
1022 2143
1021 1022
1021 2144
1020 1021
1020 2145
1019 1020
1019 2146
1018 1019
1018 2147
1017 1018
1017 2148
1016 1017
1016 2149
1015 1016
1015 2150
1014 1015
1014 2151
1013 1014
1013 2152
1012 1013
1012 2153
1011 1012
1011 2154
1010 1011
1010 2155
1009 1010
1009 2156
1008 1009
1008 2157
1007 1008
1007 2158
1006 1007
1006 2159
1005 1006
1005 2160
1004 1005
1004 2161
1003 1004
1003 2162
1002 1003
1002 2163
1001 1002
1001 2164
1000 1001
1000 2165
999 1000
999 2166
998 999
998 2167
997 998
997 2168
996 997
996 2169
995 996
995 2170
994 995
994 2171
993 994
993 2172
992 993
992 2173
991 992
991 2174
990 991
990 2175
989 990
989 2176
988 989
988 2177
987 988
987 2178
986 987
986 2179
985 986
985 2180
984 985
984 2181
983 984
983 2182
982 983
982 2183
981 982
981 2184
980 981
980 2185
979 980
979 2186
978 979
978 2187
977 978
977 2188
976 977
976 2189
975 976
975 2190
974 975
974 2191
973 974
973 2192
972 973
972 2193
971 972
971 2194
970 971
970 2195
969 970
969 2196
968 969
968 2197
967 968
967 2198
966 967
966 2199
965 966
965 2200
964 965
964 2201
963 964
963 2202
962 963
962 2203
961 962
961 2204
960 961
960 2205
959 960
959 2206
958 959
958 2207
957 958
957 2208
956 957
956 2209
955 956
955 2210
954 955
954 2211
953 954
953 1094
952 953
952 1095
951 952
951 1096
950 951
950 1097
949 950
949 1098
948 949
948 1099
947 948
947 1100
946 947
946 1101
945 946
945 1102
944 945
944 1103
943 944
943 1104
942 943
942 1105
941 942
941 1106
940 941
940 1107
939 940
939 1108
938 939
938 1109
937 938
937 1110
936 937
936 1111
935 936
935 1112
934 935
934 1113
933 934
933 1114
932 933
932 1115
931 932
931 1116
930 931
930 1117
929 930
929 1118
928 929
928 1119
927 928
927 1120
926 927
926 1121
925 926
925 1122
924 925
924 1123
923 924
923 1124
922 923
922 1125
921 922
921 1126
920 921
920 1127
919 920
919 1128
918 919
918 1129
917 918
917 1130
916 917
916 1131
915 916
915 1132
914 915
914 1133
913 914
913 1134
912 913
912 1135
911 912
911 1136
910 911
910 1137
909 910
909 1138
908 909
908 1139
907 908
907 1140
906 907
906 1141
905 906
905 1142
904 905
904 1143
903 904
903 1144
902 903
902 1145
901 902
901 1146
900 901
900 1147
899 900
899 1148
898 899
898 1149
897 898
897 1150
896 897
896 1151
895 896
895 1152
894 895
894 1153
893 894
893 1154
892 893
892 1155
891 892
891 1156
890 891
890 1157
889 890
889 1158
888 889
888 1159
887 888
887 1160
886 887
886 1161
885 886
885 1162
884 885
884 1163
883 884
883 1164
882 883
882 1165
881 882
881 1166
880 881
880 1167
879 880
879 1168
878 879
878 1169
877 878
877 1170
876 877
876 1171
875 876
875 1172
874 875
874 1173
873 874
873 1174
872 873
872 1175
871 872
871 1176
870 871
870 1177
869 870
869 1178
868 869
868 1179
867 868
867 1180
866 867
866 1181
865 866
865 1182
864 865
864 1183
863 864
863 1184
862 863
862 1185
861 862
861 1186
860 861
860 1187
859 860
859 1188
858 859
858 1189
857 858
857 1190
856 857
856 1191
855 856
855 1192
854 855
854 1193
853 854
853 1194
852 853
852 1195
851 852
851 1196
850 851
850 1197
849 850
849 1198
848 849
848 1199
847 848
847 1200
846 847
846 1201
845 846
845 1202
844 845
844 1203
843 844
843 1204
842 843
842 1205
841 842
841 1206
840 841
840 1207
839 840
839 1208
838 839
838 1209
837 838
837 1210
836 837
836 1211
835 836
835 1212
834 835
834 1213
833 834
833 1214
832 833
832 1215
831 832
831 1216
830 831
830 1217
829 830
829 1218
828 829
828 1219
827 828
827 1220
826 827
826 1221
825 826
825 1222
824 825
824 1223
823 824
823 1224
822 823
822 1225
821 822
821 1226
820 821
820 1227
819 820
819 1228
818 819
818 1229
817 818
817 1230
816 817
816 1231
815 816
815 1232
814 815
814 1233
813 814
813 1234
812 813
812 1235
811 812
811 1236
810 811
810 1237
809 810
809 1238
808 809
808 1239
807 808
807 1240
806 807
806 1241
805 806
805 1242
804 805
804 1243
803 804
803 1244
802 803
802 1245
801 802
801 1246
800 801
800 1247
799 800
799 1248
798 799
798 1249
797 798
797 1250
796 797
796 1251
795 796
795 1252
794 795
794 1253
793 794
793 1254
792 793
792 1255
791 792
791 1256
790 791
790 1257
789 790
789 1258
788 789
788 1259
787 788
787 1260
786 787
786 1261
785 786
785 1262
784 785
784 1263
783 784
783 1264
782 783
782 1265
781 782
781 1266
780 781
780 1267
779 780
779 1268
778 779
778 1269
777 778
777 1270
776 777
776 1271
775 776
775 1272
774 775
774 1273
773 774
773 1274
772 773
772 1275
771 772
771 1276
770 771
770 1277
769 770
769 1278
768 769
768 1279
767 768
767 1280
766 767
766 1281
765 766
765 1282
764 765
764 1283
763 764
763 1284
762 763
762 1285
761 762
761 1286
760 761
760 1287
759 760
759 1288
758 759
758 1289
757 758
757 1290
756 757
756 1291
755 756
755 1292
754 755
754 1293
753 754
753 1294
752 753
752 1295
751 752
751 1296
750 751
750 1297
749 750
749 1298
748 749
748 1299
747 748
747 1300
746 747
746 1301
745 746
745 1302
744 745
744 1303
743 744
743 1304
742 743
742 1305
741 742
741 1306
740 741
740 1307
739 740
739 1308
738 739
738 1309
737 738
737 1310
736 737
736 1311
735 736
735 1312
734 735
734 1313
733 734
733 1314
732 733
732 1315
731 732
731 1316
730 731
730 1317
729 730
729 1318
728 729
728 1319
727 728
727 1320
726 727
726 1321
725 726
725 1322
724 725
724 1323
723 724
723 1324
722 723
722 1325
721 722
721 1326
720 721
720 1327
719 720
719 1328
718 719
718 1329
717 718
717 1330
716 717
716 1331
715 716
715 1332
714 715
714 1333
713 714
713 1334
712 713
712 1335
711 712
711 1336
710 711
710 1337
709 710
709 1338
708 709
708 1339
707 708
707 1340
706 707
706 1341
705 706
705 1342
704 705
704 1343
703 704
703 1344
702 703
702 1345
701 702
701 1346
700 701
700 1347
699 700
699 1348
698 699
698 1349
697 698
697 1350
696 697
696 1351
695 696
695 1352
694 695
694 1353
693 694
693 1354
692 693
692 1355
691 692
691 1356
690 691
690 1357
689 690
689 1358
688 689
688 1359
687 688
687 1360
686 687
686 1361
685 686
685 1362
684 685
684 1363
683 684
683 1364
682 683
682 1365
681 682
681 1366
680 681
680 1367
679 680
679 1368
678 679
678 1369
677 678
677 1370
676 677
676 1371
675 676
675 1372
674 675
674 1373
673 674
673 1374
672 673
672 1375
671 672
671 1376
670 671
670 1377
669 670
669 1378
668 669
668 1379
667 668
667 1380
666 667
666 1381
665 666
665 1382
664 665
664 1383
663 664
663 1384
662 663
662 1385
661 662
661 1386
660 661
660 1387
659 660
659 1388
658 659
658 1389
657 658
657 1390
656 657
656 1391
655 656
655 1392
654 655
654 1393
653 654
653 1394
652 653
652 1395
651 652
651 1396
650 651
650 1397
649 650
649 1398
648 649
648 1399
647 648
647 1400
646 647
646 1401
645 646
645 1402
644 645
644 1403
643 644
643 1404
642 643
642 1405
641 642
641 1406
640 641
640 1407
639 640
639 1408
638 639
638 1409
637 638
637 1410
636 637
636 1411
635 636
635 1412
634 635
634 1413
633 634
633 1414
632 633
632 1415
631 632
631 1416
630 631
630 1417
629 630
629 1418
628 629
628 1419
627 628
627 1420
626 627
626 1421
625 626
625 1422
624 625
624 1423
623 624
623 1424
622 623
622 1425
621 622
621 1426
620 621
620 1427
619 620
619 1428
618 619
618 1429
617 618
617 1430
616 617
616 1431
615 616
615 1432
614 615
614 1433
613 614
613 1434
612 613
612 1435
611 612
611 1436
610 611
610 1437
609 610
609 1438
608 609
608 1439
607 608
607 1440
606 607
606 1441
605 606
605 1442
604 605
604 1443
603 604
603 1444
602 603
602 1445
601 602
601 1446
600 601
600 1447
599 600
599 1448
598 599
598 1449
597 598
597 1450
596 597
596 1451
595 596
595 1452
594 595
594 1453
593 594
593 1454
592 593
592 1455
591 592
591 1456
590 591
590 1457
589 590
589 1458
588 589
588 1459
587 588
587 1460
586 587
586 1461
585 586
585 1462
584 585
584 1463
583 584
583 1464
582 583
582 1465
581 582
581 1466
580 581
580 1467
579 580
579 1468
578 579
578 1469
577 578
577 1470
576 577
576 1471
575 576
575 1472
574 575
574 1473
573 574
573 1474
572 573
572 1475
571 572
571 1476
570 571
570 1477
569 570
569 1478
568 569
568 1479
567 568
567 1480
566 567
566 1481
565 566
565 1482
564 565
564 1483
563 564
563 1484
562 563
562 1485
561 562
561 1486
560 561
560 1487
559 560
559 1488
558 559
558 1489
557 558
557 1490
556 557
556 1491
555 556
555 1492
554 555
554 1493
553 554
553 1494
552 553
552 1495
551 552
551 1496
550 551
550 1497
549 550
549 1498
548 549
548 1499
547 548
547 1500
546 547
546 1501
545 546
545 1502
544 545
544 1503
543 544
543 1504
542 543
542 1505
541 542
541 1506
540 541
540 1507
539 540
539 1508
538 539
538 1509
537 538
537 1510
536 537
536 1511
535 536
535 1512
534 535
534 1513
533 534
533 1514
532 533
532 1515
531 532
531 1516
530 531
530 1517
529 530
529 1518
528 529
528 1519
527 528
527 1520
526 527
526 1521
525 526
525 1522
524 525
524 1523
523 524
523 1524
522 523
522 1525
521 522
521 1526
520 521
520 1527
519 520
519 1528
518 519
518 1529
517 518
517 1530
516 517
516 1531
515 516
515 1532
514 515
514 1533
513 514
513 1534
512 513
512 1535
511 512
511 1536
510 511
510 1537
509 510
509 1538
508 509
508 1539
507 508
507 1540
506 507
506 1541
505 506
505 1542
504 505
504 1543
503 504
503 1544
502 503
502 1545
501 502
501 1546
500 501
500 1547
499 500
499 1548
498 499
498 1549
497 498
497 1550
496 497
496 1551
495 496
495 1552
494 495
494 1553
493 494
493 1554
492 493
492 1555
491 492
491 1556
490 491
490 1557
489 490
489 1558
488 489
488 1559
487 488
487 1560
486 487
486 1561
485 486
485 1562
484 485
484 1563
483 484
483 1564
482 483
482 1565
481 482
481 1566
480 481
480 1567
479 480
479 1568
478 479
478 1569
477 478
477 1570
476 477
476 1571
475 476
475 1572
474 475
474 1573
473 474
473 1574
472 473
472 1575
471 472
471 1576
470 471
470 1577
469 470
469 1578
468 469
468 1579
467 468
467 1580
466 467
466 1581
465 466
465 1582
464 465
464 1583
463 464
463 1584
462 463
462 1585
461 462
461 1586
460 461
460 1587
459 460
459 1588
458 459
458 1589
457 458
457 1590
456 457
456 1591
455 456
455 1592
454 455
454 1593
453 454
453 1594
452 453
452 1595
451 452
451 1596
450 451
450 1597
449 450
449 1598
448 449
448 1599
447 448
447 1600
446 447
446 1601
445 446
445 1602
444 445
444 1603
443 444
443 1604
442 443
442 1605
441 442
441 1606
440 441
440 1607
439 440
439 1608
438 439
438 1609
437 438
437 1610
436 437
436 1611
435 436
435 1612
434 435
434 1613
433 434
433 1614
432 433
432 1615
431 432
431 1616
430 431
430 1617
429 430
429 1618
428 429
428 1619
427 428
427 1620
426 427
426 1621
425 426
425 1622
424 425
424 1623
423 424
423 1624
422 423
422 1625
421 422
421 1626
420 421
420 1627
419 420
419 1628
418 419
418 1629
417 418
417 1630
416 417
416 1631
415 416
415 1632
414 415
414 1633
413 414
413 1634
412 413
412 1635
411 412
411 1636
410 411
410 1637
409 410
409 1638
408 409
408 1639
407 408
407 1640
406 407
406 1641
405 406
405 1642
404 405
404 1643
403 404
403 1644
402 403
402 1645
401 402
401 1646
400 401
400 1647
399 400
399 1648
398 399
398 1649
397 398
397 1650
396 397
396 1651
395 396
395 1652
394 395
394 1653
393 394
393 1654
392 393
392 1655
391 392
391 1656
390 391
390 1657
389 390
389 1658
388 389
388 1659
387 388
387 1660
386 387
386 1661
385 386
385 1662
384 385
384 1663
383 384
383 1664
382 383
382 1665
381 382
381 1666
380 381
380 1667
379 380
379 1668
378 379
378 1669
377 378
377 1670
376 377
376 1671
375 376
375 1672
374 375
374 1673
373 374
373 1674
372 373
372 1675
371 372
371 1676
370 371
370 1677
369 370
369 1678
368 369
368 1679
367 368
367 1680
366 367
366 1681
365 366
365 1682
364 365
364 1683
363 364
363 1684
362 363
362 1685
361 362
361 1686
360 361
360 1687
359 360
359 1688
358 359
358 1689
357 358
357 1690
356 357
356 1691
355 356
355 1692
354 355
354 1693
353 354
353 1694
352 353
352 1695
351 352
351 1696
350 351
350 1697
349 350
349 1698
348 349
348 1699
347 348
347 1700
346 347
346 1701
345 346
345 1702
344 345
344 1703
343 344
343 1704
342 343
342 1705
341 342
341 1706
340 341
340 1707
339 340
339 1708
338 339
338 1709
337 338
337 1710
336 337
336 1711
335 336
335 1712
334 335
334 1713
333 334
333 1714
332 333
332 1715
331 332
331 1716
330 331
330 1717
329 330
329 1718
328 329
328 1719
327 328
327 1720
326 327
326 1721
325 326
325 1722
324 325
324 1723
323 324
323 1724
322 323
322 1725
321 322
321 1726
320 321
320 1727
319 320
319 1728
318 319
318 1729
317 318
317 1730
316 317
316 1731
315 316
315 1732
314 315
314 1733
313 314
313 1734
312 313
312 1735
311 312
311 1736
310 311
310 1737
309 310
309 1738
308 309
308 1739
307 308
307 1740
306 307
306 1741
305 306
305 1742
304 305
304 1743
303 304
303 1744
302 303
302 1745
301 302
301 1746
300 301
300 1747
299 300
299 1748
298 299
298 1749
297 298
297 1750
296 297
296 1751
295 296
295 1752
294 295
294 1753
293 294
293 1754
292 293
292 1755
291 292
291 1756
290 291
290 1757
289 290
289 1758
288 289
288 1759
287 288
287 1760
286 287
286 1761
285 286
285 1762
284 285
284 1763
283 284
283 1764
282 283
282 1765
281 282
281 1766
280 281
280 1767
279 280
279 1768
278 279
278 1769
277 278
277 1770
276 277
276 1771
275 276
275 1772
274 275
274 1773
273 274
273 1774
272 273
272 1775
271 272
271 1776
270 271
270 1777
269 270
269 1778
268 269
268 1779
267 268
267 1780
266 267
266 1781
265 266
265 1782
264 265
264 1783
263 264
263 1784
262 263
262 1785
261 262
261 1786
260 261
260 1787
259 260
259 1788
258 259
258 1789
257 258
257 1790
256 257
256 1791
255 256
255 1792
254 255
254 1793
253 254
253 1794
252 253
252 1795
251 252
251 1796
250 251
250 1797
249 250
249 1798
248 249
248 1799
247 248
247 1800
246 247
246 1801
245 246
245 1802
244 245
244 1803
243 244
243 1804
242 243
242 1805
241 242
241 1806
240 241
240 1807
239 240
239 1808
238 239
238 1809
237 238
237 1810
236 237
236 1811
235 236
235 1812
234 235
234 1813
233 234
233 1814
232 233
232 1815
231 232
231 1816
230 231
230 1817
229 230
229 1818
228 229
228 1819
227 228
227 1820
226 227
226 1821
225 226
225 1822
224 225
224 1823
223 224
223 1824
222 223
222 1825
221 222
221 1826
220 221
220 1827
219 220
219 1828
218 219
218 1829
217 218
217 1830
216 217
216 1831
215 216
215 1832
214 215
214 1833
213 214
213 1834
212 213
212 1835
211 212
211 1836
210 211
210 1837
209 210
209 1838
208 209
208 1839
207 208
207 1840
206 207
206 1841
205 206
205 1842
204 205
204 1843
203 204
203 1844
202 203
202 1845
201 202
201 1846
200 201
200 1847
199 200
199 1848
198 199
198 1849
197 198
197 1850
196 197
196 1851
195 196
195 1852
194 195
194 1853
193 194
193 1854
192 193
192 1855
191 192
191 1856
190 191
190 1857
189 190
189 1858
188 189
188 1859
187 188
187 1860
186 187
186 1861
185 186
185 1862
184 185
184 1863
183 184
183 1864
182 183
182 1865
181 182
181 1866
180 181
180 1867
179 180
179 1868
178 179
178 1869
177 178
177 1870
176 177
176 1871
175 176
175 1872
174 175
174 1873
173 174
173 1874
172 173
172 1875
171 172
171 1876
170 171
170 1877
169 170
169 1878
168 169
168 1879
167 168
167 1880
166 167
166 1881
165 166
165 1882
164 165
164 1883
163 164
163 1884
162 163
162 1885
161 162
161 1886
160 161
160 1887
159 160
159 1888
158 159
158 1889
157 158
157 1890
156 157
156 1891
155 156
155 1892
154 155
154 1893
153 154
153 1894
152 153
152 1895
151 152
151 1896
150 151
150 1897
149 150
149 1898
148 149
148 1899
147 148
147 1900
146 147
146 1901
145 146
145 1902
144 145
144 1903
143 144
143 1904
142 143
142 1905
141 142
141 1906
140 141
140 1907
139 140
139 1908
138 139
138 1909
137 138
137 1910
136 137
136 1911
135 136
135 1912
134 135
134 1913
133 134
133 1914
132 133
132 1915
131 132
131 1916
130 131
130 1917
129 130
129 1918
128 129
128 1919
127 128
127 1920
126 127
126 1921
125 126
125 1922
124 125
124 1923
123 124
123 1924
122 123
122 1925
121 122
121 1926
120 121
120 1927
119 120
119 1928
118 119
118 1929
117 118
117 1930
116 117
116 1931
115 116
115 1932
114 115
114 1933
113 114
113 1934
112 113
112 1935
111 112
111 1936
110 111
110 1937
109 110
109 1938
108 109
108 1939
107 108
107 1940
106 107
106 1941
105 106
105 1942
104 105
104 1943
103 104
103 1944
102 103
102 1945
101 102
101 1946
100 101
100 1947
99 100
99 1948
98 99
98 1949
97 98
97 1950
96 97
96 1951
95 96
95 1952
94 95
94 1953
93 94
93 1954
92 93
92 1955
91 92
91 1956
90 91
90 1957
89 90
89 1958
88 89
88 1959
87 88
87 1960
86 87
86 1961
85 86
85 1962
84 85
84 1963
83 84
83 1964
82 83
82 1965
81 82
81 1966
80 81
80 1967
79 80
79 1968
78 79
78 1969
77 78
77 1970
76 77
76 1971
75 76
75 1972
74 75
74 1973
73 74
73 1974
72 73
72 1975
71 72
71 1976
70 71
70 1977
69 70
69 1978
68 69
68 1979
67 68
67 1980
66 67
66 1981
65 66
65 1982
64 65
64 1983
63 64
63 1984
62 63
62 1985
61 62
61 1986
60 61
60 1987
59 60
59 1988
58 59
58 1989
57 58
57 1990
56 57
56 1991
55 56
55 1992
54 55
54 1993
53 54
53 1994
52 53
52 1995
51 52
51 1996
50 51
50 1997
49 50
49 1998
48 49
48 1999
47 48
47 2000
46 47
46 2001
45 46
45 2002
44 45
44 2003
43 44
43 2004
42 43
42 2005
41 42
41 2006
40 41
40 2007
39 40
39 2008
38 39
38 2009
37 38
37 2010
36 37
36 2011
35 36
35 2012
34 35
34 2013
33 34
33 2014
32 33
32 2015
31 32
31 2016
30 31
30 2017
29 30
29 2018
28 29
28 2019
27 28
27 2020
26 27
26 2021
25 26
25 2022
24 25
24 2023
23 24
23 2024
22 23
22 2025
21 22
21 2026
20 21
20 2027
19 20
19 2028
18 19
18 2029
17 18
17 2030
16 17
16 2031
15 16
15 2032
14 15
14 2033
13 14
13 2034
12 13
12 2035
11 12
11 2036
10 11
10 2037
9 10
9 2038
8 9
8 2039
7 8
7 2040
6 7
6 2041
5 6
5 2042
4 5
4 2043
3 4
3 2044
2 3
2 2045
1 2
1 2187
