2154 41581356
1077 1
1077 2046
1076 1077
1076 2047
1075 1076
1075 2048
1074 1075
1074 2049
1073 1074
1073 2050
1072 1073
1072 2051
1071 1072
1071 2052
1070 1071
1070 2053
1069 1070
1069 2054
1068 1069
1068 2055
1067 1068
1067 2056
1066 1067
1066 2057
1065 1066
1065 2058
1064 1065
1064 2059
1063 1064
1063 2060
1062 1063
1062 2061
1061 1062
1061 2062
1060 1061
1060 2063
1059 1060
1059 2064
1058 1059
1058 2065
1057 1058
1057 2066
1056 1057
1056 2067
1055 1056
1055 2068
1054 1055
1054 2069
1053 1054
1053 2070
1052 1053
1052 2071
1051 1052
1051 2072
1050 1051
1050 2073
1049 1050
1049 2074
1048 1049
1048 2075
1047 1048
1047 2076
1046 1047
1046 2077
1045 1046
1045 2078
1044 1045
1044 2079
1043 1044
1043 2080
1042 1043
1042 2081
1041 1042
1041 2082
1040 1041
1040 2083
1039 1040
1039 2084
1038 1039
1038 2085
1037 1038
1037 2086
1036 1037
1036 2087
1035 1036
1035 2088
1034 1035
1034 2089
1033 1034
1033 2090
1032 1033
1032 2091
1031 1032
1031 2092
1030 1031
1030 2093
1029 1030
1029 2094
1028 1029
1028 2095
1027 1028
1027 2096
1026 1027
1026 2097
1025 1026
1025 2098
1024 1025
1024 2099
1023 1024
1023 2100
1022 1023
1022 2101
1021 1022
1021 2102
1020 1021
1020 2103
1019 1020
1019 2104
1018 1019
1018 2105
1017 1018
1017 2106
1016 1017
1016 2107
1015 1016
1015 2108
1014 1015
1014 2109
1013 1014
1013 2110
1012 1013
1012 2111
1011 1012
1011 2112
1010 1011
1010 2113
1009 1010
1009 2114
1008 1009
1008 2115
1007 1008
1007 2116
1006 1007
1006 2117
1005 1006
1005 2118
1004 1005
1004 2119
1003 1004
1003 2120
1002 1003
1002 2121
1001 1002
1001 2122
1000 1001
1000 2123
999 1000
999 2124
998 999
998 2125
997 998
997 2126
996 997
996 2127
995 996
995 2128
994 995
994 2129
993 994
993 2130
992 993
992 2131
991 992
991 2132
990 991
990 2133
989 990
989 2134
988 989
988 2135
987 988
987 2136
986 987
986 2137
985 986
985 2138
984 985
984 2139
983 984
983 2140
982 983
982 2141
981 982
981 2142
980 981
980 2143
979 980
979 2144
978 979
978 2145
977 978
977 2146
976 977
976 2147
975 976
975 2148
974 975
974 2149
973 974
973 2150
972 973
972 2151
971 972
971 2152
970 971
970 2153
969 970
969 2154
968 969
968 2155
967 968
967 2156
966 967
966 2157
965 966
965 2158
964 965
964 2159
963 964
963 2160
962 963
962 2161
961 962
961 2162
960 961
960 2163
959 960
959 2164
958 959
958 2165
957 958
957 2166
956 957
956 2167
955 956
955 2168
954 955
954 2169
953 954
953 2170
952 953
952 2171
951 952
951 2172
950 951
950 2173
949 950
949 2174
948 949
948 2175
947 948
947 2176
946 947
946 2177
945 946
945 2178
944 945
944 2179
943 944
943 2180
942 943
942 2181
941 942
941 2182
940 941
940 2183
939 940
939 2184
938 939
938 2185
937 938
937 2186
936 937
936 2187
935 936
935 1078
934 935
934 1079
933 934
933 1080
932 933
932 1081
931 932
931 1082
930 931
930 1083
929 930
929 1084
928 929
928 1085
927 928
927 1086
926 927
926 1087
925 926
925 1088
924 925
924 1089
923 924
923 1090
922 923
922 1091
921 922
921 1092
920 921
920 1093
919 920
919 1094
918 919
918 1095
917 918
917 1096
916 917
916 1097
915 916
915 1098
914 915
914 1099
913 914
913 1100
912 913
912 1101
911 912
911 1102
910 911
910 1103
909 910
909 1104
908 909
908 1105
907 908
907 1106
906 907
906 1107
905 906
905 1108
904 905
904 1109
903 904
903 1110
902 903
902 1111
901 902
901 1112
900 901
900 1113
899 900
899 1114
898 899
898 1115
897 898
897 1116
896 897
896 1117
895 896
895 1118
894 895
894 1119
893 894
893 1120
892 893
892 1121
891 892
891 1122
890 891
890 1123
889 890
889 1124
888 889
888 1125
887 888
887 1126
886 887
886 1127
885 886
885 1128
884 885
884 1129
883 884
883 1130
882 883
882 1131
881 882
881 1132
880 881
880 1133
879 880
879 1134
878 879
878 1135
877 878
877 1136
876 877
876 1137
875 876
875 1138
874 875
874 1139
873 874
873 1140
872 873
872 1141
871 872
871 1142
870 871
870 1143
869 870
869 1144
868 869
868 1145
867 868
867 1146
866 867
866 1147
865 866
865 1148
864 865
864 1149
863 864
863 1150
862 863
862 1151
861 862
861 1152
860 861
860 1153
859 860
859 1154
858 859
858 1155
857 858
857 1156
856 857
856 1157
855 856
855 1158
854 855
854 1159
853 854
853 1160
852 853
852 1161
851 852
851 1162
850 851
850 1163
849 850
849 1164
848 849
848 1165
847 848
847 1166
846 847
846 1167
845 846
845 1168
844 845
844 1169
843 844
843 1170
842 843
842 1171
841 842
841 1172
840 841
840 1173
839 840
839 1174
838 839
838 1175
837 838
837 1176
836 837
836 1177
835 836
835 1178
834 835
834 1179
833 834
833 1180
832 833
832 1181
831 832
831 1182
830 831
830 1183
829 830
829 1184
828 829
828 1185
827 828
827 1186
826 827
826 1187
825 826
825 1188
824 825
824 1189
823 824
823 1190
822 823
822 1191
821 822
821 1192
820 821
820 1193
819 820
819 1194
818 819
818 1195
817 818
817 1196
816 817
816 1197
815 816
815 1198
814 815
814 1199
813 814
813 1200
812 813
812 1201
811 812
811 1202
810 811
810 1203
809 810
809 1204
808 809
808 1205
807 808
807 1206
806 807
806 1207
805 806
805 1208
804 805
804 1209
803 804
803 1210
802 803
802 1211
801 802
801 1212
800 801
800 1213
799 800
799 1214
798 799
798 1215
797 798
797 1216
796 797
796 1217
795 796
795 1218
794 795
794 1219
793 794
793 1220
792 793
792 1221
791 792
791 1222
790 791
790 1223
789 790
789 1224
788 789
788 1225
787 788
787 1226
786 787
786 1227
785 786
785 1228
784 785
784 1229
783 784
783 1230
782 783
782 1231
781 782
781 1232
780 781
780 1233
779 780
779 1234
778 779
778 1235
777 778
777 1236
776 777
776 1237
775 776
775 1238
774 775
774 1239
773 774
773 1240
772 773
772 1241
771 772
771 1242
770 771
770 1243
769 770
769 1244
768 769
768 1245
767 768
767 1246
766 767
766 1247
765 766
765 1248
764 765
764 1249
763 764
763 1250
762 763
762 1251
761 762
761 1252
760 761
760 1253
759 760
759 1254
758 759
758 1255
757 758
757 1256
756 757
756 1257
755 756
755 1258
754 755
754 1259
753 754
753 1260
752 753
752 1261
751 752
751 1262
750 751
750 1263
749 750
749 1264
748 749
748 1265
747 748
747 1266
746 747
746 1267
745 746
745 1268
744 745
744 1269
743 744
743 1270
742 743
742 1271
741 742
741 1272
740 741
740 1273
739 740
739 1274
738 739
738 1275
737 738
737 1276
736 737
736 1277
735 736
735 1278
734 735
734 1279
733 734
733 1280
732 733
732 1281
731 732
731 1282
730 731
730 1283
729 730
729 1284
728 729
728 1285
727 728
727 1286
726 727
726 1287
725 726
725 1288
724 725
724 1289
723 724
723 1290
722 723
722 1291
721 722
721 1292
720 721
720 1293
719 720
719 1294
718 719
718 1295
717 718
717 1296
716 717
716 1297
715 716
715 1298
714 715
714 1299
713 714
713 1300
712 713
712 1301
711 712
711 1302
710 711
710 1303
709 710
709 1304
708 709
708 1305
707 708
707 1306
706 707
706 1307
705 706
705 1308
704 705
704 1309
703 704
703 1310
702 703
702 1311
701 702
701 1312
700 701
700 1313
699 700
699 1314
698 699
698 1315
697 698
697 1316
696 697
696 1317
695 696
695 1318
694 695
694 1319
693 694
693 1320
692 693
692 1321
691 692
691 1322
690 691
690 1323
689 690
689 1324
688 689
688 1325
687 688
687 1326
686 687
686 1327
685 686
685 1328
684 685
684 1329
683 684
683 1330
682 683
682 1331
681 682
681 1332
680 681
680 1333
679 680
679 1334
678 679
678 1335
677 678
677 1336
676 677
676 1337
675 676
675 1338
674 675
674 1339
673 674
673 1340
672 673
672 1341
671 672
671 1342
670 671
670 1343
669 670
669 1344
668 669
668 1345
667 668
667 1346
666 667
666 1347
665 666
665 1348
664 665
664 1349
663 664
663 1350
662 663
662 1351
661 662
661 1352
660 661
660 1353
659 660
659 1354
658 659
658 1355
657 658
657 1356
656 657
656 1357
655 656
655 1358
654 655
654 1359
653 654
653 1360
652 653
652 1361
651 652
651 1362
650 651
650 1363
649 650
649 1364
648 649
648 1365
647 648
647 1366
646 647
646 1367
645 646
645 1368
644 645
644 1369
643 644
643 1370
642 643
642 1371
641 642
641 1372
640 641
640 1373
639 640
639 1374
638 639
638 1375
637 638
637 1376
636 637
636 1377
635 636
635 1378
634 635
634 1379
633 634
633 1380
632 633
632 1381
631 632
631 1382
630 631
630 1383
629 630
629 1384
628 629
628 1385
627 628
627 1386
626 627
626 1387
625 626
625 1388
624 625
624 1389
623 624
623 1390
622 623
622 1391
621 622
621 1392
620 621
620 1393
619 620
619 1394
618 619
618 1395
617 618
617 1396
616 617
616 1397
615 616
615 1398
614 615
614 1399
613 614
613 1400
612 613
612 1401
611 612
611 1402
610 611
610 1403
609 610
609 1404
608 609
608 1405
607 608
607 1406
606 607
606 1407
605 606
605 1408
604 605
604 1409
603 604
603 1410
602 603
602 1411
601 602
601 1412
600 601
600 1413
599 600
599 1414
598 599
598 1415
597 598
597 1416
596 597
596 1417
595 596
595 1418
594 595
594 1419
593 594
593 1420
592 593
592 1421
591 592
591 1422
590 591
590 1423
589 590
589 1424
588 589
588 1425
587 588
587 1426
586 587
586 1427
585 586
585 1428
584 585
584 1429
583 584
583 1430
582 583
582 1431
581 582
581 1432
580 581
580 1433
579 580
579 1434
578 579
578 1435
577 578
577 1436
576 577
576 1437
575 576
575 1438
574 575
574 1439
573 574
573 1440
572 573
572 1441
571 572
571 1442
570 571
570 1443
569 570
569 1444
568 569
568 1445
567 568
567 1446
566 567
566 1447
565 566
565 1448
564 565
564 1449
563 564
563 1450
562 563
562 1451
561 562
561 1452
560 561
560 1453
559 560
559 1454
558 559
558 1455
557 558
557 1456
556 557
556 1457
555 556
555 1458
554 555
554 1459
553 554
553 1460
552 553
552 1461
551 552
551 1462
550 551
550 1463
549 550
549 1464
548 549
548 1465
547 548
547 1466
546 547
546 1467
545 546
545 1468
544 545
544 1469
543 544
543 1470
542 543
542 1471
541 542
541 1472
540 541
540 1473
539 540
539 1474
538 539
538 1475
537 538
537 1476
536 537
536 1477
535 536
535 1478
534 535
534 1479
533 534
533 1480
532 533
532 1481
531 532
531 1482
530 531
530 1483
529 530
529 1484
528 529
528 1485
527 528
527 1486
526 527
526 1487
525 526
525 1488
524 525
524 1489
523 524
523 1490
522 523
522 1491
521 522
521 1492
520 521
520 1493
519 520
519 1494
518 519
518 1495
517 518
517 1496
516 517
516 1497
515 516
515 1498
514 515
514 1499
513 514
513 1500
512 513
512 1501
511 512
511 1502
510 511
510 1503
509 510
509 1504
508 509
508 1505
507 508
507 1506
506 507
506 1507
505 506
505 1508
504 505
504 1509
503 504
503 1510
502 503
502 1511
501 502
501 1512
500 501
500 1513
499 500
499 1514
498 499
498 1515
497 498
497 1516
496 497
496 1517
495 496
495 1518
494 495
494 1519
493 494
493 1520
492 493
492 1521
491 492
491 1522
490 491
490 1523
489 490
489 1524
488 489
488 1525
487 488
487 1526
486 487
486 1527
485 486
485 1528
484 485
484 1529
483 484
483 1530
482 483
482 1531
481 482
481 1532
480 481
480 1533
479 480
479 1534
478 479
478 1535
477 478
477 1536
476 477
476 1537
475 476
475 1538
474 475
474 1539
473 474
473 1540
472 473
472 1541
471 472
471 1542
470 471
470 1543
469 470
469 1544
468 469
468 1545
467 468
467 1546
466 467
466 1547
465 466
465 1548
464 465
464 1549
463 464
463 1550
462 463
462 1551
461 462
461 1552
460 461
460 1553
459 460
459 1554
458 459
458 1555
457 458
457 1556
456 457
456 1557
455 456
455 1558
454 455
454 1559
453 454
453 1560
452 453
452 1561
451 452
451 1562
450 451
450 1563
449 450
449 1564
448 449
448 1565
447 448
447 1566
446 447
446 1567
445 446
445 1568
444 445
444 1569
443 444
443 1570
442 443
442 1571
441 442
441 1572
440 441
440 1573
439 440
439 1574
438 439
438 1575
437 438
437 1576
436 437
436 1577
435 436
435 1578
434 435
434 1579
433 434
433 1580
432 433
432 1581
431 432
431 1582
430 431
430 1583
429 430
429 1584
428 429
428 1585
427 428
427 1586
426 427
426 1587
425 426
425 1588
424 425
424 1589
423 424
423 1590
422 423
422 1591
421 422
421 1592
420 421
420 1593
419 420
419 1594
418 419
418 1595
417 418
417 1596
416 417
416 1597
415 416
415 1598
414 415
414 1599
413 414
413 1600
412 413
412 1601
411 412
411 1602
410 411
410 1603
409 410
409 1604
408 409
408 1605
407 408
407 1606
406 407
406 1607
405 406
405 1608
404 405
404 1609
403 404
403 1610
402 403
402 1611
401 402
401 1612
400 401
400 1613
399 400
399 1614
398 399
398 1615
397 398
397 1616
396 397
396 1617
395 396
395 1618
394 395
394 1619
393 394
393 1620
392 393
392 1621
391 392
391 1622
390 391
390 1623
389 390
389 1624
388 389
388 1625
387 388
387 1626
386 387
386 1627
385 386
385 1628
384 385
384 1629
383 384
383 1630
382 383
382 1631
381 382
381 1632
380 381
380 1633
379 380
379 1634
378 379
378 1635
377 378
377 1636
376 377
376 1637
375 376
375 1638
374 375
374 1639
373 374
373 1640
372 373
372 1641
371 372
371 1642
370 371
370 1643
369 370
369 1644
368 369
368 1645
367 368
367 1646
366 367
366 1647
365 366
365 1648
364 365
364 1649
363 364
363 1650
362 363
362 1651
361 362
361 1652
360 361
360 1653
359 360
359 1654
358 359
358 1655
357 358
357 1656
356 357
356 1657
355 356
355 1658
354 355
354 1659
353 354
353 1660
352 353
352 1661
351 352
351 1662
350 351
350 1663
349 350
349 1664
348 349
348 1665
347 348
347 1666
346 347
346 1667
345 346
345 1668
344 345
344 1669
343 344
343 1670
342 343
342 1671
341 342
341 1672
340 341
340 1673
339 340
339 1674
338 339
338 1675
337 338
337 1676
336 337
336 1677
335 336
335 1678
334 335
334 1679
333 334
333 1680
332 333
332 1681
331 332
331 1682
330 331
330 1683
329 330
329 1684
328 329
328 1685
327 328
327 1686
326 327
326 1687
325 326
325 1688
324 325
324 1689
323 324
323 1690
322 323
322 1691
321 322
321 1692
320 321
320 1693
319 320
319 1694
318 319
318 1695
317 318
317 1696
316 317
316 1697
315 316
315 1698
314 315
314 1699
313 314
313 1700
312 313
312 1701
311 312
311 1702
310 311
310 1703
309 310
309 1704
308 309
308 1705
307 308
307 1706
306 307
306 1707
305 306
305 1708
304 305
304 1709
303 304
303 1710
302 303
302 1711
301 302
301 1712
300 301
300 1713
299 300
299 1714
298 299
298 1715
297 298
297 1716
296 297
296 1717
295 296
295 1718
294 295
294 1719
293 294
293 1720
292 293
292 1721
291 292
291 1722
290 291
290 1723
289 290
289 1724
288 289
288 1725
287 288
287 1726
286 287
286 1727
285 286
285 1728
284 285
284 1729
283 284
283 1730
282 283
282 1731
281 282
281 1732
280 281
280 1733
279 280
279 1734
278 279
278 1735
277 278
277 1736
276 277
276 1737
275 276
275 1738
274 275
274 1739
273 274
273 1740
272 273
272 1741
271 272
271 1742
270 271
270 1743
269 270
269 1744
268 269
268 1745
267 268
267 1746
266 267
266 1747
265 266
265 1748
264 265
264 1749
263 264
263 1750
262 263
262 1751
261 262
261 1752
260 261
260 1753
259 260
259 1754
258 259
258 1755
257 258
257 1756
256 257
256 1757
255 256
255 1758
254 255
254 1759
253 254
253 1760
252 253
252 1761
251 252
251 1762
250 251
250 1763
249 250
249 1764
248 249
248 1765
247 248
247 1766
246 247
246 1767
245 246
245 1768
244 245
244 1769
243 244
243 1770
242 243
242 1771
241 242
241 1772
240 241
240 1773
239 240
239 1774
238 239
238 1775
237 238
237 1776
236 237
236 1777
235 236
235 1778
234 235
234 1779
233 234
233 1780
232 233
232 1781
231 232
231 1782
230 231
230 1783
229 230
229 1784
228 229
228 1785
227 228
227 1786
226 227
226 1787
225 226
225 1788
224 225
224 1789
223 224
223 1790
222 223
222 1791
221 222
221 1792
220 221
220 1793
219 220
219 1794
218 219
218 1795
217 218
217 1796
216 217
216 1797
215 216
215 1798
214 215
214 1799
213 214
213 1800
212 213
212 1801
211 212
211 1802
210 211
210 1803
209 210
209 1804
208 209
208 1805
207 208
207 1806
206 207
206 1807
205 206
205 1808
204 205
204 1809
203 204
203 1810
202 203
202 1811
201 202
201 1812
200 201
200 1813
199 200
199 1814
198 199
198 1815
197 198
197 1816
196 197
196 1817
195 196
195 1818
194 195
194 1819
193 194
193 1820
192 193
192 1821
191 192
191 1822
190 191
190 1823
189 190
189 1824
188 189
188 1825
187 188
187 1826
186 187
186 1827
185 186
185 1828
184 185
184 1829
183 184
183 1830
182 183
182 1831
181 182
181 1832
180 181
180 1833
179 180
179 1834
178 179
178 1835
177 178
177 1836
176 177
176 1837
175 176
175 1838
174 175
174 1839
173 174
173 1840
172 173
172 1841
171 172
171 1842
170 171
170 1843
169 170
169 1844
168 169
168 1845
167 168
167 1846
166 167
166 1847
165 166
165 1848
164 165
164 1849
163 164
163 1850
162 163
162 1851
161 162
161 1852
160 161
160 1853
159 160
159 1854
158 159
158 1855
157 158
157 1856
156 157
156 1857
155 156
155 1858
154 155
154 1859
153 154
153 1860
152 153
152 1861
151 152
151 1862
150 151
150 1863
149 150
149 1864
148 149
148 1865
147 148
147 1866
146 147
146 1867
145 146
145 1868
144 145
144 1869
143 144
143 1870
142 143
142 1871
141 142
141 1872
140 141
140 1873
139 140
139 1874
138 139
138 1875
137 138
137 1876
136 137
136 1877
135 136
135 1878
134 135
134 1879
133 134
133 1880
132 133
132 1881
131 132
131 1882
130 131
130 1883
129 130
129 1884
128 129
128 1885
127 128
127 1886
126 127
126 1887
125 126
125 1888
124 125
124 1889
123 124
123 1890
122 123
122 1891
121 122
121 1892
120 121
120 1893
119 120
119 1894
118 119
118 1895
117 118
117 1896
116 117
116 1897
115 116
115 1898
114 115
114 1899
113 114
113 1900
112 113
112 1901
111 112
111 1902
110 111
110 1903
109 110
109 1904
108 109
108 1905
107 108
107 1906
106 107
106 1907
105 106
105 1908
104 105
104 1909
103 104
103 1910
102 103
102 1911
101 102
101 1912
100 101
100 1913
99 100
99 1914
98 99
98 1915
97 98
97 1916
96 97
96 1917
95 96
95 1918
94 95
94 1919
93 94
93 1920
92 93
92 1921
91 92
91 1922
90 91
90 1923
89 90
89 1924
88 89
88 1925
87 88
87 1926
86 87
86 1927
85 86
85 1928
84 85
84 1929
83 84
83 1930
82 83
82 1931
81 82
81 1932
80 81
80 1933
79 80
79 1934
78 79
78 1935
77 78
77 1936
76 77
76 1937
75 76
75 1938
74 75
74 1939
73 74
73 1940
72 73
72 1941
71 72
71 1942
70 71
70 1943
69 70
69 1944
68 69
68 1945
67 68
67 1946
66 67
66 1947
65 66
65 1948
64 65
64 1949
63 64
63 1950
62 63
62 1951
61 62
61 1952
60 61
60 1953
59 60
59 1954
58 59
58 1955
57 58
57 1956
56 57
56 1957
55 56
55 1958
54 55
54 1959
53 54
53 1960
52 53
52 1961
51 52
51 1962
50 51
50 1963
49 50
49 1964
48 49
48 1965
47 48
47 1966
46 47
46 1967
45 46
45 1968
44 45
44 1969
43 44
43 1970
42 43
42 1971
41 42
41 1972
40 41
40 1973
39 40
39 1974
38 39
38 1975
37 38
37 1976
36 37
36 1977
35 36
35 1978
34 35
34 1979
33 34
33 1980
32 33
32 1981
31 32
31 1982
30 31
30 1983
29 30
29 1984
28 29
28 1985
27 28
27 1986
26 27
26 1987
25 26
25 1988
24 25
24 1989
23 24
23 1990
22 23
22 1991
21 22
21 1992
20 21
20 1993
19 20
19 1994
18 19
18 1995
17 18
17 1996
16 17
16 1997
15 16
15 1998
14 15
14 1999
13 14
13 2000
12 13
12 2001
11 12
11 2002
10 11
10 2003
9 10
9 2004
8 9
8 2005
7 8
7 2006
6 7
6 2007
5 6
5 2008
4 5
4 2009
3 4
3 2010
2 3
2 2011
1 2
1 2155
