2115 57657640
1057 1
1057 2012
1056 1057
1056 2013
1055 1056
1055 2014
1054 1055
1054 2015
1053 1054
1053 2016
1052 1053
1052 2017
1051 1052
1051 2018
1050 1051
1050 2019
1049 1050
1049 2020
1048 1049
1048 2021
1047 1048
1047 2022
1046 1047
1046 2023
1045 1046
1045 2024
1044 1045
1044 2025
1043 1044
1043 2026
1042 1043
1042 2027
1041 1042
1041 2028
1040 1041
1040 2029
1039 1040
1039 2030
1038 1039
1038 2031
1037 1038
1037 2032
1036 1037
1036 2033
1035 1036
1035 2034
1034 1035
1034 2035
1033 1034
1033 2036
1032 1033
1032 2037
1031 1032
1031 2038
1030 1031
1030 2039
1029 1030
1029 2040
1028 1029
1028 2041
1027 1028
1027 2042
1026 1027
1026 2043
1025 1026
1025 2044
1024 1025
1024 2045
1023 1024
1023 2046
1022 1023
1022 2047
1021 1022
1021 2048
1020 1021
1020 2049
1019 1020
1019 2050
1018 1019
1018 2051
1017 1018
1017 2052
1016 1017
1016 2053
1015 1016
1015 2054
1014 1015
1014 2055
1013 1014
1013 2056
1012 1013
1012 2057
1011 1012
1011 2058
1010 1011
1010 2059
1009 1010
1009 2060
1008 1009
1008 2061
1007 1008
1007 2062
1006 1007
1006 2063
1005 1006
1005 2064
1004 1005
1004 2065
1003 1004
1003 2066
1002 1003
1002 2067
1001 1002
1001 2068
1000 1001
1000 2069
999 1000
999 2070
998 999
998 2071
997 998
997 2072
996 997
996 2073
995 996
995 2074
994 995
994 2075
993 994
993 2076
992 993
992 2077
991 992
991 2078
990 991
990 2079
989 990
989 2080
988 989
988 2081
987 988
987 2082
986 987
986 2083
985 986
985 2084
984 985
984 2085
983 984
983 2086
982 983
982 2087
981 982
981 2088
980 981
980 2089
979 980
979 2090
978 979
978 2091
977 978
977 2092
976 977
976 2093
975 976
975 2094
974 975
974 2095
973 974
973 2096
972 973
972 2097
971 972
971 2098
970 971
970 2099
969 970
969 2100
968 969
968 2101
967 968
967 2102
966 967
966 2103
965 966
965 2104
964 965
964 2105
963 964
963 2106
962 963
962 2107
961 962
961 2108
960 961
960 2109
959 960
959 2110
958 959
958 2111
957 958
957 2112
956 957
956 2113
955 956
955 2114
954 955
954 2115
953 954
953 2116
952 953
952 2117
951 952
951 2118
950 951
950 2119
949 950
949 2120
948 949
948 2121
947 948
947 2122
946 947
946 2123
945 946
945 2124
944 945
944 2125
943 944
943 2126
942 943
942 2127
941 942
941 2128
940 941
940 2129
939 940
939 2130
938 939
938 2131
937 938
937 2132
936 937
936 2133
935 936
935 2134
934 935
934 2135
933 934
933 2136
932 933
932 2137
931 932
931 2138
930 931
930 2139
929 930
929 2140
928 929
928 2141
927 928
927 2142
926 927
926 2143
925 926
925 2144
924 925
924 2145
923 924
923 2146
922 923
922 2147
921 922
921 2148
920 921
920 2149
919 920
919 2150
918 919
918 2151
917 918
917 2152
916 917
916 2153
915 916
915 2154
914 915
914 2155
913 914
913 1058
912 913
912 1059
911 912
911 1060
910 911
910 1061
909 910
909 1062
908 909
908 1063
907 908
907 1064
906 907
906 1065
905 906
905 1066
904 905
904 1067
903 904
903 1068
902 903
902 1069
901 902
901 1070
900 901
900 1071
899 900
899 1072
898 899
898 1073
897 898
897 1074
896 897
896 1075
895 896
895 1076
894 895
894 1077
893 894
893 1078
892 893
892 1079
891 892
891 1080
890 891
890 1081
889 890
889 1082
888 889
888 1083
887 888
887 1084
886 887
886 1085
885 886
885 1086
884 885
884 1087
883 884
883 1088
882 883
882 1089
881 882
881 1090
880 881
880 1091
879 880
879 1092
878 879
878 1093
877 878
877 1094
876 877
876 1095
875 876
875 1096
874 875
874 1097
873 874
873 1098
872 873
872 1099
871 872
871 1100
870 871
870 1101
869 870
869 1102
868 869
868 1103
867 868
867 1104
866 867
866 1105
865 866
865 1106
864 865
864 1107
863 864
863 1108
862 863
862 1109
861 862
861 1110
860 861
860 1111
859 860
859 1112
858 859
858 1113
857 858
857 1114
856 857
856 1115
855 856
855 1116
854 855
854 1117
853 854
853 1118
852 853
852 1119
851 852
851 1120
850 851
850 1121
849 850
849 1122
848 849
848 1123
847 848
847 1124
846 847
846 1125
845 846
845 1126
844 845
844 1127
843 844
843 1128
842 843
842 1129
841 842
841 1130
840 841
840 1131
839 840
839 1132
838 839
838 1133
837 838
837 1134
836 837
836 1135
835 836
835 1136
834 835
834 1137
833 834
833 1138
832 833
832 1139
831 832
831 1140
830 831
830 1141
829 830
829 1142
828 829
828 1143
827 828
827 1144
826 827
826 1145
825 826
825 1146
824 825
824 1147
823 824
823 1148
822 823
822 1149
821 822
821 1150
820 821
820 1151
819 820
819 1152
818 819
818 1153
817 818
817 1154
816 817
816 1155
815 816
815 1156
814 815
814 1157
813 814
813 1158
812 813
812 1159
811 812
811 1160
810 811
810 1161
809 810
809 1162
808 809
808 1163
807 808
807 1164
806 807
806 1165
805 806
805 1166
804 805
804 1167
803 804
803 1168
802 803
802 1169
801 802
801 1170
800 801
800 1171
799 800
799 1172
798 799
798 1173
797 798
797 1174
796 797
796 1175
795 796
795 1176
794 795
794 1177
793 794
793 1178
792 793
792 1179
791 792
791 1180
790 791
790 1181
789 790
789 1182
788 789
788 1183
787 788
787 1184
786 787
786 1185
785 786
785 1186
784 785
784 1187
783 784
783 1188
782 783
782 1189
781 782
781 1190
780 781
780 1191
779 780
779 1192
778 779
778 1193
777 778
777 1194
776 777
776 1195
775 776
775 1196
774 775
774 1197
773 774
773 1198
772 773
772 1199
771 772
771 1200
770 771
770 1201
769 770
769 1202
768 769
768 1203
767 768
767 1204
766 767
766 1205
765 766
765 1206
764 765
764 1207
763 764
763 1208
762 763
762 1209
761 762
761 1210
760 761
760 1211
759 760
759 1212
758 759
758 1213
757 758
757 1214
756 757
756 1215
755 756
755 1216
754 755
754 1217
753 754
753 1218
752 753
752 1219
751 752
751 1220
750 751
750 1221
749 750
749 1222
748 749
748 1223
747 748
747 1224
746 747
746 1225
745 746
745 1226
744 745
744 1227
743 744
743 1228
742 743
742 1229
741 742
741 1230
740 741
740 1231
739 740
739 1232
738 739
738 1233
737 738
737 1234
736 737
736 1235
735 736
735 1236
734 735
734 1237
733 734
733 1238
732 733
732 1239
731 732
731 1240
730 731
730 1241
729 730
729 1242
728 729
728 1243
727 728
727 1244
726 727
726 1245
725 726
725 1246
724 725
724 1247
723 724
723 1248
722 723
722 1249
721 722
721 1250
720 721
720 1251
719 720
719 1252
718 719
718 1253
717 718
717 1254
716 717
716 1255
715 716
715 1256
714 715
714 1257
713 714
713 1258
712 713
712 1259
711 712
711 1260
710 711
710 1261
709 710
709 1262
708 709
708 1263
707 708
707 1264
706 707
706 1265
705 706
705 1266
704 705
704 1267
703 704
703 1268
702 703
702 1269
701 702
701 1270
700 701
700 1271
699 700
699 1272
698 699
698 1273
697 698
697 1274
696 697
696 1275
695 696
695 1276
694 695
694 1277
693 694
693 1278
692 693
692 1279
691 692
691 1280
690 691
690 1281
689 690
689 1282
688 689
688 1283
687 688
687 1284
686 687
686 1285
685 686
685 1286
684 685
684 1287
683 684
683 1288
682 683
682 1289
681 682
681 1290
680 681
680 1291
679 680
679 1292
678 679
678 1293
677 678
677 1294
676 677
676 1295
675 676
675 1296
674 675
674 1297
673 674
673 1298
672 673
672 1299
671 672
671 1300
670 671
670 1301
669 670
669 1302
668 669
668 1303
667 668
667 1304
666 667
666 1305
665 666
665 1306
664 665
664 1307
663 664
663 1308
662 663
662 1309
661 662
661 1310
660 661
660 1311
659 660
659 1312
658 659
658 1313
657 658
657 1314
656 657
656 1315
655 656
655 1316
654 655
654 1317
653 654
653 1318
652 653
652 1319
651 652
651 1320
650 651
650 1321
649 650
649 1322
648 649
648 1323
647 648
647 1324
646 647
646 1325
645 646
645 1326
644 645
644 1327
643 644
643 1328
642 643
642 1329
641 642
641 1330
640 641
640 1331
639 640
639 1332
638 639
638 1333
637 638
637 1334
636 637
636 1335
635 636
635 1336
634 635
634 1337
633 634
633 1338
632 633
632 1339
631 632
631 1340
630 631
630 1341
629 630
629 1342
628 629
628 1343
627 628
627 1344
626 627
626 1345
625 626
625 1346
624 625
624 1347
623 624
623 1348
622 623
622 1349
621 622
621 1350
620 621
620 1351
619 620
619 1352
618 619
618 1353
617 618
617 1354
616 617
616 1355
615 616
615 1356
614 615
614 1357
613 614
613 1358
612 613
612 1359
611 612
611 1360
610 611
610 1361
609 610
609 1362
608 609
608 1363
607 608
607 1364
606 607
606 1365
605 606
605 1366
604 605
604 1367
603 604
603 1368
602 603
602 1369
601 602
601 1370
600 601
600 1371
599 600
599 1372
598 599
598 1373
597 598
597 1374
596 597
596 1375
595 596
595 1376
594 595
594 1377
593 594
593 1378
592 593
592 1379
591 592
591 1380
590 591
590 1381
589 590
589 1382
588 589
588 1383
587 588
587 1384
586 587
586 1385
585 586
585 1386
584 585
584 1387
583 584
583 1388
582 583
582 1389
581 582
581 1390
580 581
580 1391
579 580
579 1392
578 579
578 1393
577 578
577 1394
576 577
576 1395
575 576
575 1396
574 575
574 1397
573 574
573 1398
572 573
572 1399
571 572
571 1400
570 571
570 1401
569 570
569 1402
568 569
568 1403
567 568
567 1404
566 567
566 1405
565 566
565 1406
564 565
564 1407
563 564
563 1408
562 563
562 1409
561 562
561 1410
560 561
560 1411
559 560
559 1412
558 559
558 1413
557 558
557 1414
556 557
556 1415
555 556
555 1416
554 555
554 1417
553 554
553 1418
552 553
552 1419
551 552
551 1420
550 551
550 1421
549 550
549 1422
548 549
548 1423
547 548
547 1424
546 547
546 1425
545 546
545 1426
544 545
544 1427
543 544
543 1428
542 543
542 1429
541 542
541 1430
540 541
540 1431
539 540
539 1432
538 539
538 1433
537 538
537 1434
536 537
536 1435
535 536
535 1436
534 535
534 1437
533 534
533 1438
532 533
532 1439
531 532
531 1440
530 531
530 1441
529 530
529 1442
528 529
528 1443
527 528
527 1444
526 527
526 1445
525 526
525 1446
524 525
524 1447
523 524
523 1448
522 523
522 1449
521 522
521 1450
520 521
520 1451
519 520
519 1452
518 519
518 1453
517 518
517 1454
516 517
516 1455
515 516
515 1456
514 515
514 1457
513 514
513 1458
512 513
512 1459
511 512
511 1460
510 511
510 1461
509 510
509 1462
508 509
508 1463
507 508
507 1464
506 507
506 1465
505 506
505 1466
504 505
504 1467
503 504
503 1468
502 503
502 1469
501 502
501 1470
500 501
500 1471
499 500
499 1472
498 499
498 1473
497 498
497 1474
496 497
496 1475
495 496
495 1476
494 495
494 1477
493 494
493 1478
492 493
492 1479
491 492
491 1480
490 491
490 1481
489 490
489 1482
488 489
488 1483
487 488
487 1484
486 487
486 1485
485 486
485 1486
484 485
484 1487
483 484
483 1488
482 483
482 1489
481 482
481 1490
480 481
480 1491
479 480
479 1492
478 479
478 1493
477 478
477 1494
476 477
476 1495
475 476
475 1496
474 475
474 1497
473 474
473 1498
472 473
472 1499
471 472
471 1500
470 471
470 1501
469 470
469 1502
468 469
468 1503
467 468
467 1504
466 467
466 1505
465 466
465 1506
464 465
464 1507
463 464
463 1508
462 463
462 1509
461 462
461 1510
460 461
460 1511
459 460
459 1512
458 459
458 1513
457 458
457 1514
456 457
456 1515
455 456
455 1516
454 455
454 1517
453 454
453 1518
452 453
452 1519
451 452
451 1520
450 451
450 1521
449 450
449 1522
448 449
448 1523
447 448
447 1524
446 447
446 1525
445 446
445 1526
444 445
444 1527
443 444
443 1528
442 443
442 1529
441 442
441 1530
440 441
440 1531
439 440
439 1532
438 439
438 1533
437 438
437 1534
436 437
436 1535
435 436
435 1536
434 435
434 1537
433 434
433 1538
432 433
432 1539
431 432
431 1540
430 431
430 1541
429 430
429 1542
428 429
428 1543
427 428
427 1544
426 427
426 1545
425 426
425 1546
424 425
424 1547
423 424
423 1548
422 423
422 1549
421 422
421 1550
420 421
420 1551
419 420
419 1552
418 419
418 1553
417 418
417 1554
416 417
416 1555
415 416
415 1556
414 415
414 1557
413 414
413 1558
412 413
412 1559
411 412
411 1560
410 411
410 1561
409 410
409 1562
408 409
408 1563
407 408
407 1564
406 407
406 1565
405 406
405 1566
404 405
404 1567
403 404
403 1568
402 403
402 1569
401 402
401 1570
400 401
400 1571
399 400
399 1572
398 399
398 1573
397 398
397 1574
396 397
396 1575
395 396
395 1576
394 395
394 1577
393 394
393 1578
392 393
392 1579
391 392
391 1580
390 391
390 1581
389 390
389 1582
388 389
388 1583
387 388
387 1584
386 387
386 1585
385 386
385 1586
384 385
384 1587
383 384
383 1588
382 383
382 1589
381 382
381 1590
380 381
380 1591
379 380
379 1592
378 379
378 1593
377 378
377 1594
376 377
376 1595
375 376
375 1596
374 375
374 1597
373 374
373 1598
372 373
372 1599
371 372
371 1600
370 371
370 1601
369 370
369 1602
368 369
368 1603
367 368
367 1604
366 367
366 1605
365 366
365 1606
364 365
364 1607
363 364
363 1608
362 363
362 1609
361 362
361 1610
360 361
360 1611
359 360
359 1612
358 359
358 1613
357 358
357 1614
356 357
356 1615
355 356
355 1616
354 355
354 1617
353 354
353 1618
352 353
352 1619
351 352
351 1620
350 351
350 1621
349 350
349 1622
348 349
348 1623
347 348
347 1624
346 347
346 1625
345 346
345 1626
344 345
344 1627
343 344
343 1628
342 343
342 1629
341 342
341 1630
340 341
340 1631
339 340
339 1632
338 339
338 1633
337 338
337 1634
336 337
336 1635
335 336
335 1636
334 335
334 1637
333 334
333 1638
332 333
332 1639
331 332
331 1640
330 331
330 1641
329 330
329 1642
328 329
328 1643
327 328
327 1644
326 327
326 1645
325 326
325 1646
324 325
324 1647
323 324
323 1648
322 323
322 1649
321 322
321 1650
320 321
320 1651
319 320
319 1652
318 319
318 1653
317 318
317 1654
316 317
316 1655
315 316
315 1656
314 315
314 1657
313 314
313 1658
312 313
312 1659
311 312
311 1660
310 311
310 1661
309 310
309 1662
308 309
308 1663
307 308
307 1664
306 307
306 1665
305 306
305 1666
304 305
304 1667
303 304
303 1668
302 303
302 1669
301 302
301 1670
300 301
300 1671
299 300
299 1672
298 299
298 1673
297 298
297 1674
296 297
296 1675
295 296
295 1676
294 295
294 1677
293 294
293 1678
292 293
292 1679
291 292
291 1680
290 291
290 1681
289 290
289 1682
288 289
288 1683
287 288
287 1684
286 287
286 1685
285 286
285 1686
284 285
284 1687
283 284
283 1688
282 283
282 1689
281 282
281 1690
280 281
280 1691
279 280
279 1692
278 279
278 1693
277 278
277 1694
276 277
276 1695
275 276
275 1696
274 275
274 1697
273 274
273 1698
272 273
272 1699
271 272
271 1700
270 271
270 1701
269 270
269 1702
268 269
268 1703
267 268
267 1704
266 267
266 1705
265 266
265 1706
264 265
264 1707
263 264
263 1708
262 263
262 1709
261 262
261 1710
260 261
260 1711
259 260
259 1712
258 259
258 1713
257 258
257 1714
256 257
256 1715
255 256
255 1716
254 255
254 1717
253 254
253 1718
252 253
252 1719
251 252
251 1720
250 251
250 1721
249 250
249 1722
248 249
248 1723
247 248
247 1724
246 247
246 1725
245 246
245 1726
244 245
244 1727
243 244
243 1728
242 243
242 1729
241 242
241 1730
240 241
240 1731
239 240
239 1732
238 239
238 1733
237 238
237 1734
236 237
236 1735
235 236
235 1736
234 235
234 1737
233 234
233 1738
232 233
232 1739
231 232
231 1740
230 231
230 1741
229 230
229 1742
228 229
228 1743
227 228
227 1744
226 227
226 1745
225 226
225 1746
224 225
224 1747
223 224
223 1748
222 223
222 1749
221 222
221 1750
220 221
220 1751
219 220
219 1752
218 219
218 1753
217 218
217 1754
216 217
216 1755
215 216
215 1756
214 215
214 1757
213 214
213 1758
212 213
212 1759
211 212
211 1760
210 211
210 1761
209 210
209 1762
208 209
208 1763
207 208
207 1764
206 207
206 1765
205 206
205 1766
204 205
204 1767
203 204
203 1768
202 203
202 1769
201 202
201 1770
200 201
200 1771
199 200
199 1772
198 199
198 1773
197 198
197 1774
196 197
196 1775
195 196
195 1776
194 195
194 1777
193 194
193 1778
192 193
192 1779
191 192
191 1780
190 191
190 1781
189 190
189 1782
188 189
188 1783
187 188
187 1784
186 187
186 1785
185 186
185 1786
184 185
184 1787
183 184
183 1788
182 183
182 1789
181 182
181 1790
180 181
180 1791
179 180
179 1792
178 179
178 1793
177 178
177 1794
176 177
176 1795
175 176
175 1796
174 175
174 1797
173 174
173 1798
172 173
172 1799
171 172
171 1800
170 171
170 1801
169 170
169 1802
168 169
168 1803
167 168
167 1804
166 167
166 1805
165 166
165 1806
164 165
164 1807
163 164
163 1808
162 163
162 1809
161 162
161 1810
160 161
160 1811
159 160
159 1812
158 159
158 1813
157 158
157 1814
156 157
156 1815
155 156
155 1816
154 155
154 1817
153 154
153 1818
152 153
152 1819
151 152
151 1820
150 151
150 1821
149 150
149 1822
148 149
148 1823
147 148
147 1824
146 147
146 1825
145 146
145 1826
144 145
144 1827
143 144
143 1828
142 143
142 1829
141 142
141 1830
140 141
140 1831
139 140
139 1832
138 139
138 1833
137 138
137 1834
136 137
136 1835
135 136
135 1836
134 135
134 1837
133 134
133 1838
132 133
132 1839
131 132
131 1840
130 131
130 1841
129 130
129 1842
128 129
128 1843
127 128
127 1844
126 127
126 1845
125 126
125 1846
124 125
124 1847
123 124
123 1848
122 123
122 1849
121 122
121 1850
120 121
120 1851
119 120
119 1852
118 119
118 1853
117 118
117 1854
116 117
116 1855
115 116
115 1856
114 115
114 1857
113 114
113 1858
112 113
112 1859
111 112
111 1860
110 111
110 1861
109 110
109 1862
108 109
108 1863
107 108
107 1864
106 107
106 1865
105 106
105 1866
104 105
104 1867
103 104
103 1868
102 103
102 1869
101 102
101 1870
100 101
100 1871
99 100
99 1872
98 99
98 1873
97 98
97 1874
96 97
96 1875
95 96
95 1876
94 95
94 1877
93 94
93 1878
92 93
92 1879
91 92
91 1880
90 91
90 1881
89 90
89 1882
88 89
88 1883
87 88
87 1884
86 87
86 1885
85 86
85 1886
84 85
84 1887
83 84
83 1888
82 83
82 1889
81 82
81 1890
80 81
80 1891
79 80
79 1892
78 79
78 1893
77 78
77 1894
76 77
76 1895
75 76
75 1896
74 75
74 1897
73 74
73 1898
72 73
72 1899
71 72
71 1900
70 71
70 1901
69 70
69 1902
68 69
68 1903
67 68
67 1904
66 67
66 1905
65 66
65 1906
64 65
64 1907
63 64
63 1908
62 63
62 1909
61 62
61 1910
60 61
60 1911
59 60
59 1912
58 59
58 1913
57 58
57 1914
56 57
56 1915
55 56
55 1916
54 55
54 1917
53 54
53 1918
52 53
52 1919
51 52
51 1920
50 51
50 1921
49 50
49 1922
48 49
48 1923
47 48
47 1924
46 47
46 1925
45 46
45 1926
44 45
44 1927
43 44
43 1928
42 43
42 1929
41 42
41 1930
40 41
40 1931
39 40
39 1932
38 39
38 1933
37 38
37 1934
36 37
36 1935
35 36
35 1936
34 35
34 1937
33 34
33 1938
32 33
32 1939
31 32
31 1940
30 31
30 1941
29 30
29 1942
28 29
28 1943
27 28
27 1944
26 27
26 1945
25 26
25 1946
24 25
24 1947
23 24
23 1948
22 23
22 1949
21 22
21 1950
20 21
20 1951
19 20
19 1952
18 19
18 1953
17 18
17 1954
16 17
16 1955
15 16
15 1956
14 15
14 1957
13 14
13 1958
12 13
12 1959
11 12
11 1960
10 11
10 1961
9 10
9 1962
8 9
8 1963
7 8
7 1964
6 7
6 1965
5 6
5 1966
4 5
4 1967
3 4
3 1968
2 3
2 1969
1 2
1 1970
1 2116
