2234 20192476
559 1
559 1971
559 1972
559 1973
558 559
558 1974
558 1975
558 1976
557 558
557 1977
557 1978
557 1979
556 557
556 1980
556 1981
556 1982
555 556
555 1983
555 1984
555 1985
554 555
554 1986
554 1987
554 1988
553 554
553 1989
553 1990
553 1991
552 553
552 1992
552 1993
552 1994
551 552
551 1995
551 1996
551 1997
550 551
550 1998
550 1999
550 2000
549 550
549 2001
549 2002
549 2003
548 549
548 2004
548 2005
548 2006
547 548
547 2007
547 2008
547 2009
546 547
546 2010
546 2011
546 2012
545 546
545 2013
545 2014
545 2015
544 545
544 2016
544 2017
544 2018
543 544
543 2019
543 2020
543 2021
542 543
542 2022
542 2023
542 2024
541 542
541 2025
541 2026
541 2027
540 541
540 2028
540 2029
540 2030
539 540
539 2031
539 2032
539 2033
538 539
538 2034
538 2035
538 2036
537 538
537 2037
537 2038
537 2039
536 537
536 2040
536 2041
536 2042
535 536
535 2043
535 2044
535 2045
534 535
534 2046
534 2047
534 2048
533 534
533 2049
533 2050
533 2051
532 533
532 2052
532 2053
532 2054
531 532
531 2055
531 2056
531 2057
530 531
530 2058
530 2059
530 2060
529 530
529 2061
529 2062
529 2063
528 529
528 2064
528 2065
528 2066
527 528
527 2067
527 2068
527 2069
526 527
526 2070
526 2071
526 2072
525 526
525 2073
525 2074
525 2075
524 525
524 2076
524 2077
524 2078
523 524
523 2079
523 2080
523 2081
522 523
522 2082
522 2083
522 2084
521 522
521 2085
521 2086
521 2087
520 521
520 2088
520 2089
520 2090
519 520
519 2091
519 2092
519 2093
518 519
518 2094
518 2095
518 2096
517 518
517 2097
517 2098
517 2099
516 517
516 2100
516 2101
516 2102
515 516
515 2103
515 2104
515 2105
514 515
514 2106
514 2107
514 2108
513 514
513 2109
513 2110
513 2111
512 513
512 2112
512 2113
512 2114
511 512
511 2115
511 2116
511 560
510 511
510 561
510 562
510 563
509 510
509 564
509 565
509 566
508 509
508 567
508 568
508 569
507 508
507 570
507 571
507 572
506 507
506 573
506 574
506 575
505 506
505 576
505 577
505 578
504 505
504 579
504 580
504 581
503 504
503 582
503 583
503 584
502 503
502 585
502 586
502 587
501 502
501 588
501 589
501 590
500 501
500 591
500 592
500 593
499 500
499 594
499 595
499 596
498 499
498 597
498 598
498 599
497 498
497 600
497 601
497 602
496 497
496 603
496 604
496 605
495 496
495 606
495 607
495 608
494 495
494 609
494 610
494 611
493 494
493 612
493 613
493 614
492 493
492 615
492 616
492 617
491 492
491 618
491 619
491 620
490 491
490 621
490 622
490 623
489 490
489 624
489 625
489 626
488 489
488 627
488 628
488 629
487 488
487 630
487 631
487 632
486 487
486 633
486 634
486 635
485 486
485 636
485 637
485 638
484 485
484 639
484 640
484 641
483 484
483 642
483 643
483 644
482 483
482 645
482 646
482 647
481 482
481 648
481 649
481 650
480 481
480 651
480 652
480 653
479 480
479 654
479 655
479 656
478 479
478 657
478 658
478 659
477 478
477 660
477 661
477 662
476 477
476 663
476 664
476 665
475 476
475 666
475 667
475 668
474 475
474 669
474 670
474 671
473 474
473 672
473 673
473 674
472 473
472 675
472 676
472 677
471 472
471 678
471 679
471 680
470 471
470 681
470 682
470 683
469 470
469 684
469 685
469 686
468 469
468 687
468 688
468 689
467 468
467 690
467 691
467 692
466 467
466 693
466 694
466 695
465 466
465 696
465 697
465 698
464 465
464 699
464 700
464 701
463 464
463 702
463 703
463 704
462 463
462 705
462 706
462 707
461 462
461 708
461 709
461 710
460 461
460 711
460 712
460 713
459 460
459 714
459 715
459 716
458 459
458 717
458 718
458 719
457 458
457 720
457 721
457 722
456 457
456 723
456 724
456 725
455 456
455 726
455 727
455 728
454 455
454 729
454 730
454 731
453 454
453 732
453 733
453 734
452 453
452 735
452 736
452 737
451 452
451 738
451 739
451 740
450 451
450 741
450 742
450 743
449 450
449 744
449 745
449 746
448 449
448 747
448 748
448 749
447 448
447 750
447 751
447 752
446 447
446 753
446 754
446 755
445 446
445 756
445 757
445 758
444 445
444 759
444 760
444 761
443 444
443 762
443 763
443 764
442 443
442 765
442 766
442 767
441 442
441 768
441 769
441 770
440 441
440 771
440 772
440 773
439 440
439 774
439 775
439 776
438 439
438 777
438 778
438 779
437 438
437 780
437 781
437 782
436 437
436 783
436 784
436 785
435 436
435 786
435 787
435 788
434 435
434 789
434 790
434 791
433 434
433 792
433 793
433 794
432 433
432 795
432 796
432 797
431 432
431 798
431 799
431 800
430 431
430 801
430 802
430 803
429 430
429 804
429 805
429 806
428 429
428 807
428 808
428 809
427 428
427 810
427 811
427 812
426 427
426 813
426 814
426 815
425 426
425 816
425 817
425 818
424 425
424 819
424 820
424 821
423 424
423 822
423 823
423 824
422 423
422 825
422 826
422 827
421 422
421 828
421 829
421 830
420 421
420 831
420 832
420 833
419 420
419 834
419 835
419 836
418 419
418 837
418 838
418 839
417 418
417 840
417 841
417 842
416 417
416 843
416 844
416 845
415 416
415 846
415 847
415 848
414 415
414 849
414 850
414 851
413 414
413 852
413 853
413 854
412 413
412 855
412 856
412 857
411 412
411 858
411 859
411 860
410 411
410 861
410 862
410 863
409 410
409 864
409 865
409 866
408 409
408 867
408 868
408 869
407 408
407 870
407 871
407 872
406 407
406 873
406 874
406 875
405 406
405 876
405 877
405 878
404 405
404 879
404 880
404 881
403 404
403 882
403 883
403 884
402 403
402 885
402 886
402 887
401 402
401 888
401 889
401 890
400 401
400 891
400 892
400 893
399 400
399 894
399 895
399 896
398 399
398 897
398 898
398 899
397 398
397 900
397 901
397 902
396 397
396 903
396 904
396 905
395 396
395 906
395 907
395 908
394 395
394 909
394 910
394 911
393 394
393 912
393 913
393 914
392 393
392 915
392 916
392 917
391 392
391 918
391 919
391 920
390 391
390 921
390 922
390 923
389 390
389 924
389 925
389 926
388 389
388 927
388 928
388 929
387 388
387 930
387 931
387 932
386 387
386 933
386 934
386 935
385 386
385 936
385 937
385 938
384 385
384 939
384 940
384 941
383 384
383 942
383 943
383 944
382 383
382 945
382 946
382 947
381 382
381 948
381 949
381 950
380 381
380 951
380 952
380 953
379 380
379 954
379 955
379 956
378 379
378 957
378 958
378 959
377 378
377 960
377 961
377 962
376 377
376 963
376 964
376 965
375 376
375 966
375 967
375 968
374 375
374 969
374 970
374 971
373 374
373 972
373 973
373 974
372 373
372 975
372 976
372 977
371 372
371 978
371 979
371 980
370 371
370 981
370 982
370 983
369 370
369 984
369 985
369 986
368 369
368 987
368 988
368 989
367 368
367 990
367 991
367 992
366 367
366 993
366 994
366 995
365 366
365 996
365 997
365 998
364 365
364 999
364 1000
364 1001
363 364
363 1002
363 1003
363 1004
362 363
362 1005
362 1006
362 1007
361 362
361 1008
361 1009
361 1010
360 361
360 1011
360 1012
360 1013
359 360
359 1014
359 1015
359 1016
358 359
358 1017
358 1018
358 1019
357 358
357 1020
357 1021
357 1022
356 357
356 1023
356 1024
356 1025
355 356
355 1026
355 1027
355 1028
354 355
354 1029
354 1030
354 1031
353 354
353 1032
353 1033
353 1034
352 353
352 1035
352 1036
352 1037
351 352
351 1038
351 1039
351 1040
350 351
350 1041
350 1042
350 1043
349 350
349 1044
349 1045
349 1046
348 349
348 1047
348 1048
348 1049
347 348
347 1050
347 1051
347 1052
346 347
346 1053
346 1054
346 1055
345 346
345 1056
345 1057
345 1058
344 345
344 1059
344 1060
344 1061
343 344
343 1062
343 1063
343 1064
342 343
342 1065
342 1066
342 1067
341 342
341 1068
341 1069
341 1070
340 341
340 1071
340 1072
340 1073
339 340
339 1074
339 1075
339 1076
338 339
338 1077
338 1078
338 1079
337 338
337 1080
337 1081
337 1082
336 337
336 1083
336 1084
336 1085
335 336
335 1086
335 1087
335 1088
334 335
334 1089
334 1090
334 1091
333 334
333 1092
333 1093
333 1094
332 333
332 1095
332 1096
332 1097
331 332
331 1098
331 1099
331 1100
330 331
330 1101
330 1102
330 1103
329 330
329 1104
329 1105
329 1106
328 329
328 1107
328 1108
328 1109
327 328
327 1110
327 1111
327 1112
326 327
326 1113
326 1114
326 1115
325 326
325 1116
325 1117
325 1118
324 325
324 1119
324 1120
324 1121
323 324
323 1122
323 1123
323 1124
322 323
322 1125
322 1126
322 1127
321 322
321 1128
321 1129
321 1130
320 321
320 1131
320 1132
320 1133
319 320
319 1134
319 1135
319 1136
318 319
318 1137
318 1138
318 1139
317 318
317 1140
317 1141
317 1142
316 317
316 1143
316 1144
316 1145
315 316
315 1146
315 1147
315 1148
314 315
314 1149
314 1150
314 1151
313 314
313 1152
313 1153
313 1154
312 313
312 1155
312 1156
312 1157
311 312
311 1158
311 1159
311 1160
310 311
310 1161
310 1162
310 1163
309 310
309 1164
309 1165
309 1166
308 309
308 1167
308 1168
308 1169
307 308
307 1170
307 1171
307 1172
306 307
306 1173
306 1174
306 1175
305 306
305 1176
305 1177
305 1178
304 305
304 1179
304 1180
304 1181
303 304
303 1182
303 1183
303 1184
302 303
302 1185
302 1186
302 1187
301 302
301 1188
301 1189
301 1190
300 301
300 1191
300 1192
300 1193
299 300
299 1194
299 1195
299 1196
298 299
298 1197
298 1198
298 1199
297 298
297 1200
297 1201
297 1202
296 297
296 1203
296 1204
296 1205
295 296
295 1206
295 1207
295 1208
294 295
294 1209
294 1210
294 1211
293 294
293 1212
293 1213
293 1214
292 293
292 1215
292 1216
292 1217
291 292
291 1218
291 1219
291 1220
290 291
290 1221
290 1222
290 1223
289 290
289 1224
289 1225
289 1226
288 289
288 1227
288 1228
288 1229
287 288
287 1230
287 1231
287 1232
286 287
286 1233
286 1234
286 1235
285 286
285 1236
285 1237
285 1238
284 285
284 1239
284 1240
284 1241
283 284
283 1242
283 1243
283 1244
282 283
282 1245
282 1246
282 1247
281 282
281 1248
281 1249
281 1250
280 281
280 1251
280 1252
280 1253
279 280
279 1254
279 1255
279 1256
278 279
278 1257
278 1258
278 1259
277 278
277 1260
277 1261
277 1262
276 277
276 1263
276 1264
276 1265
275 276
275 1266
275 1267
275 1268
274 275
274 1269
274 1270
274 1271
273 274
273 1272
273 1273
273 1274
272 273
272 1275
272 1276
272 1277
271 272
271 1278
271 1279
271 1280
270 271
270 1281
270 1282
270 1283
269 270
269 1284
269 1285
269 1286
268 269
268 1287
268 1288
268 1289
267 268
267 1290
267 1291
267 1292
266 267
266 1293
266 1294
266 1295
265 266
265 1296
265 1297
265 1298
264 265
264 1299
264 1300
264 1301
263 264
263 1302
263 1303
263 1304
262 263
262 1305
262 1306
262 1307
261 262
261 1308
261 1309
261 1310
260 261
260 1311
260 1312
260 1313
259 260
259 1314
259 1315
259 1316
258 259
258 1317
258 1318
258 1319
257 258
257 1320
257 1321
257 1322
256 257
256 1323
256 1324
256 1325
255 256
255 1326
255 1327
255 1328
254 255
254 1329
254 1330
254 1331
253 254
253 1332
253 1333
253 1334
252 253
252 1335
252 1336
252 1337
251 252
251 1338
251 1339
251 1340
250 251
250 1341
250 1342
250 1343
249 250
249 1344
249 1345
249 1346
248 249
248 1347
248 1348
248 1349
247 248
247 1350
247 1351
247 1352
246 247
246 1353
246 1354
246 1355
245 246
245 1356
245 1357
245 1358
244 245
244 1359
244 1360
244 1361
243 244
243 1362
243 1363
243 1364
242 243
242 1365
242 1366
242 1367
241 242
241 1368
241 1369
241 1370
240 241
240 1371
240 1372
240 1373
239 240
239 1374
239 1375
239 1376
238 239
238 1377
238 1378
238 1379
237 238
237 1380
237 1381
237 1382
236 237
236 1383
236 1384
236 1385
235 236
235 1386
235 1387
235 1388
234 235
234 1389
234 1390
234 1391
233 234
233 1392
233 1393
233 1394
232 233
232 1395
232 1396
232 1397
231 232
231 1398
231 1399
231 1400
230 231
230 1401
230 1402
230 1403
229 230
229 1404
229 1405
229 1406
228 229
228 1407
228 1408
228 1409
227 228
227 1410
227 1411
227 1412
226 227
226 1413
226 1414
226 1415
225 226
225 1416
225 1417
225 1418
224 225
224 1419
224 1420
224 1421
223 224
223 1422
223 1423
223 1424
222 223
222 1425
222 1426
222 1427
221 222
221 1428
221 1429
221 1430
220 221
220 1431
220 1432
220 1433
219 220
219 1434
219 1435
219 1436
218 219
218 1437
218 1438
218 1439
217 218
217 1440
217 1441
217 1442
216 217
216 1443
216 1444
216 1445
215 216
215 1446
215 1447
215 1448
214 215
214 1449
214 1450
214 1451
213 214
213 1452
213 1453
213 1454
212 213
212 1455
212 1456
212 1457
211 212
211 1458
211 1459
211 1460
210 211
210 1461
210 1462
210 1463
209 210
209 1464
209 1465
209 1466
208 209
208 1467
208 1468
208 1469
207 208
207 1470
207 1471
207 1472
206 207
206 1473
206 1474
206 1475
205 206
205 1476
205 1477
205 1478
204 205
204 1479
204 1480
204 1481
203 204
203 1482
203 1483
203 1484
202 203
202 1485
202 1486
202 1487
201 202
201 1488
201 1489
201 1490
200 201
200 1491
200 1492
200 1493
199 200
199 1494
199 1495
199 1496
198 199
198 1497
198 1498
198 1499
197 198
197 1500
197 1501
197 1502
196 197
196 1503
196 1504
196 1505
195 196
195 1506
195 1507
195 1508
194 195
194 1509
194 1510
194 1511
193 194
193 1512
193 1513
193 1514
192 193
192 1515
192 1516
192 1517
191 192
191 1518
191 1519
191 1520
190 191
190 1521
190 1522
190 1523
189 190
189 1524
189 1525
189 1526
188 189
188 1527
188 1528
188 1529
187 188
187 1530
187 1531
187 1532
186 187
186 1533
186 1534
186 1535
185 186
185 1536
185 1537
185 1538
184 185
184 1539
184 1540
184 1541
183 184
183 1542
183 1543
183 1544
182 183
182 1545
182 1546
182 1547
181 182
181 1548
181 1549
181 1550
180 181
180 1551
180 1552
180 1553
179 180
179 1554
179 1555
179 1556
178 179
178 1557
178 1558
178 1559
177 178
177 1560
177 1561
177 1562
176 177
176 1563
176 1564
176 1565
175 176
175 1566
175 1567
175 1568
174 175
174 1569
174 1570
174 1571
173 174
173 1572
173 1573
173 1574
172 173
172 1575
172 1576
172 1577
171 172
171 1578
171 1579
171 1580
170 171
170 1581
170 1582
170 1583
169 170
169 1584
169 1585
169 1586
168 169
168 1587
168 1588
168 1589
167 168
167 1590
167 1591
167 1592
166 167
166 1593
166 1594
166 1595
165 166
165 1596
165 1597
165 1598
164 165
164 1599
164 1600
164 1601
163 164
163 1602
163 1603
163 1604
162 163
162 1605
162 1606
162 1607
161 162
161 1608
161 1609
161 1610
160 161
160 1611
160 1612
160 1613
159 160
159 1614
159 1615
159 1616
158 159
158 1617
158 1618
158 1619
157 158
157 1620
157 1621
157 1622
156 157
156 1623
156 1624
156 1625
155 156
155 1626
155 1627
155 1628
154 155
154 1629
154 1630
154 1631
153 154
153 1632
153 1633
153 1634
152 153
152 1635
152 1636
152 1637
151 152
151 1638
151 1639
151 1640
150 151
150 1641
150 1642
150 1643
149 150
149 1644
149 1645
149 1646
148 149
148 1647
148 1648
148 1649
147 148
147 1650
147 1651
147 1652
146 147
146 1653
146 1654
146 1655
145 146
145 1656
145 1657
145 1658
144 145
144 1659
144 1660
144 1661
143 144
143 1662
143 1663
143 1664
142 143
142 1665
142 1666
142 1667
141 142
141 1668
141 1669
141 1670
140 141
140 1671
140 1672
140 1673
139 140
139 1674
139 1675
139 1676
138 139
138 1677
138 1678
138 1679
137 138
137 1680
137 1681
137 1682
136 137
136 1683
136 1684
136 1685
135 136
135 1686
135 1687
135 1688
134 135
134 1689
134 1690
134 1691
133 134
133 1692
133 1693
133 1694
132 133
132 1695
132 1696
132 1697
131 132
131 1698
131 1699
131 1700
130 131
130 1701
130 1702
130 1703
129 130
129 1704
129 1705
129 1706
128 129
128 1707
128 1708
128 1709
127 128
127 1710
127 1711
127 1712
126 127
126 1713
126 1714
126 1715
125 126
125 1716
125 1717
125 1718
124 125
124 1719
124 1720
124 1721
123 124
123 1722
123 1723
123 1724
122 123
122 1725
122 1726
122 1727
121 122
121 1728
121 1729
121 1730
120 121
120 1731
120 1732
120 1733
119 120
119 1734
119 1735
119 1736
118 119
118 1737
118 1738
118 1739
117 118
117 1740
117 1741
117 1742
116 117
116 1743
116 1744
116 1745
115 116
115 1746
115 1747
115 1748
114 115
114 1749
114 1750
114 1751
113 114
113 1752
113 1753
113 1754
112 113
112 1755
112 1756
112 1757
111 112
111 1758
111 1759
111 1760
110 111
110 1761
110 1762
110 1763
109 110
109 1764
109 1765
109 1766
108 109
108 1767
108 1768
108 1769
107 108
107 1770
107 1771
107 1772
106 107
106 1773
106 1774
106 1775
105 106
105 1776
105 1777
105 1778
104 105
104 1779
104 1780
104 1781
103 104
103 1782
103 1783
103 1784
102 103
102 1785
102 1786
102 1787
101 102
101 1788
101 1789
101 1790
100 101
100 1791
100 1792
100 1793
99 100
99 1794
99 1795
99 1796
98 99
98 1797
98 1798
98 1799
97 98
97 1800
97 1801
97 1802
96 97
96 1803
96 1804
96 1805
95 96
95 1806
95 1807
95 1808
94 95
94 1809
94 1810
94 1811
93 94
93 1812
93 1813
93 1814
92 93
92 1815
92 1816
92 1817
91 92
91 1818
91 1819
91 1820
90 91
90 1821
90 1822
90 1823
89 90
89 1824
89 1825
89 1826
88 89
88 1827
88 1828
88 1829
87 88
87 1830
87 1831
87 1832
86 87
86 1833
86 1834
86 1835
85 86
85 1836
85 1837
85 1838
84 85
84 1839
84 1840
84 1841
83 84
83 1842
83 1843
83 1844
82 83
82 1845
82 1846
82 1847
81 82
81 1848
81 1849
81 1850
80 81
80 1851
80 1852
80 1853
79 80
79 1854
79 1855
79 1856
78 79
78 1857
78 1858
78 1859
77 78
77 1860
77 1861
77 1862
76 77
76 1863
76 1864
76 1865
75 76
75 1866
75 1867
75 1868
74 75
74 1869
74 1870
74 1871
73 74
73 1872
73 1873
73 1874
72 73
72 1875
72 1876
72 1877
71 72
71 1878
71 1879
71 1880
70 71
70 1881
70 1882
70 1883
69 70
69 1884
69 1885
69 1886
68 69
68 1887
68 1888
68 1889
67 68
67 1890
67 1891
67 1892
66 67
66 1893
66 1894
66 1895
65 66
65 1896
65 1897
65 1898
64 65
64 1899
64 1900
64 1901
63 64
63 1902
63 1903
63 1904
62 63
62 1905
62 1906
62 1907
61 62
61 1908
61 1909
61 1910
60 61
60 1911
60 1912
60 1913
59 60
59 1914
59 1915
59 1916
58 59
58 1917
58 1918
58 1919
57 58
57 1920
57 1921
57 1922
56 57
56 1923
56 1924
56 1925
55 56
55 1926
55 1927
55 1928
54 55
54 1929
54 1930
54 1931
53 54
53 1932
53 1933
53 1934
52 53
52 1935
52 1936
52 1937
51 52
51 1938
51 1939
51 1940
50 51
50 1941
50 1942
50 1943
49 50
49 1944
49 1945
49 1946
48 49
48 1947
48 1948
48 1949
47 48
47 1950
47 1951
47 1952
46 47
46 1953
46 1954
46 1955
45 46
45 1956
45 1957
45 1958
44 45
44 1959
44 1960
44 1961
43 44
43 1962
43 1963
43 1964
42 43
42 1965
42 1966
42 1967
41 42
41 1968
41 1969
41 1970
40 41
40 1971
40 1972
40 1973
39 40
39 1974
39 1975
39 1976
38 39
38 1977
38 1978
38 1979
37 38
37 1980
37 1981
37 1982
36 37
36 1983
36 1984
36 1985
35 36
35 1986
35 1987
35 1988
34 35
34 1989
34 1990
34 1991
33 34
33 1992
33 1993
33 1994
32 33
32 1995
32 1996
32 1997
31 32
31 1998
31 1999
31 2000
30 31
30 2001
30 2002
30 2003
29 30
29 2004
29 2005
29 2006
28 29
28 2007
28 2008
28 2009
27 28
27 2010
27 2011
27 2012
26 27
26 2013
26 2014
26 2015
25 26
25 2016
25 2017
25 2018
24 25
24 2019
24 2020
24 2021
23 24
23 2022
23 2023
23 2024
22 23
22 2025
22 2026
22 2027
21 22
21 2028
21 2029
21 2030
20 21
20 2031
20 2032
20 2033
19 20
19 2034
19 2035
19 2036
18 19
18 2037
18 2038
18 2039
17 18
17 2040
17 2041
17 2042
16 17
16 2043
16 2044
16 2045
15 16
15 2046
15 2047
15 2048
14 15
14 2049
14 2050
14 2051
13 14
13 2052
13 2053
13 2054
12 13
12 2055
12 2056
12 2057
11 12
11 2058
11 2059
11 2060
10 11
10 2061
10 2062
10 2063
9 10
9 2064
9 2065
9 2066
8 9
8 2067
8 2068
8 2069
7 8
7 2070
7 2071
7 2072
6 7
6 2073
6 2074
6 2075
5 6
5 2076
5 2077
5 2078
4 5
4 2079
4 2080
4 2081
3 4
3 2082
3 2083
3 2084
2 3
2 2085
2 2086
2 2087
1 2
1 2235
