2385 23421354
596 1
596 2088
596 2089
596 2090
595 596
595 2091
595 2092
595 2093
594 595
594 2094
594 2095
594 2096
593 594
593 2097
593 2098
593 2099
592 593
592 2100
592 2101
592 2102
591 592
591 2103
591 2104
591 2105
590 591
590 2106
590 2107
590 2108
589 590
589 2109
589 2110
589 2111
588 589
588 2112
588 2113
588 2114
587 588
587 2115
587 2116
587 2117
586 587
586 2118
586 2119
586 2120
585 586
585 2121
585 2122
585 2123
584 585
584 2124
584 2125
584 2126
583 584
583 2127
583 2128
583 2129
582 583
582 2130
582 2131
582 2132
581 582
581 2133
581 2134
581 2135
580 581
580 2136
580 2137
580 2138
579 580
579 2139
579 2140
579 2141
578 579
578 2142
578 2143
578 2144
577 578
577 2145
577 2146
577 2147
576 577
576 2148
576 2149
576 2150
575 576
575 2151
575 2152
575 2153
574 575
574 2154
574 2155
574 2156
573 574
573 2157
573 2158
573 2159
572 573
572 2160
572 2161
572 2162
571 572
571 2163
571 2164
571 2165
570 571
570 2166
570 2167
570 2168
569 570
569 2169
569 2170
569 2171
568 569
568 2172
568 2173
568 2174
567 568
567 2175
567 2176
567 2177
566 567
566 2178
566 2179
566 2180
565 566
565 2181
565 2182
565 2183
564 565
564 2184
564 2185
564 2186
563 564
563 2187
563 2188
563 2189
562 563
562 2190
562 2191
562 2192
561 562
561 2193
561 2194
561 2195
560 561
560 2196
560 2197
560 2198
559 560
559 2199
559 2200
559 2201
558 559
558 2202
558 2203
558 2204
557 558
557 2205
557 2206
557 2207
556 557
556 2208
556 2209
556 2210
555 556
555 2211
555 2212
555 2213
554 555
554 2214
554 2215
554 2216
553 554
553 2217
553 2218
553 2219
552 553
552 2220
552 2221
552 2222
551 552
551 2223
551 2224
551 2225
550 551
550 2226
550 2227
550 2228
549 550
549 2229
549 2230
549 2231
548 549
548 2232
548 2233
548 2234
547 548
547 2235
547 597
547 598
546 547
546 599
546 600
546 601
545 546
545 602
545 603
545 604
544 545
544 605
544 606
544 607
543 544
543 608
543 609
543 610
542 543
542 611
542 612
542 613
541 542
541 614
541 615
541 616
540 541
540 617
540 618
540 619
539 540
539 620
539 621
539 622
538 539
538 623
538 624
538 625
537 538
537 626
537 627
537 628
536 537
536 629
536 630
536 631
535 536
535 632
535 633
535 634
534 535
534 635
534 636
534 637
533 534
533 638
533 639
533 640
532 533
532 641
532 642
532 643
531 532
531 644
531 645
531 646
530 531
530 647
530 648
530 649
529 530
529 650
529 651
529 652
528 529
528 653
528 654
528 655
527 528
527 656
527 657
527 658
526 527
526 659
526 660
526 661
525 526
525 662
525 663
525 664
524 525
524 665
524 666
524 667
523 524
523 668
523 669
523 670
522 523
522 671
522 672
522 673
521 522
521 674
521 675
521 676
520 521
520 677
520 678
520 679
519 520
519 680
519 681
519 682
518 519
518 683
518 684
518 685
517 518
517 686
517 687
517 688
516 517
516 689
516 690
516 691
515 516
515 692
515 693
515 694
514 515
514 695
514 696
514 697
513 514
513 698
513 699
513 700
512 513
512 701
512 702
512 703
511 512
511 704
511 705
511 706
510 511
510 707
510 708
510 709
509 510
509 710
509 711
509 712
508 509
508 713
508 714
508 715
507 508
507 716
507 717
507 718
506 507
506 719
506 720
506 721
505 506
505 722
505 723
505 724
504 505
504 725
504 726
504 727
503 504
503 728
503 729
503 730
502 503
502 731
502 732
502 733
501 502
501 734
501 735
501 736
500 501
500 737
500 738
500 739
499 500
499 740
499 741
499 742
498 499
498 743
498 744
498 745
497 498
497 746
497 747
497 748
496 497
496 749
496 750
496 751
495 496
495 752
495 753
495 754
494 495
494 755
494 756
494 757
493 494
493 758
493 759
493 760
492 493
492 761
492 762
492 763
491 492
491 764
491 765
491 766
490 491
490 767
490 768
490 769
489 490
489 770
489 771
489 772
488 489
488 773
488 774
488 775
487 488
487 776
487 777
487 778
486 487
486 779
486 780
486 781
485 486
485 782
485 783
485 784
484 485
484 785
484 786
484 787
483 484
483 788
483 789
483 790
482 483
482 791
482 792
482 793
481 482
481 794
481 795
481 796
480 481
480 797
480 798
480 799
479 480
479 800
479 801
479 802
478 479
478 803
478 804
478 805
477 478
477 806
477 807
477 808
476 477
476 809
476 810
476 811
475 476
475 812
475 813
475 814
474 475
474 815
474 816
474 817
473 474
473 818
473 819
473 820
472 473
472 821
472 822
472 823
471 472
471 824
471 825
471 826
470 471
470 827
470 828
470 829
469 470
469 830
469 831
469 832
468 469
468 833
468 834
468 835
467 468
467 836
467 837
467 838
466 467
466 839
466 840
466 841
465 466
465 842
465 843
465 844
464 465
464 845
464 846
464 847
463 464
463 848
463 849
463 850
462 463
462 851
462 852
462 853
461 462
461 854
461 855
461 856
460 461
460 857
460 858
460 859
459 460
459 860
459 861
459 862
458 459
458 863
458 864
458 865
457 458
457 866
457 867
457 868
456 457
456 869
456 870
456 871
455 456
455 872
455 873
455 874
454 455
454 875
454 876
454 877
453 454
453 878
453 879
453 880
452 453
452 881
452 882
452 883
451 452
451 884
451 885
451 886
450 451
450 887
450 888
450 889
449 450
449 890
449 891
449 892
448 449
448 893
448 894
448 895
447 448
447 896
447 897
447 898
446 447
446 899
446 900
446 901
445 446
445 902
445 903
445 904
444 445
444 905
444 906
444 907
443 444
443 908
443 909
443 910
442 443
442 911
442 912
442 913
441 442
441 914
441 915
441 916
440 441
440 917
440 918
440 919
439 440
439 920
439 921
439 922
438 439
438 923
438 924
438 925
437 438
437 926
437 927
437 928
436 437
436 929
436 930
436 931
435 436
435 932
435 933
435 934
434 435
434 935
434 936
434 937
433 434
433 938
433 939
433 940
432 433
432 941
432 942
432 943
431 432
431 944
431 945
431 946
430 431
430 947
430 948
430 949
429 430
429 950
429 951
429 952
428 429
428 953
428 954
428 955
427 428
427 956
427 957
427 958
426 427
426 959
426 960
426 961
425 426
425 962
425 963
425 964
424 425
424 965
424 966
424 967
423 424
423 968
423 969
423 970
422 423
422 971
422 972
422 973
421 422
421 974
421 975
421 976
420 421
420 977
420 978
420 979
419 420
419 980
419 981
419 982
418 419
418 983
418 984
418 985
417 418
417 986
417 987
417 988
416 417
416 989
416 990
416 991
415 416
415 992
415 993
415 994
414 415
414 995
414 996
414 997
413 414
413 998
413 999
413 1000
412 413
412 1001
412 1002
412 1003
411 412
411 1004
411 1005
411 1006
410 411
410 1007
410 1008
410 1009
409 410
409 1010
409 1011
409 1012
408 409
408 1013
408 1014
408 1015
407 408
407 1016
407 1017
407 1018
406 407
406 1019
406 1020
406 1021
405 406
405 1022
405 1023
405 1024
404 405
404 1025
404 1026
404 1027
403 404
403 1028
403 1029
403 1030
402 403
402 1031
402 1032
402 1033
401 402
401 1034
401 1035
401 1036
400 401
400 1037
400 1038
400 1039
399 400
399 1040
399 1041
399 1042
398 399
398 1043
398 1044
398 1045
397 398
397 1046
397 1047
397 1048
396 397
396 1049
396 1050
396 1051
395 396
395 1052
395 1053
395 1054
394 395
394 1055
394 1056
394 1057
393 394
393 1058
393 1059
393 1060
392 393
392 1061
392 1062
392 1063
391 392
391 1064
391 1065
391 1066
390 391
390 1067
390 1068
390 1069
389 390
389 1070
389 1071
389 1072
388 389
388 1073
388 1074
388 1075
387 388
387 1076
387 1077
387 1078
386 387
386 1079
386 1080
386 1081
385 386
385 1082
385 1083
385 1084
384 385
384 1085
384 1086
384 1087
383 384
383 1088
383 1089
383 1090
382 383
382 1091
382 1092
382 1093
381 382
381 1094
381 1095
381 1096
380 381
380 1097
380 1098
380 1099
379 380
379 1100
379 1101
379 1102
378 379
378 1103
378 1104
378 1105
377 378
377 1106
377 1107
377 1108
376 377
376 1109
376 1110
376 1111
375 376
375 1112
375 1113
375 1114
374 375
374 1115
374 1116
374 1117
373 374
373 1118
373 1119
373 1120
372 373
372 1121
372 1122
372 1123
371 372
371 1124
371 1125
371 1126
370 371
370 1127
370 1128
370 1129
369 370
369 1130
369 1131
369 1132
368 369
368 1133
368 1134
368 1135
367 368
367 1136
367 1137
367 1138
366 367
366 1139
366 1140
366 1141
365 366
365 1142
365 1143
365 1144
364 365
364 1145
364 1146
364 1147
363 364
363 1148
363 1149
363 1150
362 363
362 1151
362 1152
362 1153
361 362
361 1154
361 1155
361 1156
360 361
360 1157
360 1158
360 1159
359 360
359 1160
359 1161
359 1162
358 359
358 1163
358 1164
358 1165
357 358
357 1166
357 1167
357 1168
356 357
356 1169
356 1170
356 1171
355 356
355 1172
355 1173
355 1174
354 355
354 1175
354 1176
354 1177
353 354
353 1178
353 1179
353 1180
352 353
352 1181
352 1182
352 1183
351 352
351 1184
351 1185
351 1186
350 351
350 1187
350 1188
350 1189
349 350
349 1190
349 1191
349 1192
348 349
348 1193
348 1194
348 1195
347 348
347 1196
347 1197
347 1198
346 347
346 1199
346 1200
346 1201
345 346
345 1202
345 1203
345 1204
344 345
344 1205
344 1206
344 1207
343 344
343 1208
343 1209
343 1210
342 343
342 1211
342 1212
342 1213
341 342
341 1214
341 1215
341 1216
340 341
340 1217
340 1218
340 1219
339 340
339 1220
339 1221
339 1222
338 339
338 1223
338 1224
338 1225
337 338
337 1226
337 1227
337 1228
336 337
336 1229
336 1230
336 1231
335 336
335 1232
335 1233
335 1234
334 335
334 1235
334 1236
334 1237
333 334
333 1238
333 1239
333 1240
332 333
332 1241
332 1242
332 1243
331 332
331 1244
331 1245
331 1246
330 331
330 1247
330 1248
330 1249
329 330
329 1250
329 1251
329 1252
328 329
328 1253
328 1254
328 1255
327 328
327 1256
327 1257
327 1258
326 327
326 1259
326 1260
326 1261
325 326
325 1262
325 1263
325 1264
324 325
324 1265
324 1266
324 1267
323 324
323 1268
323 1269
323 1270
322 323
322 1271
322 1272
322 1273
321 322
321 1274
321 1275
321 1276
320 321
320 1277
320 1278
320 1279
319 320
319 1280
319 1281
319 1282
318 319
318 1283
318 1284
318 1285
317 318
317 1286
317 1287
317 1288
316 317
316 1289
316 1290
316 1291
315 316
315 1292
315 1293
315 1294
314 315
314 1295
314 1296
314 1297
313 314
313 1298
313 1299
313 1300
312 313
312 1301
312 1302
312 1303
311 312
311 1304
311 1305
311 1306
310 311
310 1307
310 1308
310 1309
309 310
309 1310
309 1311
309 1312
308 309
308 1313
308 1314
308 1315
307 308
307 1316
307 1317
307 1318
306 307
306 1319
306 1320
306 1321
305 306
305 1322
305 1323
305 1324
304 305
304 1325
304 1326
304 1327
303 304
303 1328
303 1329
303 1330
302 303
302 1331
302 1332
302 1333
301 302
301 1334
301 1335
301 1336
300 301
300 1337
300 1338
300 1339
299 300
299 1340
299 1341
299 1342
298 299
298 1343
298 1344
298 1345
297 298
297 1346
297 1347
297 1348
296 297
296 1349
296 1350
296 1351
295 296
295 1352
295 1353
295 1354
294 295
294 1355
294 1356
294 1357
293 294
293 1358
293 1359
293 1360
292 293
292 1361
292 1362
292 1363
291 292
291 1364
291 1365
291 1366
290 291
290 1367
290 1368
290 1369
289 290
289 1370
289 1371
289 1372
288 289
288 1373
288 1374
288 1375
287 288
287 1376
287 1377
287 1378
286 287
286 1379
286 1380
286 1381
285 286
285 1382
285 1383
285 1384
284 285
284 1385
284 1386
284 1387
283 284
283 1388
283 1389
283 1390
282 283
282 1391
282 1392
282 1393
281 282
281 1394
281 1395
281 1396
280 281
280 1397
280 1398
280 1399
279 280
279 1400
279 1401
279 1402
278 279
278 1403
278 1404
278 1405
277 278
277 1406
277 1407
277 1408
276 277
276 1409
276 1410
276 1411
275 276
275 1412
275 1413
275 1414
274 275
274 1415
274 1416
274 1417
273 274
273 1418
273 1419
273 1420
272 273
272 1421
272 1422
272 1423
271 272
271 1424
271 1425
271 1426
270 271
270 1427
270 1428
270 1429
269 270
269 1430
269 1431
269 1432
268 269
268 1433
268 1434
268 1435
267 268
267 1436
267 1437
267 1438
266 267
266 1439
266 1440
266 1441
265 266
265 1442
265 1443
265 1444
264 265
264 1445
264 1446
264 1447
263 264
263 1448
263 1449
263 1450
262 263
262 1451
262 1452
262 1453
261 262
261 1454
261 1455
261 1456
260 261
260 1457
260 1458
260 1459
259 260
259 1460
259 1461
259 1462
258 259
258 1463
258 1464
258 1465
257 258
257 1466
257 1467
257 1468
256 257
256 1469
256 1470
256 1471
255 256
255 1472
255 1473
255 1474
254 255
254 1475
254 1476
254 1477
253 254
253 1478
253 1479
253 1480
252 253
252 1481
252 1482
252 1483
251 252
251 1484
251 1485
251 1486
250 251
250 1487
250 1488
250 1489
249 250
249 1490
249 1491
249 1492
248 249
248 1493
248 1494
248 1495
247 248
247 1496
247 1497
247 1498
246 247
246 1499
246 1500
246 1501
245 246
245 1502
245 1503
245 1504
244 245
244 1505
244 1506
244 1507
243 244
243 1508
243 1509
243 1510
242 243
242 1511
242 1512
242 1513
241 242
241 1514
241 1515
241 1516
240 241
240 1517
240 1518
240 1519
239 240
239 1520
239 1521
239 1522
238 239
238 1523
238 1524
238 1525
237 238
237 1526
237 1527
237 1528
236 237
236 1529
236 1530
236 1531
235 236
235 1532
235 1533
235 1534
234 235
234 1535
234 1536
234 1537
233 234
233 1538
233 1539
233 1540
232 233
232 1541
232 1542
232 1543
231 232
231 1544
231 1545
231 1546
230 231
230 1547
230 1548
230 1549
229 230
229 1550
229 1551
229 1552
228 229
228 1553
228 1554
228 1555
227 228
227 1556
227 1557
227 1558
226 227
226 1559
226 1560
226 1561
225 226
225 1562
225 1563
225 1564
224 225
224 1565
224 1566
224 1567
223 224
223 1568
223 1569
223 1570
222 223
222 1571
222 1572
222 1573
221 222
221 1574
221 1575
221 1576
220 221
220 1577
220 1578
220 1579
219 220
219 1580
219 1581
219 1582
218 219
218 1583
218 1584
218 1585
217 218
217 1586
217 1587
217 1588
216 217
216 1589
216 1590
216 1591
215 216
215 1592
215 1593
215 1594
214 215
214 1595
214 1596
214 1597
213 214
213 1598
213 1599
213 1600
212 213
212 1601
212 1602
212 1603
211 212
211 1604
211 1605
211 1606
210 211
210 1607
210 1608
210 1609
209 210
209 1610
209 1611
209 1612
208 209
208 1613
208 1614
208 1615
207 208
207 1616
207 1617
207 1618
206 207
206 1619
206 1620
206 1621
205 206
205 1622
205 1623
205 1624
204 205
204 1625
204 1626
204 1627
203 204
203 1628
203 1629
203 1630
202 203
202 1631
202 1632
202 1633
201 202
201 1634
201 1635
201 1636
200 201
200 1637
200 1638
200 1639
199 200
199 1640
199 1641
199 1642
198 199
198 1643
198 1644
198 1645
197 198
197 1646
197 1647
197 1648
196 197
196 1649
196 1650
196 1651
195 196
195 1652
195 1653
195 1654
194 195
194 1655
194 1656
194 1657
193 194
193 1658
193 1659
193 1660
192 193
192 1661
192 1662
192 1663
191 192
191 1664
191 1665
191 1666
190 191
190 1667
190 1668
190 1669
189 190
189 1670
189 1671
189 1672
188 189
188 1673
188 1674
188 1675
187 188
187 1676
187 1677
187 1678
186 187
186 1679
186 1680
186 1681
185 186
185 1682
185 1683
185 1684
184 185
184 1685
184 1686
184 1687
183 184
183 1688
183 1689
183 1690
182 183
182 1691
182 1692
182 1693
181 182
181 1694
181 1695
181 1696
180 181
180 1697
180 1698
180 1699
179 180
179 1700
179 1701
179 1702
178 179
178 1703
178 1704
178 1705
177 178
177 1706
177 1707
177 1708
176 177
176 1709
176 1710
176 1711
175 176
175 1712
175 1713
175 1714
174 175
174 1715
174 1716
174 1717
173 174
173 1718
173 1719
173 1720
172 173
172 1721
172 1722
172 1723
171 172
171 1724
171 1725
171 1726
170 171
170 1727
170 1728
170 1729
169 170
169 1730
169 1731
169 1732
168 169
168 1733
168 1734
168 1735
167 168
167 1736
167 1737
167 1738
166 167
166 1739
166 1740
166 1741
165 166
165 1742
165 1743
165 1744
164 165
164 1745
164 1746
164 1747
163 164
163 1748
163 1749
163 1750
162 163
162 1751
162 1752
162 1753
161 162
161 1754
161 1755
161 1756
160 161
160 1757
160 1758
160 1759
159 160
159 1760
159 1761
159 1762
158 159
158 1763
158 1764
158 1765
157 158
157 1766
157 1767
157 1768
156 157
156 1769
156 1770
156 1771
155 156
155 1772
155 1773
155 1774
154 155
154 1775
154 1776
154 1777
153 154
153 1778
153 1779
153 1780
152 153
152 1781
152 1782
152 1783
151 152
151 1784
151 1785
151 1786
150 151
150 1787
150 1788
150 1789
149 150
149 1790
149 1791
149 1792
148 149
148 1793
148 1794
148 1795
147 148
147 1796
147 1797
147 1798
146 147
146 1799
146 1800
146 1801
145 146
145 1802
145 1803
145 1804
144 145
144 1805
144 1806
144 1807
143 144
143 1808
143 1809
143 1810
142 143
142 1811
142 1812
142 1813
141 142
141 1814
141 1815
141 1816
140 141
140 1817
140 1818
140 1819
139 140
139 1820
139 1821
139 1822
138 139
138 1823
138 1824
138 1825
137 138
137 1826
137 1827
137 1828
136 137
136 1829
136 1830
136 1831
135 136
135 1832
135 1833
135 1834
134 135
134 1835
134 1836
134 1837
133 134
133 1838
133 1839
133 1840
132 133
132 1841
132 1842
132 1843
131 132
131 1844
131 1845
131 1846
130 131
130 1847
130 1848
130 1849
129 130
129 1850
129 1851
129 1852
128 129
128 1853
128 1854
128 1855
127 128
127 1856
127 1857
127 1858
126 127
126 1859
126 1860
126 1861
125 126
125 1862
125 1863
125 1864
124 125
124 1865
124 1866
124 1867
123 124
123 1868
123 1869
123 1870
122 123
122 1871
122 1872
122 1873
121 122
121 1874
121 1875
121 1876
120 121
120 1877
120 1878
120 1879
119 120
119 1880
119 1881
119 1882
118 119
118 1883
118 1884
118 1885
117 118
117 1886
117 1887
117 1888
116 117
116 1889
116 1890
116 1891
115 116
115 1892
115 1893
115 1894
114 115
114 1895
114 1896
114 1897
113 114
113 1898
113 1899
113 1900
112 113
112 1901
112 1902
112 1903
111 112
111 1904
111 1905
111 1906
110 111
110 1907
110 1908
110 1909
109 110
109 1910
109 1911
109 1912
108 109
108 1913
108 1914
108 1915
107 108
107 1916
107 1917
107 1918
106 107
106 1919
106 1920
106 1921
105 106
105 1922
105 1923
105 1924
104 105
104 1925
104 1926
104 1927
103 104
103 1928
103 1929
103 1930
102 103
102 1931
102 1932
102 1933
101 102
101 1934
101 1935
101 1936
100 101
100 1937
100 1938
100 1939
99 100
99 1940
99 1941
99 1942
98 99
98 1943
98 1944
98 1945
97 98
97 1946
97 1947
97 1948
96 97
96 1949
96 1950
96 1951
95 96
95 1952
95 1953
95 1954
94 95
94 1955
94 1956
94 1957
93 94
93 1958
93 1959
93 1960
92 93
92 1961
92 1962
92 1963
91 92
91 1964
91 1965
91 1966
90 91
90 1967
90 1968
90 1969
89 90
89 1970
89 1971
89 1972
88 89
88 1973
88 1974
88 1975
87 88
87 1976
87 1977
87 1978
86 87
86 1979
86 1980
86 1981
85 86
85 1982
85 1983
85 1984
84 85
84 1985
84 1986
84 1987
83 84
83 1988
83 1989
83 1990
82 83
82 1991
82 1992
82 1993
81 82
81 1994
81 1995
81 1996
80 81
80 1997
80 1998
80 1999
79 80
79 2000
79 2001
79 2002
78 79
78 2003
78 2004
78 2005
77 78
77 2006
77 2007
77 2008
76 77
76 2009
76 2010
76 2011
75 76
75 2012
75 2013
75 2014
74 75
74 2015
74 2016
74 2017
73 74
73 2018
73 2019
73 2020
72 73
72 2021
72 2022
72 2023
71 72
71 2024
71 2025
71 2026
70 71
70 2027
70 2028
70 2029
69 70
69 2030
69 2031
69 2032
68 69
68 2033
68 2034
68 2035
67 68
67 2036
67 2037
67 2038
66 67
66 2039
66 2040
66 2041
65 66
65 2042
65 2043
65 2044
64 65
64 2045
64 2046
64 2047
63 64
63 2048
63 2049
63 2050
62 63
62 2051
62 2052
62 2053
61 62
61 2054
61 2055
61 2056
60 61
60 2057
60 2058
60 2059
59 60
59 2060
59 2061
59 2062
58 59
58 2063
58 2064
58 2065
57 58
57 2066
57 2067
57 2068
56 57
56 2069
56 2070
56 2071
55 56
55 2072
55 2073
55 2074
54 55
54 2075
54 2076
54 2077
53 54
53 2078
53 2079
53 2080
52 53
52 2081
52 2082
52 2083
51 52
51 2084
51 2085
51 2086
50 51
50 2087
50 2088
50 2089
49 50
49 2090
49 2091
49 2092
48 49
48 2093
48 2094
48 2095
47 48
47 2096
47 2097
47 2098
46 47
46 2099
46 2100
46 2101
45 46
45 2102
45 2103
45 2104
44 45
44 2105
44 2106
44 2107
43 44
43 2108
43 2109
43 2110
42 43
42 2111
42 2112
42 2113
41 42
41 2114
41 2115
41 2116
40 41
40 2117
40 2118
40 2119
39 40
39 2120
39 2121
39 2122
38 39
38 2123
38 2124
38 2125
37 38
37 2126
37 2127
37 2128
36 37
36 2129
36 2130
36 2131
35 36
35 2132
35 2133
35 2134
34 35
34 2135
34 2136
34 2137
33 34
33 2138
33 2139
33 2140
32 33
32 2141
32 2142
32 2143
31 32
31 2144
31 2145
31 2146
30 31
30 2147
30 2148
30 2149
29 30
29 2150
29 2151
29 2152
28 29
28 2153
28 2154
28 2155
27 28
27 2156
27 2157
27 2158
26 27
26 2159
26 2160
26 2161
25 26
25 2162
25 2163
25 2164
24 25
24 2165
24 2166
24 2167
23 24
23 2168
23 2169
23 2170
22 23
22 2171
22 2172
22 2173
21 22
21 2174
21 2175
21 2176
20 21
20 2177
20 2178
20 2179
19 20
19 2180
19 2181
19 2182
18 19
18 2183
18 2184
18 2185
17 18
17 2186
17 2187
17 2188
16 17
16 2189
16 2190
16 2191
15 16
15 2192
15 2193
15 2194
14 15
14 2195
14 2196
14 2197
13 14
13 2198
13 2199
13 2200
12 13
12 2201
12 2202
12 2203
11 12
11 2204
11 2205
11 2206
10 11
10 2207
10 2208
10 2209
9 10
9 2210
9 2211
9 2212
8 9
8 2213
8 2214
8 2215
7 8
7 2216
7 2217
7 2218
6 7
6 2219
6 2220
6 2221
5 6
5 2222
5 2223
5 2224
4 5
4 2225
4 2226
4 2227
3 4
3 2228
3 2229
3 2230
2 3
2 2231
2 2232
2 2233
1 2
1 2234
1 2235
1 2236
1 2386
