2255 32619088
564 1
564 2237
564 2238
564 2239
563 564
563 2240
563 2241
563 2242
562 563
562 2243
562 2244
562 2245
561 562
561 2246
561 2247
561 2248
560 561
560 2249
560 2250
560 2251
559 560
559 2252
559 2253
559 2254
558 559
558 2255
558 2256
558 2257
557 558
557 2258
557 2259
557 2260
556 557
556 2261
556 2262
556 2263
555 556
555 2264
555 2265
555 2266
554 555
554 2267
554 2268
554 2269
553 554
553 2270
553 2271
553 2272
552 553
552 2273
552 2274
552 2275
551 552
551 2276
551 2277
551 2278
550 551
550 2279
550 2280
550 2281
549 550
549 2282
549 2283
549 2284
548 549
548 2285
548 2286
548 2287
547 548
547 2288
547 2289
547 2290
546 547
546 2291
546 2292
546 2293
545 546
545 2294
545 2295
545 2296
544 545
544 2297
544 2298
544 2299
543 544
543 2300
543 2301
543 2302
542 543
542 2303
542 2304
542 2305
541 542
541 2306
541 2307
541 2308
540 541
540 2309
540 2310
540 2311
539 540
539 2312
539 2313
539 2314
538 539
538 2315
538 2316
538 2317
537 538
537 2318
537 2319
537 2320
536 537
536 2321
536 2322
536 2323
535 536
535 2324
535 2325
535 2326
534 535
534 2327
534 2328
534 2329
533 534
533 2330
533 2331
533 2332
532 533
532 2333
532 2334
532 2335
531 532
531 2336
531 2337
531 2338
530 531
530 2339
530 2340
530 2341
529 530
529 2342
529 2343
529 2344
528 529
528 2345
528 2346
528 2347
527 528
527 2348
527 2349
527 2350
526 527
526 2351
526 2352
526 2353
525 526
525 2354
525 2355
525 2356
524 525
524 2357
524 2358
524 2359
523 524
523 2360
523 2361
523 2362
522 523
522 2363
522 2364
522 2365
521 522
521 2366
521 2367
521 2368
520 521
520 2369
520 2370
520 2371
519 520
519 2372
519 2373
519 2374
518 519
518 2375
518 2376
518 2377
517 518
517 2378
517 2379
517 2380
516 517
516 2381
516 2382
516 2383
515 516
515 2384
515 2385
515 2386
514 515
514 565
514 566
514 567
513 514
513 568
513 569
513 570
512 513
512 571
512 572
512 573
511 512
511 574
511 575
511 576
510 511
510 577
510 578
510 579
509 510
509 580
509 581
509 582
508 509
508 583
508 584
508 585
507 508
507 586
507 587
507 588
506 507
506 589
506 590
506 591
505 506
505 592
505 593
505 594
504 505
504 595
504 596
504 597
503 504
503 598
503 599
503 600
502 503
502 601
502 602
502 603
501 502
501 604
501 605
501 606
500 501
500 607
500 608
500 609
499 500
499 610
499 611
499 612
498 499
498 613
498 614
498 615
497 498
497 616
497 617
497 618
496 497
496 619
496 620
496 621
495 496
495 622
495 623
495 624
494 495
494 625
494 626
494 627
493 494
493 628
493 629
493 630
492 493
492 631
492 632
492 633
491 492
491 634
491 635
491 636
490 491
490 637
490 638
490 639
489 490
489 640
489 641
489 642
488 489
488 643
488 644
488 645
487 488
487 646
487 647
487 648
486 487
486 649
486 650
486 651
485 486
485 652
485 653
485 654
484 485
484 655
484 656
484 657
483 484
483 658
483 659
483 660
482 483
482 661
482 662
482 663
481 482
481 664
481 665
481 666
480 481
480 667
480 668
480 669
479 480
479 670
479 671
479 672
478 479
478 673
478 674
478 675
477 478
477 676
477 677
477 678
476 477
476 679
476 680
476 681
475 476
475 682
475 683
475 684
474 475
474 685
474 686
474 687
473 474
473 688
473 689
473 690
472 473
472 691
472 692
472 693
471 472
471 694
471 695
471 696
470 471
470 697
470 698
470 699
469 470
469 700
469 701
469 702
468 469
468 703
468 704
468 705
467 468
467 706
467 707
467 708
466 467
466 709
466 710
466 711
465 466
465 712
465 713
465 714
464 465
464 715
464 716
464 717
463 464
463 718
463 719
463 720
462 463
462 721
462 722
462 723
461 462
461 724
461 725
461 726
460 461
460 727
460 728
460 729
459 460
459 730
459 731
459 732
458 459
458 733
458 734
458 735
457 458
457 736
457 737
457 738
456 457
456 739
456 740
456 741
455 456
455 742
455 743
455 744
454 455
454 745
454 746
454 747
453 454
453 748
453 749
453 750
452 453
452 751
452 752
452 753
451 452
451 754
451 755
451 756
450 451
450 757
450 758
450 759
449 450
449 760
449 761
449 762
448 449
448 763
448 764
448 765
447 448
447 766
447 767
447 768
446 447
446 769
446 770
446 771
445 446
445 772
445 773
445 774
444 445
444 775
444 776
444 777
443 444
443 778
443 779
443 780
442 443
442 781
442 782
442 783
441 442
441 784
441 785
441 786
440 441
440 787
440 788
440 789
439 440
439 790
439 791
439 792
438 439
438 793
438 794
438 795
437 438
437 796
437 797
437 798
436 437
436 799
436 800
436 801
435 436
435 802
435 803
435 804
434 435
434 805
434 806
434 807
433 434
433 808
433 809
433 810
432 433
432 811
432 812
432 813
431 432
431 814
431 815
431 816
430 431
430 817
430 818
430 819
429 430
429 820
429 821
429 822
428 429
428 823
428 824
428 825
427 428
427 826
427 827
427 828
426 427
426 829
426 830
426 831
425 426
425 832
425 833
425 834
424 425
424 835
424 836
424 837
423 424
423 838
423 839
423 840
422 423
422 841
422 842
422 843
421 422
421 844
421 845
421 846
420 421
420 847
420 848
420 849
419 420
419 850
419 851
419 852
418 419
418 853
418 854
418 855
417 418
417 856
417 857
417 858
416 417
416 859
416 860
416 861
415 416
415 862
415 863
415 864
414 415
414 865
414 866
414 867
413 414
413 868
413 869
413 870
412 413
412 871
412 872
412 873
411 412
411 874
411 875
411 876
410 411
410 877
410 878
410 879
409 410
409 880
409 881
409 882
408 409
408 883
408 884
408 885
407 408
407 886
407 887
407 888
406 407
406 889
406 890
406 891
405 406
405 892
405 893
405 894
404 405
404 895
404 896
404 897
403 404
403 898
403 899
403 900
402 403
402 901
402 902
402 903
401 402
401 904
401 905
401 906
400 401
400 907
400 908
400 909
399 400
399 910
399 911
399 912
398 399
398 913
398 914
398 915
397 398
397 916
397 917
397 918
396 397
396 919
396 920
396 921
395 396
395 922
395 923
395 924
394 395
394 925
394 926
394 927
393 394
393 928
393 929
393 930
392 393
392 931
392 932
392 933
391 392
391 934
391 935
391 936
390 391
390 937
390 938
390 939
389 390
389 940
389 941
389 942
388 389
388 943
388 944
388 945
387 388
387 946
387 947
387 948
386 387
386 949
386 950
386 951
385 386
385 952
385 953
385 954
384 385
384 955
384 956
384 957
383 384
383 958
383 959
383 960
382 383
382 961
382 962
382 963
381 382
381 964
381 965
381 966
380 381
380 967
380 968
380 969
379 380
379 970
379 971
379 972
378 379
378 973
378 974
378 975
377 378
377 976
377 977
377 978
376 377
376 979
376 980
376 981
375 376
375 982
375 983
375 984
374 375
374 985
374 986
374 987
373 374
373 988
373 989
373 990
372 373
372 991
372 992
372 993
371 372
371 994
371 995
371 996
370 371
370 997
370 998
370 999
369 370
369 1000
369 1001
369 1002
368 369
368 1003
368 1004
368 1005
367 368
367 1006
367 1007
367 1008
366 367
366 1009
366 1010
366 1011
365 366
365 1012
365 1013
365 1014
364 365
364 1015
364 1016
364 1017
363 364
363 1018
363 1019
363 1020
362 363
362 1021
362 1022
362 1023
361 362
361 1024
361 1025
361 1026
360 361
360 1027
360 1028
360 1029
359 360
359 1030
359 1031
359 1032
358 359
358 1033
358 1034
358 1035
357 358
357 1036
357 1037
357 1038
356 357
356 1039
356 1040
356 1041
355 356
355 1042
355 1043
355 1044
354 355
354 1045
354 1046
354 1047
353 354
353 1048
353 1049
353 1050
352 353
352 1051
352 1052
352 1053
351 352
351 1054
351 1055
351 1056
350 351
350 1057
350 1058
350 1059
349 350
349 1060
349 1061
349 1062
348 349
348 1063
348 1064
348 1065
347 348
347 1066
347 1067
347 1068
346 347
346 1069
346 1070
346 1071
345 346
345 1072
345 1073
345 1074
344 345
344 1075
344 1076
344 1077
343 344
343 1078
343 1079
343 1080
342 343
342 1081
342 1082
342 1083
341 342
341 1084
341 1085
341 1086
340 341
340 1087
340 1088
340 1089
339 340
339 1090
339 1091
339 1092
338 339
338 1093
338 1094
338 1095
337 338
337 1096
337 1097
337 1098
336 337
336 1099
336 1100
336 1101
335 336
335 1102
335 1103
335 1104
334 335
334 1105
334 1106
334 1107
333 334
333 1108
333 1109
333 1110
332 333
332 1111
332 1112
332 1113
331 332
331 1114
331 1115
331 1116
330 331
330 1117
330 1118
330 1119
329 330
329 1120
329 1121
329 1122
328 329
328 1123
328 1124
328 1125
327 328
327 1126
327 1127
327 1128
326 327
326 1129
326 1130
326 1131
325 326
325 1132
325 1133
325 1134
324 325
324 1135
324 1136
324 1137
323 324
323 1138
323 1139
323 1140
322 323
322 1141
322 1142
322 1143
321 322
321 1144
321 1145
321 1146
320 321
320 1147
320 1148
320 1149
319 320
319 1150
319 1151
319 1152
318 319
318 1153
318 1154
318 1155
317 318
317 1156
317 1157
317 1158
316 317
316 1159
316 1160
316 1161
315 316
315 1162
315 1163
315 1164
314 315
314 1165
314 1166
314 1167
313 314
313 1168
313 1169
313 1170
312 313
312 1171
312 1172
312 1173
311 312
311 1174
311 1175
311 1176
310 311
310 1177
310 1178
310 1179
309 310
309 1180
309 1181
309 1182
308 309
308 1183
308 1184
308 1185
307 308
307 1186
307 1187
307 1188
306 307
306 1189
306 1190
306 1191
305 306
305 1192
305 1193
305 1194
304 305
304 1195
304 1196
304 1197
303 304
303 1198
303 1199
303 1200
302 303
302 1201
302 1202
302 1203
301 302
301 1204
301 1205
301 1206
300 301
300 1207
300 1208
300 1209
299 300
299 1210
299 1211
299 1212
298 299
298 1213
298 1214
298 1215
297 298
297 1216
297 1217
297 1218
296 297
296 1219
296 1220
296 1221
295 296
295 1222
295 1223
295 1224
294 295
294 1225
294 1226
294 1227
293 294
293 1228
293 1229
293 1230
292 293
292 1231
292 1232
292 1233
291 292
291 1234
291 1235
291 1236
290 291
290 1237
290 1238
290 1239
289 290
289 1240
289 1241
289 1242
288 289
288 1243
288 1244
288 1245
287 288
287 1246
287 1247
287 1248
286 287
286 1249
286 1250
286 1251
285 286
285 1252
285 1253
285 1254
284 285
284 1255
284 1256
284 1257
283 284
283 1258
283 1259
283 1260
282 283
282 1261
282 1262
282 1263
281 282
281 1264
281 1265
281 1266
280 281
280 1267
280 1268
280 1269
279 280
279 1270
279 1271
279 1272
278 279
278 1273
278 1274
278 1275
277 278
277 1276
277 1277
277 1278
276 277
276 1279
276 1280
276 1281
275 276
275 1282
275 1283
275 1284
274 275
274 1285
274 1286
274 1287
273 274
273 1288
273 1289
273 1290
272 273
272 1291
272 1292
272 1293
271 272
271 1294
271 1295
271 1296
270 271
270 1297
270 1298
270 1299
269 270
269 1300
269 1301
269 1302
268 269
268 1303
268 1304
268 1305
267 268
267 1306
267 1307
267 1308
266 267
266 1309
266 1310
266 1311
265 266
265 1312
265 1313
265 1314
264 265
264 1315
264 1316
264 1317
263 264
263 1318
263 1319
263 1320
262 263
262 1321
262 1322
262 1323
261 262
261 1324
261 1325
261 1326
260 261
260 1327
260 1328
260 1329
259 260
259 1330
259 1331
259 1332
258 259
258 1333
258 1334
258 1335
257 258
257 1336
257 1337
257 1338
256 257
256 1339
256 1340
256 1341
255 256
255 1342
255 1343
255 1344
254 255
254 1345
254 1346
254 1347
253 254
253 1348
253 1349
253 1350
252 253
252 1351
252 1352
252 1353
251 252
251 1354
251 1355
251 1356
250 251
250 1357
250 1358
250 1359
249 250
249 1360
249 1361
249 1362
248 249
248 1363
248 1364
248 1365
247 248
247 1366
247 1367
247 1368
246 247
246 1369
246 1370
246 1371
245 246
245 1372
245 1373
245 1374
244 245
244 1375
244 1376
244 1377
243 244
243 1378
243 1379
243 1380
242 243
242 1381
242 1382
242 1383
241 242
241 1384
241 1385
241 1386
240 241
240 1387
240 1388
240 1389
239 240
239 1390
239 1391
239 1392
238 239
238 1393
238 1394
238 1395
237 238
237 1396
237 1397
237 1398
236 237
236 1399
236 1400
236 1401
235 236
235 1402
235 1403
235 1404
234 235
234 1405
234 1406
234 1407
233 234
233 1408
233 1409
233 1410
232 233
232 1411
232 1412
232 1413
231 232
231 1414
231 1415
231 1416
230 231
230 1417
230 1418
230 1419
229 230
229 1420
229 1421
229 1422
228 229
228 1423
228 1424
228 1425
227 228
227 1426
227 1427
227 1428
226 227
226 1429
226 1430
226 1431
225 226
225 1432
225 1433
225 1434
224 225
224 1435
224 1436
224 1437
223 224
223 1438
223 1439
223 1440
222 223
222 1441
222 1442
222 1443
221 222
221 1444
221 1445
221 1446
220 221
220 1447
220 1448
220 1449
219 220
219 1450
219 1451
219 1452
218 219
218 1453
218 1454
218 1455
217 218
217 1456
217 1457
217 1458
216 217
216 1459
216 1460
216 1461
215 216
215 1462
215 1463
215 1464
214 215
214 1465
214 1466
214 1467
213 214
213 1468
213 1469
213 1470
212 213
212 1471
212 1472
212 1473
211 212
211 1474
211 1475
211 1476
210 211
210 1477
210 1478
210 1479
209 210
209 1480
209 1481
209 1482
208 209
208 1483
208 1484
208 1485
207 208
207 1486
207 1487
207 1488
206 207
206 1489
206 1490
206 1491
205 206
205 1492
205 1493
205 1494
204 205
204 1495
204 1496
204 1497
203 204
203 1498
203 1499
203 1500
202 203
202 1501
202 1502
202 1503
201 202
201 1504
201 1505
201 1506
200 201
200 1507
200 1508
200 1509
199 200
199 1510
199 1511
199 1512
198 199
198 1513
198 1514
198 1515
197 198
197 1516
197 1517
197 1518
196 197
196 1519
196 1520
196 1521
195 196
195 1522
195 1523
195 1524
194 195
194 1525
194 1526
194 1527
193 194
193 1528
193 1529
193 1530
192 193
192 1531
192 1532
192 1533
191 192
191 1534
191 1535
191 1536
190 191
190 1537
190 1538
190 1539
189 190
189 1540
189 1541
189 1542
188 189
188 1543
188 1544
188 1545
187 188
187 1546
187 1547
187 1548
186 187
186 1549
186 1550
186 1551
185 186
185 1552
185 1553
185 1554
184 185
184 1555
184 1556
184 1557
183 184
183 1558
183 1559
183 1560
182 183
182 1561
182 1562
182 1563
181 182
181 1564
181 1565
181 1566
180 181
180 1567
180 1568
180 1569
179 180
179 1570
179 1571
179 1572
178 179
178 1573
178 1574
178 1575
177 178
177 1576
177 1577
177 1578
176 177
176 1579
176 1580
176 1581
175 176
175 1582
175 1583
175 1584
174 175
174 1585
174 1586
174 1587
173 174
173 1588
173 1589
173 1590
172 173
172 1591
172 1592
172 1593
171 172
171 1594
171 1595
171 1596
170 171
170 1597
170 1598
170 1599
169 170
169 1600
169 1601
169 1602
168 169
168 1603
168 1604
168 1605
167 168
167 1606
167 1607
167 1608
166 167
166 1609
166 1610
166 1611
165 166
165 1612
165 1613
165 1614
164 165
164 1615
164 1616
164 1617
163 164
163 1618
163 1619
163 1620
162 163
162 1621
162 1622
162 1623
161 162
161 1624
161 1625
161 1626
160 161
160 1627
160 1628
160 1629
159 160
159 1630
159 1631
159 1632
158 159
158 1633
158 1634
158 1635
157 158
157 1636
157 1637
157 1638
156 157
156 1639
156 1640
156 1641
155 156
155 1642
155 1643
155 1644
154 155
154 1645
154 1646
154 1647
153 154
153 1648
153 1649
153 1650
152 153
152 1651
152 1652
152 1653
151 152
151 1654
151 1655
151 1656
150 151
150 1657
150 1658
150 1659
149 150
149 1660
149 1661
149 1662
148 149
148 1663
148 1664
148 1665
147 148
147 1666
147 1667
147 1668
146 147
146 1669
146 1670
146 1671
145 146
145 1672
145 1673
145 1674
144 145
144 1675
144 1676
144 1677
143 144
143 1678
143 1679
143 1680
142 143
142 1681
142 1682
142 1683
141 142
141 1684
141 1685
141 1686
140 141
140 1687
140 1688
140 1689
139 140
139 1690
139 1691
139 1692
138 139
138 1693
138 1694
138 1695
137 138
137 1696
137 1697
137 1698
136 137
136 1699
136 1700
136 1701
135 136
135 1702
135 1703
135 1704
134 135
134 1705
134 1706
134 1707
133 134
133 1708
133 1709
133 1710
132 133
132 1711
132 1712
132 1713
131 132
131 1714
131 1715
131 1716
130 131
130 1717
130 1718
130 1719
129 130
129 1720
129 1721
129 1722
128 129
128 1723
128 1724
128 1725
127 128
127 1726
127 1727
127 1728
126 127
126 1729
126 1730
126 1731
125 126
125 1732
125 1733
125 1734
124 125
124 1735
124 1736
124 1737
123 124
123 1738
123 1739
123 1740
122 123
122 1741
122 1742
122 1743
121 122
121 1744
121 1745
121 1746
120 121
120 1747
120 1748
120 1749
119 120
119 1750
119 1751
119 1752
118 119
118 1753
118 1754
118 1755
117 118
117 1756
117 1757
117 1758
116 117
116 1759
116 1760
116 1761
115 116
115 1762
115 1763
115 1764
114 115
114 1765
114 1766
114 1767
113 114
113 1768
113 1769
113 1770
112 113
112 1771
112 1772
112 1773
111 112
111 1774
111 1775
111 1776
110 111
110 1777
110 1778
110 1779
109 110
109 1780
109 1781
109 1782
108 109
108 1783
108 1784
108 1785
107 108
107 1786
107 1787
107 1788
106 107
106 1789
106 1790
106 1791
105 106
105 1792
105 1793
105 1794
104 105
104 1795
104 1796
104 1797
103 104
103 1798
103 1799
103 1800
102 103
102 1801
102 1802
102 1803
101 102
101 1804
101 1805
101 1806
100 101
100 1807
100 1808
100 1809
99 100
99 1810
99 1811
99 1812
98 99
98 1813
98 1814
98 1815
97 98
97 1816
97 1817
97 1818
96 97
96 1819
96 1820
96 1821
95 96
95 1822
95 1823
95 1824
94 95
94 1825
94 1826
94 1827
93 94
93 1828
93 1829
93 1830
92 93
92 1831
92 1832
92 1833
91 92
91 1834
91 1835
91 1836
90 91
90 1837
90 1838
90 1839
89 90
89 1840
89 1841
89 1842
88 89
88 1843
88 1844
88 1845
87 88
87 1846
87 1847
87 1848
86 87
86 1849
86 1850
86 1851
85 86
85 1852
85 1853
85 1854
84 85
84 1855
84 1856
84 1857
83 84
83 1858
83 1859
83 1860
82 83
82 1861
82 1862
82 1863
81 82
81 1864
81 1865
81 1866
80 81
80 1867
80 1868
80 1869
79 80
79 1870
79 1871
79 1872
78 79
78 1873
78 1874
78 1875
77 78
77 1876
77 1877
77 1878
76 77
76 1879
76 1880
76 1881
75 76
75 1882
75 1883
75 1884
74 75
74 1885
74 1886
74 1887
73 74
73 1888
73 1889
73 1890
72 73
72 1891
72 1892
72 1893
71 72
71 1894
71 1895
71 1896
70 71
70 1897
70 1898
70 1899
69 70
69 1900
69 1901
69 1902
68 69
68 1903
68 1904
68 1905
67 68
67 1906
67 1907
67 1908
66 67
66 1909
66 1910
66 1911
65 66
65 1912
65 1913
65 1914
64 65
64 1915
64 1916
64 1917
63 64
63 1918
63 1919
63 1920
62 63
62 1921
62 1922
62 1923
61 62
61 1924
61 1925
61 1926
60 61
60 1927
60 1928
60 1929
59 60
59 1930
59 1931
59 1932
58 59
58 1933
58 1934
58 1935
57 58
57 1936
57 1937
57 1938
56 57
56 1939
56 1940
56 1941
55 56
55 1942
55 1943
55 1944
54 55
54 1945
54 1946
54 1947
53 54
53 1948
53 1949
53 1950
52 53
52 1951
52 1952
52 1953
51 52
51 1954
51 1955
51 1956
50 51
50 1957
50 1958
50 1959
49 50
49 1960
49 1961
49 1962
48 49
48 1963
48 1964
48 1965
47 48
47 1966
47 1967
47 1968
46 47
46 1969
46 1970
46 1971
45 46
45 1972
45 1973
45 1974
44 45
44 1975
44 1976
44 1977
43 44
43 1978
43 1979
43 1980
42 43
42 1981
42 1982
42 1983
41 42
41 1984
41 1985
41 1986
40 41
40 1987
40 1988
40 1989
39 40
39 1990
39 1991
39 1992
38 39
38 1993
38 1994
38 1995
37 38
37 1996
37 1997
37 1998
36 37
36 1999
36 2000
36 2001
35 36
35 2002
35 2003
35 2004
34 35
34 2005
34 2006
34 2007
33 34
33 2008
33 2009
33 2010
32 33
32 2011
32 2012
32 2013
31 32
31 2014
31 2015
31 2016
30 31
30 2017
30 2018
30 2019
29 30
29 2020
29 2021
29 2022
28 29
28 2023
28 2024
28 2025
27 28
27 2026
27 2027
27 2028
26 27
26 2029
26 2030
26 2031
25 26
25 2032
25 2033
25 2034
24 25
24 2035
24 2036
24 2037
23 24
23 2038
23 2039
23 2040
22 23
22 2041
22 2042
22 2043
21 22
21 2044
21 2045
21 2046
20 21
20 2047
20 2048
20 2049
19 20
19 2050
19 2051
19 2052
18 19
18 2053
18 2054
18 2055
17 18
17 2056
17 2057
17 2058
16 17
16 2059
16 2060
16 2061
15 16
15 2062
15 2063
15 2064
14 15
14 2065
14 2066
14 2067
13 14
13 2068
13 2069
13 2070
12 13
12 2071
12 2072
12 2073
11 12
11 2074
11 2075
11 2076
10 11
10 2077
10 2078
10 2079
9 10
9 2080
9 2081
9 2082
8 9
8 2083
8 2084
8 2085
7 8
7 2086
7 2087
7 2088
6 7
6 2089
6 2090
6 2091
5 6
5 2092
5 2093
5 2094
4 5
4 2095
4 2096
4 2097
3 4
3 2098
3 2099
3 2100
2 3
2 2101
2 2102
1 2
1 2103
1 2104
1 2256
