2256 35113744
751 1
751 2105
751 2106
751 2107
750 751
750 2108
750 2109
750 2110
749 750
749 2111
749 2112
748 749
748 2113
748 2114
747 748
747 2115
747 2116
746 747
746 2117
746 2118
745 746
745 2119
745 2120
744 745
744 2121
744 2122
743 744
743 2123
743 2124
742 743
742 2125
742 2126
741 742
741 2127
741 2128
740 741
740 2129
740 2130
739 740
739 2131
739 2132
738 739
738 2133
738 2134
737 738
737 2135
737 2136
736 737
736 2137
736 2138
735 736
735 2139
735 2140
734 735
734 2141
734 2142
733 734
733 2143
733 2144
732 733
732 2145
732 2146
731 732
731 2147
731 2148
730 731
730 2149
730 2150
729 730
729 2151
729 2152
728 729
728 2153
728 2154
727 728
727 2155
727 2156
726 727
726 2157
726 2158
725 726
725 2159
725 2160
724 725
724 2161
724 2162
723 724
723 2163
723 2164
722 723
722 2165
722 2166
721 722
721 2167
721 2168
720 721
720 2169
720 2170
719 720
719 2171
719 2172
718 719
718 2173
718 2174
717 718
717 2175
717 2176
716 717
716 2177
716 2178
715 716
715 2179
715 2180
714 715
714 2181
714 2182
713 714
713 2183
713 2184
712 713
712 2185
712 2186
711 712
711 2187
711 2188
710 711
710 2189
710 2190
709 710
709 2191
709 2192
708 709
708 2193
708 2194
707 708
707 2195
707 2196
706 707
706 2197
706 2198
705 706
705 2199
705 2200
704 705
704 2201
704 2202
703 704
703 2203
703 2204
702 703
702 2205
702 2206
701 702
701 2207
701 2208
700 701
700 2209
700 2210
699 700
699 2211
699 2212
698 699
698 2213
698 2214
697 698
697 2215
697 2216
696 697
696 2217
696 2218
695 696
695 2219
695 2220
694 695
694 2221
694 2222
693 694
693 2223
693 2224
692 693
692 2225
692 2226
691 692
691 2227
691 2228
690 691
690 2229
690 2230
689 690
689 2231
689 2232
688 689
688 2233
688 2234
687 688
687 2235
687 2236
686 687
686 2237
686 2238
685 686
685 2239
685 2240
684 685
684 2241
684 2242
683 684
683 2243
683 2244
682 683
682 2245
682 2246
681 682
681 2247
681 2248
680 681
680 2249
680 2250
679 680
679 2251
679 2252
678 679
678 2253
678 2254
677 678
677 2255
677 2256
676 677
676 2261
676 2262
675 676
675 752
675 753
674 675
674 754
674 755
673 674
673 756
673 757
672 673
672 758
672 759
671 672
671 760
671 761
670 671
670 762
670 763
669 670
669 764
669 765
668 669
668 766
668 767
667 668
667 768
667 769
666 667
666 770
666 771
665 666
665 772
665 773
664 665
664 774
664 775
663 664
663 776
663 777
662 663
662 778
662 779
661 662
661 780
661 781
660 661
660 782
660 783
659 660
659 784
659 785
658 659
658 786
658 787
657 658
657 788
657 789
656 657
656 790
656 791
655 656
655 792
655 793
654 655
654 794
654 795
653 654
653 796
653 797
652 653
652 798
652 799
651 652
651 800
651 801
650 651
650 802
650 803
649 650
649 804
649 805
648 649
648 806
648 807
647 648
647 808
647 809
646 647
646 810
646 811
645 646
645 812
645 813
644 645
644 814
644 815
643 644
643 816
643 817
642 643
642 818
642 819
641 642
641 820
641 821
640 641
640 822
640 823
639 640
639 824
639 825
638 639
638 826
638 827
637 638
637 828
637 829
636 637
636 830
636 831
635 636
635 832
635 833
634 635
634 834
634 835
633 634
633 836
633 837
632 633
632 838
632 839
631 632
631 840
631 841
630 631
630 842
630 843
629 630
629 844
629 845
628 629
628 846
628 847
627 628
627 848
627 849
626 627
626 850
626 851
625 626
625 852
625 853
624 625
624 854
624 855
623 624
623 856
623 857
622 623
622 858
622 859
621 622
621 860
621 861
620 621
620 862
620 863
619 620
619 864
619 865
618 619
618 866
618 867
617 618
617 868
617 869
616 617
616 870
616 871
615 616
615 872
615 873
614 615
614 874
614 875
613 614
613 876
613 877
612 613
612 878
612 879
611 612
611 880
611 881
610 611
610 882
610 883
609 610
609 884
609 885
608 609
608 886
608 887
607 608
607 888
607 889
606 607
606 890
606 891
605 606
605 892
605 893
604 605
604 894
604 895
603 604
603 896
603 897
602 603
602 898
602 899
601 602
601 900
601 901
600 601
600 902
600 903
599 600
599 904
599 905
598 599
598 906
598 907
597 598
597 908
597 909
596 597
596 910
596 911
595 596
595 912
595 913
594 595
594 914
594 915
593 594
593 916
593 917
592 593
592 918
592 919
591 592
591 920
591 921
590 591
590 922
590 923
589 590
589 924
589 925
588 589
588 926
588 927
587 588
587 928
587 929
586 587
586 930
586 931
585 586
585 932
585 933
584 585
584 934
584 935
583 584
583 936
583 937
582 583
582 938
582 939
581 582
581 940
581 941
580 581
580 942
580 943
579 580
579 944
579 945
578 579
578 946
578 947
577 578
577 948
577 949
576 577
576 950
576 951
575 576
575 952
575 953
574 575
574 954
574 955
573 574
573 956
573 957
572 573
572 958
572 959
571 572
571 960
571 961
570 571
570 962
570 963
569 570
569 964
569 965
568 569
568 966
568 967
567 568
567 968
567 969
566 567
566 970
566 971
565 566
565 972
565 973
564 565
564 974
564 975
563 564
563 976
563 977
562 563
562 978
562 979
561 562
561 980
561 981
560 561
560 982
560 983
559 560
559 984
559 985
558 559
558 986
558 987
557 558
557 988
557 989
556 557
556 990
556 991
555 556
555 992
555 993
554 555
554 994
554 995
553 554
553 996
553 997
552 553
552 998
552 999
551 552
551 1000
551 1001
550 551
550 1002
550 1003
549 550
549 1004
549 1005
548 549
548 1006
548 1007
547 548
547 1008
547 1009
546 547
546 1010
546 1011
545 546
545 1012
545 1013
544 545
544 1014
544 1015
543 544
543 1016
543 1017
542 543
542 1018
542 1019
541 542
541 1020
541 1021
540 541
540 1022
540 1023
539 540
539 1024
539 1025
538 539
538 1026
538 1027
537 538
537 1028
537 1029
536 537
536 1030
536 1031
535 536
535 1032
535 1033
534 535
534 1034
534 1035
533 534
533 1036
533 1037
532 533
532 1038
532 1039
531 532
531 1040
531 1041
530 531
530 1042
530 1043
529 530
529 1044
529 1045
528 529
528 1046
528 1047
527 528
527 1048
527 1049
526 527
526 1050
526 1051
525 526
525 1052
525 1053
524 525
524 1054
524 1055
523 524
523 1056
523 1057
522 523
522 1058
522 1059
521 522
521 1060
521 1061
520 521
520 1062
520 1063
519 520
519 1064
519 1065
518 519
518 1066
518 1067
517 518
517 1068
517 1069
516 517
516 1070
516 1071
515 516
515 1072
515 1073
514 515
514 1074
514 1075
513 514
513 1076
513 1077
512 513
512 1078
512 1079
511 512
511 1080
511 1081
510 511
510 1082
510 1083
509 510
509 1084
509 1085
508 509
508 1086
508 1087
507 508
507 1088
507 1089
506 507
506 1090
506 1091
505 506
505 1092
505 1093
504 505
504 1094
504 1095
503 504
503 1096
503 1097
502 503
502 1098
502 1099
501 502
501 1100
501 1101
500 501
500 1102
500 1103
499 500
499 1104
499 1105
498 499
498 1106
498 1107
497 498
497 1108
497 1109
496 497
496 1110
496 1111
495 496
495 1112
495 1113
494 495
494 1114
494 1115
493 494
493 1116
493 1117
492 493
492 1118
492 1119
491 492
491 1120
491 1121
490 491
490 1122
490 1123
489 490
489 1124
489 1125
488 489
488 1126
488 1127
487 488
487 1128
487 1129
486 487
486 1130
486 1131
485 486
485 1132
485 1133
484 485
484 1134
484 1135
483 484
483 1136
483 1137
482 483
482 1138
482 1139
481 482
481 1140
481 1141
480 481
480 1142
480 1143
479 480
479 1144
479 1145
478 479
478 1146
478 1147
477 478
477 1148
477 1149
476 477
476 1150
476 1151
475 476
475 1152
475 1153
474 475
474 1154
474 1155
473 474
473 1156
473 1157
472 473
472 1158
472 1159
471 472
471 1160
471 1161
470 471
470 1162
470 1163
469 470
469 1164
469 1165
468 469
468 1166
468 1167
467 468
467 1168
467 1169
466 467
466 1170
466 1171
465 466
465 1172
465 1173
464 465
464 1174
464 1175
463 464
463 1176
463 1177
462 463
462 1178
462 1179
461 462
461 1180
461 1181
460 461
460 1182
460 1183
459 460
459 1184
459 1185
458 459
458 1186
458 1187
457 458
457 1188
457 1189
456 457
456 1190
456 1191
455 456
455 1192
455 1193
454 455
454 1194
454 1195
453 454
453 1196
453 1197
452 453
452 1198
452 1199
451 452
451 1200
451 1201
450 451
450 1202
450 1203
449 450
449 1204
449 1205
448 449
448 1206
448 1207
447 448
447 1208
447 1209
446 447
446 1210
446 1211
445 446
445 1212
445 1213
444 445
444 1214
444 1215
443 444
443 1216
443 1217
442 443
442 1218
442 1219
441 442
441 1220
441 1221
440 441
440 1222
440 1223
439 440
439 1224
439 1225
438 439
438 1226
438 1227
437 438
437 1228
437 1229
436 437
436 1230
436 1231
435 436
435 1232
435 1233
434 435
434 1234
434 1235
433 434
433 1236
433 1237
432 433
432 1238
432 1239
431 432
431 1240
431 1241
430 431
430 1242
430 1243
429 430
429 1244
429 1245
428 429
428 1246
428 1247
427 428
427 1248
427 1249
426 427
426 1250
426 1251
425 426
425 1252
425 1253
424 425
424 1254
424 1255
423 424
423 1256
423 1257
422 423
422 1258
422 1259
421 422
421 1260
421 1261
420 421
420 1262
420 1263
419 420
419 1264
419 1265
418 419
418 1266
418 1267
417 418
417 1268
417 1269
416 417
416 1270
416 1271
415 416
415 1272
415 1273
414 415
414 1274
414 1275
413 414
413 1276
413 1277
412 413
412 1278
412 1279
411 412
411 1280
411 1281
410 411
410 1282
410 1283
409 410
409 1284
409 1285
408 409
408 1286
408 1287
407 408
407 1288
407 1289
406 407
406 1290
406 1291
405 406
405 1292
405 1293
404 405
404 1294
404 1295
403 404
403 1296
403 1297
402 403
402 1298
402 1299
401 402
401 1300
401 1301
400 401
400 1302
400 1303
399 400
399 1304
399 1305
398 399
398 1306
398 1307
397 398
397 1308
397 1309
396 397
396 1310
396 1311
395 396
395 1312
395 1313
394 395
394 1314
394 1315
393 394
393 1316
393 1317
392 393
392 1318
392 1319
391 392
391 1320
391 1321
390 391
390 1322
390 1323
389 390
389 1324
389 1325
388 389
388 1326
388 1327
387 388
387 1328
387 1329
386 387
386 1330
386 1331
385 386
385 1332
385 1333
384 385
384 1334
384 1335
383 384
383 1336
383 1337
382 383
382 1338
382 1339
381 382
381 1340
381 1341
380 381
380 1342
380 1343
379 380
379 1344
379 1345
378 379
378 1346
378 1347
377 378
377 1348
377 1349
376 377
376 1350
376 1351
375 376
375 1352
375 1353
374 375
374 1354
374 1355
373 374
373 1356
373 1357
372 373
372 1358
372 1359
371 372
371 1360
371 1361
370 371
370 1362
370 1363
369 370
369 1364
369 1365
368 369
368 1366
368 1367
367 368
367 1368
367 1369
366 367
366 1370
366 1371
365 366
365 1372
365 1373
364 365
364 1374
364 1375
363 364
363 1376
363 1377
362 363
362 1378
362 1379
361 362
361 1380
361 1381
360 361
360 1382
360 1383
359 360
359 1384
359 1385
358 359
358 1386
358 1387
357 358
357 1388
357 1389
356 357
356 1390
356 1391
355 356
355 1392
355 1393
354 355
354 1394
354 1395
353 354
353 1396
353 1397
352 353
352 1398
352 1399
351 352
351 1400
351 1401
350 351
350 1402
350 1403
349 350
349 1404
349 1405
348 349
348 1406
348 1407
347 348
347 1408
347 1409
346 347
346 1410
346 1411
345 346
345 1412
345 1413
344 345
344 1414
344 1415
343 344
343 1416
343 1417
342 343
342 1418
342 1419
341 342
341 1420
341 1421
340 341
340 1422
340 1423
339 340
339 1424
339 1425
338 339
338 1426
338 1427
337 338
337 1428
337 1429
336 337
336 1430
336 1431
335 336
335 1432
335 1433
334 335
334 1434
334 1435
333 334
333 1436
333 1437
332 333
332 1438
332 1439
331 332
331 1440
331 1441
330 331
330 1442
330 1443
329 330
329 1444
329 1445
328 329
328 1446
328 1447
327 328
327 1448
327 1449
326 327
326 1450
326 1451
325 326
325 1452
325 1453
324 325
324 1454
324 1455
323 324
323 1456
323 1457
322 323
322 1458
322 1459
321 322
321 1460
321 1461
320 321
320 1462
320 1463
319 320
319 1464
319 1465
318 319
318 1466
318 1467
317 318
317 1468
317 1469
316 317
316 1470
316 1471
315 316
315 1472
315 1473
314 315
314 1474
314 1475
313 314
313 1476
313 1477
312 313
312 1478
312 1479
311 312
311 1480
311 1481
310 311
310 1482
310 1483
309 310
309 1484
309 1485
308 309
308 1486
308 1487
307 308
307 1488
307 1489
306 307
306 1490
306 1491
305 306
305 1492
305 1493
304 305
304 1494
304 1495
303 304
303 1496
303 1497
302 303
302 1498
302 1499
301 302
301 1500
301 1501
300 301
300 1502
300 1503
299 300
299 1504
299 1505
298 299
298 1506
298 1507
297 298
297 1508
297 1509
296 297
296 1510
296 1511
295 296
295 1512
295 1513
294 295
294 1514
294 1515
293 294
293 1516
293 1517
292 293
292 1518
292 1519
291 292
291 1520
291 1521
290 291
290 1522
290 1523
289 290
289 1524
289 1525
288 289
288 1526
288 1527
287 288
287 1528
287 1529
286 287
286 1530
286 1531
285 286
285 1532
285 1533
284 285
284 1534
284 1535
283 284
283 1536
283 1537
282 283
282 1538
282 1539
281 282
281 1540
281 1541
280 281
280 1542
280 1543
279 280
279 1544
279 1545
278 279
278 1546
278 1547
277 278
277 1548
277 1549
276 277
276 1550
276 1551
275 276
275 1552
275 1553
274 275
274 1554
274 1555
273 274
273 1556
273 1557
272 273
272 1558
272 1559
271 272
271 1560
271 1561
270 271
270 1562
270 1563
269 270
269 1564
269 1565
268 269
268 1566
268 1567
267 268
267 1568
267 1569
266 267
266 1570
266 1571
265 266
265 1572
265 1573
264 265
264 1574
264 1575
263 264
263 1576
263 1577
262 263
262 1578
262 1579
261 262
261 1580
261 1581
260 261
260 1582
260 1583
259 260
259 1584
259 1585
258 259
258 1586
258 1587
257 258
257 1588
257 1589
256 257
256 1590
256 1591
255 256
255 1592
255 1593
254 255
254 1594
254 1595
253 254
253 1596
253 1597
252 253
252 1598
252 1599
251 252
251 1600
251 1601
250 251
250 1602
250 1603
249 250
249 1604
249 1605
248 249
248 1606
248 1607
247 248
247 1608
247 1609
246 247
246 1610
246 1611
245 246
245 1612
245 1613
244 245
244 1614
244 1615
243 244
243 1616
243 1617
242 243
242 1618
242 1619
241 242
241 1620
241 1621
240 241
240 1622
240 1623
239 240
239 1624
239 1625
238 239
238 1626
238 1627
237 238
237 1628
237 1629
236 237
236 1630
236 1631
235 236
235 1632
235 1633
234 235
234 1634
234 1635
233 234
233 1636
233 1637
232 233
232 1638
232 1639
231 232
231 1640
231 1641
230 231
230 1642
230 1643
229 230
229 1644
229 1645
228 229
228 1646
228 1647
227 228
227 1648
227 1649
226 227
226 1650
226 1651
225 226
225 1652
225 1653
224 225
224 1654
224 1655
223 224
223 1656
223 1657
222 223
222 1658
222 1659
221 222
221 1660
221 1661
220 221
220 1662
220 1663
219 220
219 1664
219 1665
218 219
218 1666
218 1667
217 218
217 1668
217 1669
216 217
216 1670
216 1671
215 216
215 1672
215 1673
214 215
214 1674
214 1675
213 214
213 1676
213 1677
212 213
212 1678
212 1679
211 212
211 1680
211 1681
210 211
210 1682
210 1683
209 210
209 1684
209 1685
208 209
208 1686
208 1687
207 208
207 1688
207 1689
206 207
206 1690
206 1691
205 206
205 1692
205 1693
204 205
204 1694
204 1695
203 204
203 1696
203 1697
202 203
202 1698
202 1699
201 202
201 1700
201 1701
200 201
200 1702
200 1703
199 200
199 1704
199 1705
198 199
198 1706
198 1707
197 198
197 1708
197 1709
196 197
196 1710
196 1711
195 196
195 1712
195 1713
194 195
194 1714
194 1715
193 194
193 1716
193 1717
192 193
192 1718
192 1719
191 192
191 1720
191 1721
190 191
190 1722
190 1723
189 190
189 1724
189 1725
188 189
188 1726
188 1727
187 188
187 1728
187 1729
186 187
186 1730
186 1731
185 186
185 1732
185 1733
184 185
184 1734
184 1735
183 184
183 1736
183 1737
182 183
182 1738
182 1739
181 182
181 1740
181 1741
180 181
180 1742
180 1743
179 180
179 1744
179 1745
178 179
178 1746
178 1747
177 178
177 1748
177 1749
176 177
176 1750
176 1751
175 176
175 1752
175 1753
174 175
174 1754
174 1755
173 174
173 1756
173 1757
172 173
172 1758
172 1759
171 172
171 1760
171 1761
170 171
170 1762
170 1763
169 170
169 1764
169 1765
168 169
168 1766
168 1767
167 168
167 1768
167 1769
166 167
166 1770
166 1771
165 166
165 1772
165 1773
164 165
164 1774
164 1775
163 164
163 1776
163 1777
162 163
162 1778
162 1779
161 162
161 1780
161 1781
160 161
160 1782
160 1783
159 160
159 1784
159 1785
158 159
158 1786
158 1787
157 158
157 1788
157 1789
156 157
156 1790
156 1791
155 156
155 1792
155 1793
154 155
154 1794
154 1795
153 154
153 1796
153 1797
152 153
152 1798
152 1799
151 152
151 1800
151 1801
150 151
150 1802
150 1803
149 150
149 1804
149 1805
148 149
148 1806
148 1807
147 148
147 1808
147 1809
146 147
146 1810
146 1811
145 146
145 1812
145 1813
144 145
144 1814
144 1815
143 144
143 1816
143 1817
142 143
142 1818
142 1819
141 142
141 1820
141 1821
140 141
140 1822
140 1823
139 140
139 1824
139 1825
138 139
138 1826
138 1827
137 138
137 1828
137 1829
136 137
136 1830
136 1831
135 136
135 1832
135 1833
134 135
134 1834
134 1835
133 134
133 1836
133 1837
132 133
132 1838
132 1839
131 132
131 1840
131 1841
130 131
130 1842
130 1843
129 130
129 1844
129 1845
128 129
128 1846
128 1847
127 128
127 1848
127 1849
126 127
126 1850
126 1851
125 126
125 1852
125 1853
124 125
124 1854
124 1855
123 124
123 1856
123 1857
122 123
122 1858
122 1859
121 122
121 1860
121 1861
120 121
120 1862
120 1863
119 120
119 1864
119 1865
118 119
118 1866
118 1867
117 118
117 1868
117 1869
116 117
116 1870
116 1871
115 116
115 1872
115 1873
114 115
114 1874
114 1875
113 114
113 1876
113 1877
112 113
112 1878
112 1879
111 112
111 1880
111 1881
110 111
110 1882
110 1883
109 110
109 1884
109 1885
108 109
108 1886
108 1887
107 108
107 1888
107 1889
106 107
106 1890
106 1891
105 106
105 1892
105 1893
104 105
104 1894
104 1895
103 104
103 1896
103 1897
102 103
102 1898
102 1899
101 102
101 1900
101 1901
100 101
100 1902
100 1903
99 100
99 1904
99 1905
98 99
98 1906
98 1907
97 98
97 1908
97 1909
96 97
96 1910
96 1911
95 96
95 1912
95 1913
94 95
94 1914
94 1915
93 94
93 1916
93 1917
92 93
92 1918
92 1919
91 92
91 1920
91 1921
90 91
90 1922
90 1923
89 90
89 1924
89 1925
88 89
88 1926
88 1927
87 88
87 1928
87 1929
86 87
86 1930
86 1931
85 86
85 1932
85 1933
84 85
84 1934
84 1935
83 84
83 1936
83 1937
82 83
82 1938
82 1939
81 82
81 1940
81 1941
80 81
80 1942
80 1943
79 80
79 1944
79 1945
78 79
78 1946
78 1947
77 78
77 1948
77 1949
76 77
76 1950
76 1951
75 76
75 1952
75 1953
74 75
74 1954
74 1955
73 74
73 1956
73 1957
72 73
72 1958
72 1959
71 72
71 1960
71 1961
70 71
70 1962
70 1963
69 70
69 1964
69 1965
68 69
68 1966
68 1967
67 68
67 1968
67 1969
66 67
66 1970
66 1971
65 66
65 1972
65 1973
64 65
64 1974
64 1975
63 64
63 1976
63 1977
62 63
62 1978
62 1979
61 62
61 1980
61 1981
60 61
60 1982
60 1983
59 60
59 1984
59 1985
58 59
58 1986
58 1987
57 58
57 1988
57 1989
56 57
56 1990
56 1991
55 56
55 1992
55 1993
54 55
54 1994
54 1995
53 54
53 1996
53 1997
52 53
52 1998
52 1999
51 52
51 2000
51 2001
50 51
50 2002
50 2003
49 50
49 2004
49 2005
48 49
48 2006
48 2007
47 48
47 2008
47 2009
46 47
46 2010
46 2011
45 46
45 2012
45 2013
44 45
44 2014
44 2015
43 44
43 2016
43 2017
42 43
42 2018
42 2019
41 42
41 2020
41 2021
40 41
40 2022
40 2023
39 40
39 2024
39 2025
38 39
38 2026
38 2027
37 38
37 2028
37 2029
36 37
36 2030
36 2031
35 36
35 2032
35 2033
34 35
34 2034
34 2035
33 34
33 2036
33 2037
32 33
32 2038
32 2039
31 32
31 2040
31 2041
30 31
30 2042
30 2043
29 30
29 2044
29 2045
28 29
28 2046
28 2047
27 28
27 2048
27 2049
26 27
26 2050
26 2051
25 26
25 2052
25 2053
24 25
24 2054
24 2055
23 24
23 2056
23 2057
22 23
22 2058
22 2059
21 22
21 2060
21 2061
20 21
20 2062
20 2063
19 20
19 2064
19 2065
18 19
18 2066
18 2067
17 18
17 2068
17 2069
16 17
16 2070
16 2071
15 16
15 2072
15 2073
14 15
14 2074
14 2075
13 14
13 2076
13 2077
12 13
12 2078
12 2079
11 12
11 2080
11 2081
10 11
10 2082
10 2083
9 10
9 2084
9 2085
8 9
8 2086
8 2087
7 8
7 2088
7 2089
6 7
6 2090
6 2091
5 6
5 2092
5 2093
4 5
4 2094
4 2095
3 4
3 2096
3 2097
2 3
2 2098
2 2099
1 2
1 2100
1 2101
1 2257
