225 5680290
112 1
112 187
111 112
111 188
110 111
110 189
109 110
109 190
108 109
108 191
107 108
107 192
106 107
106 193
105 106
105 194
104 105
104 195
103 104
103 196
102 103
102 197
101 102
101 198
100 101
100 199
99 100
99 113
98 99
98 114
97 98
97 115
96 97
96 116
95 96
95 117
94 95
94 118
93 94
93 119
92 93
92 120
91 92
91 121
90 91
90 122
89 90
89 123
88 89
88 124
87 88
87 125
86 87
86 126
85 86
85 127
84 85
84 128
83 84
83 129
82 83
82 130
81 82
81 131
80 81
80 132
79 80
79 133
78 79
78 134
77 78
77 135
76 77
76 136
75 76
75 137
74 75
74 138
73 74
73 139
72 73
72 140
71 72
71 141
70 71
70 142
69 70
69 143
68 69
68 144
67 68
67 145
66 67
66 146
65 66
65 147
64 65
64 148
63 64
63 149
62 63
62 150
61 62
61 151
60 61
60 152
59 60
59 153
58 59
58 154
57 58
57 155
56 57
56 156
55 56
55 157
54 55
54 158
53 54
53 159
52 53
52 160
51 52
51 161
50 51
50 162
49 50
49 163
48 49
48 164
47 48
47 165
46 47
46 166
45 46
45 167
44 45
44 168
43 44
43 169
42 43
42 170
41 42
41 171
40 41
40 172
39 40
39 173
38 39
38 174
37 38
37 175
36 37
36 176
35 36
35 177
34 35
34 178
33 34
33 179
32 33
32 180
31 32
31 181
30 31
30 182
29 30
29 183
28 29
28 184
27 28
27 185
26 27
26 186
25 26
25 187
24 25
24 188
23 24
23 189
22 23
22 190
21 22
21 191
20 21
20 192
19 20
19 193
18 19
18 194
17 18
17 195
16 17
16 196
15 16
15 197
14 15
14 198
13 14
13 199
12 13
12 200
11 12
11 201
10 11
10 202
9 10
9 203
8 9
8 204
7 8
7 205
6 7
6 206
5 6
5 207
4 5
4 208
3 4
3 209
2 3
2 210
1 2
1 211
1 226
