2330 25841563
776 1
776 2102
776 2103
776 2104
775 776
775 2105
775 2106
774 775
774 2107
774 2108
773 774
773 2109
773 2110
772 773
772 2111
772 2112
771 772
771 2113
771 2114
770 771
770 2115
770 2116
769 770
769 2117
769 2118
768 769
768 2119
768 2120
767 768
767 2121
767 2122
766 767
766 2123
766 2124
765 766
765 2125
765 2126
764 765
764 2127
764 2128
763 764
763 2129
763 2130
762 763
762 2131
762 2132
761 762
761 2133
761 2134
760 761
760 2135
760 2136
759 760
759 2137
759 2138
758 759
758 2139
758 2140
757 758
757 2141
757 2142
756 757
756 2143
756 2144
755 756
755 2145
755 2146
754 755
754 2147
754 2148
753 754
753 2149
753 2150
752 753
752 2151
752 2152
751 752
751 2153
751 2154
750 751
750 2155
750 2156
749 750
749 2157
749 2158
748 749
748 2159
748 2160
747 748
747 2161
747 2162
746 747
746 2163
746 2164
745 746
745 2165
745 2166
744 745
744 2167
744 2168
743 744
743 2169
743 2170
742 743
742 2171
742 2172
741 742
741 2173
741 2174
740 741
740 2175
740 2176
739 740
739 2177
739 2178
738 739
738 2179
738 2180
737 738
737 2181
737 2182
736 737
736 2183
736 2184
735 736
735 2185
735 2186
734 735
734 2187
734 2188
733 734
733 2189
733 2190
732 733
732 2191
732 2192
731 732
731 2193
731 2194
730 731
730 2195
730 2196
729 730
729 2197
729 2198
728 729
728 2199
728 2200
727 728
727 2201
727 2202
726 727
726 2203
726 2204
725 726
725 2205
725 2206
724 725
724 2207
724 2208
723 724
723 2209
723 2210
722 723
722 2211
722 2212
721 722
721 2213
721 2214
720 721
720 2215
720 2216
719 720
719 2217
719 2218
718 719
718 2219
718 2220
717 718
717 2221
717 2222
716 717
716 2223
716 2224
715 716
715 2225
715 2226
714 715
714 2227
714 2228
713 714
713 2229
713 2230
712 713
712 2231
712 2232
711 712
711 2233
711 2234
710 711
710 2235
710 2236
709 710
709 2237
709 2238
708 709
708 2239
708 2240
707 708
707 2241
707 2242
706 707
706 2243
706 2244
705 706
705 2245
705 2246
704 705
704 2247
704 2248
703 704
703 2249
703 2250
702 703
702 2251
702 2252
701 702
701 2253
701 2254
700 701
700 2255
700 2256
699 700
699 2257
699 777
698 699
698 778
698 779
697 698
697 780
697 781
696 697
696 782
696 783
695 696
695 784
695 785
694 695
694 786
694 787
693 694
693 788
693 789
692 693
692 790
692 791
691 692
691 792
691 793
690 691
690 794
690 795
689 690
689 796
689 797
688 689
688 798
688 799
687 688
687 800
687 801
686 687
686 802
686 803
685 686
685 804
685 805
684 685
684 806
684 807
683 684
683 808
683 809
682 683
682 810
682 811
681 682
681 812
681 813
680 681
680 814
680 815
679 680
679 816
679 817
678 679
678 818
678 819
677 678
677 820
677 821
676 677
676 822
676 823
675 676
675 824
675 825
674 675
674 826
674 827
673 674
673 828
673 829
672 673
672 830
672 831
671 672
671 832
671 833
670 671
670 834
670 835
669 670
669 836
669 837
668 669
668 838
668 839
667 668
667 840
667 841
666 667
666 842
666 843
665 666
665 844
665 845
664 665
664 846
664 847
663 664
663 848
663 849
662 663
662 850
662 851
661 662
661 852
661 853
660 661
660 854
660 855
659 660
659 856
659 857
658 659
658 858
658 859
657 658
657 860
657 861
656 657
656 862
656 863
655 656
655 864
655 865
654 655
654 866
654 867
653 654
653 868
653 869
652 653
652 870
652 871
651 652
651 872
651 873
650 651
650 874
650 875
649 650
649 876
649 877
648 649
648 878
648 879
647 648
647 880
647 881
646 647
646 882
646 883
645 646
645 884
645 885
644 645
644 886
644 887
643 644
643 888
643 889
642 643
642 890
642 891
641 642
641 892
641 893
640 641
640 894
640 895
639 640
639 896
639 897
638 639
638 898
638 899
637 638
637 900
637 901
636 637
636 902
636 903
635 636
635 904
635 905
634 635
634 906
634 907
633 634
633 908
633 909
632 633
632 910
632 911
631 632
631 912
631 913
630 631
630 914
630 915
629 630
629 916
629 917
628 629
628 918
628 919
627 628
627 920
627 921
626 627
626 922
626 923
625 626
625 924
625 925
624 625
624 926
624 927
623 624
623 928
623 929
622 623
622 930
622 931
621 622
621 932
621 933
620 621
620 934
620 935
619 620
619 936
619 937
618 619
618 938
618 939
617 618
617 940
617 941
616 617
616 942
616 943
615 616
615 944
615 945
614 615
614 946
614 947
613 614
613 948
613 949
612 613
612 950
612 951
611 612
611 952
611 953
610 611
610 954
610 955
609 610
609 956
609 957
608 609
608 958
608 959
607 608
607 960
607 961
606 607
606 962
606 963
605 606
605 964
605 965
604 605
604 966
604 967
603 604
603 968
603 969
602 603
602 970
602 971
601 602
601 972
601 973
600 601
600 974
600 975
599 600
599 976
599 977
598 599
598 978
598 979
597 598
597 980
597 981
596 597
596 982
596 983
595 596
595 984
595 985
594 595
594 986
594 987
593 594
593 988
593 989
592 593
592 990
592 991
591 592
591 992
591 993
590 591
590 994
590 995
589 590
589 996
589 997
588 589
588 998
588 999
587 588
587 1000
587 1001
586 587
586 1002
586 1003
585 586
585 1004
585 1005
584 585
584 1006
584 1007
583 584
583 1008
583 1009
582 583
582 1010
582 1011
581 582
581 1012
581 1013
580 581
580 1014
580 1015
579 580
579 1016
579 1017
578 579
578 1018
578 1019
577 578
577 1020
577 1021
576 577
576 1022
576 1023
575 576
575 1024
575 1025
574 575
574 1026
574 1027
573 574
573 1028
573 1029
572 573
572 1030
572 1031
571 572
571 1032
571 1033
570 571
570 1034
570 1035
569 570
569 1036
569 1037
568 569
568 1038
568 1039
567 568
567 1040
567 1041
566 567
566 1042
566 1043
565 566
565 1044
565 1045
564 565
564 1046
564 1047
563 564
563 1048
563 1049
562 563
562 1050
562 1051
561 562
561 1052
561 1053
560 561
560 1054
560 1055
559 560
559 1056
559 1057
558 559
558 1058
558 1059
557 558
557 1060
557 1061
556 557
556 1062
556 1063
555 556
555 1064
555 1065
554 555
554 1066
554 1067
553 554
553 1068
553 1069
552 553
552 1070
552 1071
551 552
551 1072
551 1073
550 551
550 1074
550 1075
549 550
549 1076
549 1077
548 549
548 1078
548 1079
547 548
547 1080
547 1081
546 547
546 1082
546 1083
545 546
545 1084
545 1085
544 545
544 1086
544 1087
543 544
543 1088
543 1089
542 543
542 1090
542 1091
541 542
541 1092
541 1093
540 541
540 1094
540 1095
539 540
539 1096
539 1097
538 539
538 1098
538 1099
537 538
537 1100
537 1101
536 537
536 1102
536 1103
535 536
535 1104
535 1105
534 535
534 1106
534 1107
533 534
533 1108
533 1109
532 533
532 1110
532 1111
531 532
531 1112
531 1113
530 531
530 1114
530 1115
529 530
529 1116
529 1117
528 529
528 1118
528 1119
527 528
527 1120
527 1121
526 527
526 1122
526 1123
525 526
525 1124
525 1125
524 525
524 1126
524 1127
523 524
523 1128
523 1129
522 523
522 1130
522 1131
521 522
521 1132
521 1133
520 521
520 1134
520 1135
519 520
519 1136
519 1137
518 519
518 1138
518 1139
517 518
517 1140
517 1141
516 517
516 1142
516 1143
515 516
515 1144
515 1145
514 515
514 1146
514 1147
513 514
513 1148
513 1149
512 513
512 1150
512 1151
511 512
511 1152
511 1153
510 511
510 1154
510 1155
509 510
509 1156
509 1157
508 509
508 1158
508 1159
507 508
507 1160
507 1161
506 507
506 1162
506 1163
505 506
505 1164
505 1165
504 505
504 1166
504 1167
503 504
503 1168
503 1169
502 503
502 1170
502 1171
501 502
501 1172
501 1173
500 501
500 1174
500 1175
499 500
499 1176
499 1177
498 499
498 1178
498 1179
497 498
497 1180
497 1181
496 497
496 1182
496 1183
495 496
495 1184
495 1185
494 495
494 1186
494 1187
493 494
493 1188
493 1189
492 493
492 1190
492 1191
491 492
491 1192
491 1193
490 491
490 1194
490 1195
489 490
489 1196
489 1197
488 489
488 1198
488 1199
487 488
487 1200
487 1201
486 487
486 1202
486 1203
485 486
485 1204
485 1205
484 485
484 1206
484 1207
483 484
483 1208
483 1209
482 483
482 1210
482 1211
481 482
481 1212
481 1213
480 481
480 1214
480 1215
479 480
479 1216
479 1217
478 479
478 1218
478 1219
477 478
477 1220
477 1221
476 477
476 1222
476 1223
475 476
475 1224
475 1225
474 475
474 1226
474 1227
473 474
473 1228
473 1229
472 473
472 1230
472 1231
471 472
471 1232
471 1233
470 471
470 1234
470 1235
469 470
469 1236
469 1237
468 469
468 1238
468 1239
467 468
467 1240
467 1241
466 467
466 1242
466 1243
465 466
465 1244
465 1245
464 465
464 1246
464 1247
463 464
463 1248
463 1249
462 463
462 1250
462 1251
461 462
461 1252
461 1253
460 461
460 1254
460 1255
459 460
459 1256
459 1257
458 459
458 1258
458 1259
457 458
457 1260
457 1261
456 457
456 1262
456 1263
455 456
455 1264
455 1265
454 455
454 1266
454 1267
453 454
453 1268
453 1269
452 453
452 1270
452 1271
451 452
451 1272
451 1273
450 451
450 1274
450 1275
449 450
449 1276
449 1277
448 449
448 1278
448 1279
447 448
447 1280
447 1281
446 447
446 1282
446 1283
445 446
445 1284
445 1285
444 445
444 1286
444 1287
443 444
443 1288
443 1289
442 443
442 1290
442 1291
441 442
441 1292
441 1293
440 441
440 1294
440 1295
439 440
439 1296
439 1297
438 439
438 1298
438 1299
437 438
437 1300
437 1301
436 437
436 1302
436 1303
435 436
435 1304
435 1305
434 435
434 1306
434 1307
433 434
433 1308
433 1309
432 433
432 1310
432 1311
431 432
431 1312
431 1313
430 431
430 1314
430 1315
429 430
429 1316
429 1317
428 429
428 1318
428 1319
427 428
427 1320
427 1321
426 427
426 1322
426 1323
425 426
425 1324
425 1325
424 425
424 1326
424 1327
423 424
423 1328
423 1329
422 423
422 1330
422 1331
421 422
421 1332
421 1333
420 421
420 1334
420 1335
419 420
419 1336
419 1337
418 419
418 1338
418 1339
417 418
417 1340
417 1341
416 417
416 1342
416 1343
415 416
415 1344
415 1345
414 415
414 1346
414 1347
413 414
413 1348
413 1349
412 413
412 1350
412 1351
411 412
411 1352
411 1353
410 411
410 1354
410 1355
409 410
409 1356
409 1357
408 409
408 1358
408 1359
407 408
407 1360
407 1361
406 407
406 1362
406 1363
405 406
405 1364
405 1365
404 405
404 1366
404 1367
403 404
403 1368
403 1369
402 403
402 1370
402 1371
401 402
401 1372
401 1373
400 401
400 1374
400 1375
399 400
399 1376
399 1377
398 399
398 1378
398 1379
397 398
397 1380
397 1381
396 397
396 1382
396 1383
395 396
395 1384
395 1385
394 395
394 1386
394 1387
393 394
393 1388
393 1389
392 393
392 1390
392 1391
391 392
391 1392
391 1393
390 391
390 1394
390 1395
389 390
389 1396
389 1397
388 389
388 1398
388 1399
387 388
387 1400
387 1401
386 387
386 1402
386 1403
385 386
385 1404
385 1405
384 385
384 1406
384 1407
383 384
383 1408
383 1409
382 383
382 1410
382 1411
381 382
381 1412
381 1413
380 381
380 1414
380 1415
379 380
379 1416
379 1417
378 379
378 1418
378 1419
377 378
377 1420
377 1421
376 377
376 1422
376 1423
375 376
375 1424
375 1425
374 375
374 1426
374 1427
373 374
373 1428
373 1429
372 373
372 1430
372 1431
371 372
371 1432
371 1433
370 371
370 1434
370 1435
369 370
369 1436
369 1437
368 369
368 1438
368 1439
367 368
367 1440
367 1441
366 367
366 1442
366 1443
365 366
365 1444
365 1445
364 365
364 1446
364 1447
363 364
363 1448
363 1449
362 363
362 1450
362 1451
361 362
361 1452
361 1453
360 361
360 1454
360 1455
359 360
359 1456
359 1457
358 359
358 1458
358 1459
357 358
357 1460
357 1461
356 357
356 1462
356 1463
355 356
355 1464
355 1465
354 355
354 1466
354 1467
353 354
353 1468
353 1469
352 353
352 1470
352 1471
351 352
351 1472
351 1473
350 351
350 1474
350 1475
349 350
349 1476
349 1477
348 349
348 1478
348 1479
347 348
347 1480
347 1481
346 347
346 1482
346 1483
345 346
345 1484
345 1485
344 345
344 1486
344 1487
343 344
343 1488
343 1489
342 343
342 1490
342 1491
341 342
341 1492
341 1493
340 341
340 1494
340 1495
339 340
339 1496
339 1497
338 339
338 1498
338 1499
337 338
337 1500
337 1501
336 337
336 1502
336 1503
335 336
335 1504
335 1505
334 335
334 1506
334 1507
333 334
333 1508
333 1509
332 333
332 1510
332 1511
331 332
331 1512
331 1513
330 331
330 1514
330 1515
329 330
329 1516
329 1517
328 329
328 1518
328 1519
327 328
327 1520
327 1521
326 327
326 1522
326 1523
325 326
325 1524
325 1525
324 325
324 1526
324 1527
323 324
323 1528
323 1529
322 323
322 1530
322 1531
321 322
321 1532
321 1533
320 321
320 1534
320 1535
319 320
319 1536
319 1537
318 319
318 1538
318 1539
317 318
317 1540
317 1541
316 317
316 1542
316 1543
315 316
315 1544
315 1545
314 315
314 1546
314 1547
313 314
313 1548
313 1549
312 313
312 1550
312 1551
311 312
311 1552
311 1553
310 311
310 1554
310 1555
309 310
309 1556
309 1557
308 309
308 1558
308 1559
307 308
307 1560
307 1561
306 307
306 1562
306 1563
305 306
305 1564
305 1565
304 305
304 1566
304 1567
303 304
303 1568
303 1569
302 303
302 1570
302 1571
301 302
301 1572
301 1573
300 301
300 1574
300 1575
299 300
299 1576
299 1577
298 299
298 1578
298 1579
297 298
297 1580
297 1581
296 297
296 1582
296 1583
295 296
295 1584
295 1585
294 295
294 1586
294 1587
293 294
293 1588
293 1589
292 293
292 1590
292 1591
291 292
291 1592
291 1593
290 291
290 1594
290 1595
289 290
289 1596
289 1597
288 289
288 1598
288 1599
287 288
287 1600
287 1601
286 287
286 1602
286 1603
285 286
285 1604
285 1605
284 285
284 1606
284 1607
283 284
283 1608
283 1609
282 283
282 1610
282 1611
281 282
281 1612
281 1613
280 281
280 1614
280 1615
279 280
279 1616
279 1617
278 279
278 1618
278 1619
277 278
277 1620
277 1621
276 277
276 1622
276 1623
275 276
275 1624
275 1625
274 275
274 1626
274 1627
273 274
273 1628
273 1629
272 273
272 1630
272 1631
271 272
271 1632
271 1633
270 271
270 1634
270 1635
269 270
269 1636
269 1637
268 269
268 1638
268 1639
267 268
267 1640
267 1641
266 267
266 1642
266 1643
265 266
265 1644
265 1645
264 265
264 1646
264 1647
263 264
263 1648
263 1649
262 263
262 1650
262 1651
261 262
261 1652
261 1653
260 261
260 1654
260 1655
259 260
259 1656
259 1657
258 259
258 1658
258 1659
257 258
257 1660
257 1661
256 257
256 1662
256 1663
255 256
255 1664
255 1665
254 255
254 1666
254 1667
253 254
253 1668
253 1669
252 253
252 1670
252 1671
251 252
251 1672
251 1673
250 251
250 1674
250 1675
249 250
249 1676
249 1677
248 249
248 1678
248 1679
247 248
247 1680
247 1681
246 247
246 1682
246 1683
245 246
245 1684
245 1685
244 245
244 1686
244 1687
243 244
243 1688
243 1689
242 243
242 1690
242 1691
241 242
241 1692
241 1693
240 241
240 1694
240 1695
239 240
239 1696
239 1697
238 239
238 1698
238 1699
237 238
237 1700
237 1701
236 237
236 1702
236 1703
235 236
235 1704
235 1705
234 235
234 1706
234 1707
233 234
233 1708
233 1709
232 233
232 1710
232 1711
231 232
231 1712
231 1713
230 231
230 1714
230 1715
229 230
229 1716
229 1717
228 229
228 1718
228 1719
227 228
227 1720
227 1721
226 227
226 1722
226 1723
225 226
225 1724
225 1725
224 225
224 1726
224 1727
223 224
223 1728
223 1729
222 223
222 1730
222 1731
221 222
221 1732
221 1733
220 221
220 1734
220 1735
219 220
219 1736
219 1737
218 219
218 1738
218 1739
217 218
217 1740
217 1741
216 217
216 1742
216 1743
215 216
215 1744
215 1745
214 215
214 1746
214 1747
213 214
213 1748
213 1749
212 213
212 1750
212 1751
211 212
211 1752
211 1753
210 211
210 1754
210 1755
209 210
209 1756
209 1757
208 209
208 1758
208 1759
207 208
207 1760
207 1761
206 207
206 1762
206 1763
205 206
205 1764
205 1765
204 205
204 1766
204 1767
203 204
203 1768
203 1769
202 203
202 1770
202 1771
201 202
201 1772
201 1773
200 201
200 1774
200 1775
199 200
199 1776
199 1777
198 199
198 1778
198 1779
197 198
197 1780
197 1781
196 197
196 1782
196 1783
195 196
195 1784
195 1785
194 195
194 1786
194 1787
193 194
193 1788
193 1789
192 193
192 1790
192 1791
191 192
191 1792
191 1793
190 191
190 1794
190 1795
189 190
189 1796
189 1797
188 189
188 1798
188 1799
187 188
187 1800
187 1801
186 187
186 1802
186 1803
185 186
185 1804
185 1805
184 185
184 1806
184 1807
183 184
183 1808
183 1809
182 183
182 1810
182 1811
181 182
181 1812
181 1813
180 181
180 1814
180 1815
179 180
179 1816
179 1817
178 179
178 1818
178 1819
177 178
177 1820
177 1821
176 177
176 1822
176 1823
175 176
175 1824
175 1825
174 175
174 1826
174 1827
173 174
173 1828
173 1829
172 173
172 1830
172 1831
171 172
171 1832
171 1833
170 171
170 1834
170 1835
169 170
169 1836
169 1837
168 169
168 1838
168 1839
167 168
167 1840
167 1841
166 167
166 1842
166 1843
165 166
165 1844
165 1845
164 165
164 1846
164 1847
163 164
163 1848
163 1849
162 163
162 1850
162 1851
161 162
161 1852
161 1853
160 161
160 1854
160 1855
159 160
159 1856
159 1857
158 159
158 1858
158 1859
157 158
157 1860
157 1861
156 157
156 1862
156 1863
155 156
155 1864
155 1865
154 155
154 1866
154 1867
153 154
153 1868
153 1869
152 153
152 1870
152 1871
151 152
151 1872
151 1873
150 151
150 1874
150 1875
149 150
149 1876
149 1877
148 149
148 1878
148 1879
147 148
147 1880
147 1881
146 147
146 1882
146 1883
145 146
145 1884
145 1885
144 145
144 1886
144 1887
143 144
143 1888
143 1889
142 143
142 1890
142 1891
141 142
141 1892
141 1893
140 141
140 1894
140 1895
139 140
139 1896
139 1897
138 139
138 1898
138 1899
137 138
137 1900
137 1901
136 137
136 1902
136 1903
135 136
135 1904
135 1905
134 135
134 1906
134 1907
133 134
133 1908
133 1909
132 133
132 1910
132 1911
131 132
131 1912
131 1913
130 131
130 1914
130 1915
129 130
129 1916
129 1917
128 129
128 1918
128 1919
127 128
127 1920
127 1921
126 127
126 1922
126 1923
125 126
125 1924
125 1925
124 125
124 1926
124 1927
123 124
123 1928
123 1929
122 123
122 1930
122 1931
121 122
121 1932
121 1933
120 121
120 1934
120 1935
119 120
119 1936
119 1937
118 119
118 1938
118 1939
117 118
117 1940
117 1941
116 117
116 1942
116 1943
115 116
115 1944
115 1945
114 115
114 1946
114 1947
113 114
113 1948
113 1949
112 113
112 1950
112 1951
111 112
111 1952
111 1953
110 111
110 1954
110 1955
109 110
109 1956
109 1957
108 109
108 1958
108 1959
107 108
107 1960
107 1961
106 107
106 1962
106 1963
105 106
105 1964
105 1965
104 105
104 1966
104 1967
103 104
103 1968
103 1969
102 103
102 1970
102 1971
101 102
101 1972
101 1973
100 101
100 1974
100 1975
99 100
99 1976
99 1977
98 99
98 1978
98 1979
97 98
97 1980
97 1981
96 97
96 1982
96 1983
95 96
95 1984
95 1985
94 95
94 1986
94 1987
93 94
93 1988
93 1989
92 93
92 1990
92 1991
91 92
91 1992
91 1993
90 91
90 1994
90 1995
89 90
89 1996
89 1997
88 89
88 1998
88 1999
87 88
87 2000
87 2001
86 87
86 2002
86 2003
85 86
85 2004
85 2005
84 85
84 2006
84 2007
83 84
83 2008
83 2009
82 83
82 2010
82 2011
81 82
81 2012
81 2013
80 81
80 2014
80 2015
79 80
79 2016
79 2017
78 79
78 2018
78 2019
77 78
77 2020
77 2021
76 77
76 2022
76 2023
75 76
75 2024
75 2025
74 75
74 2026
74 2027
73 74
73 2028
73 2029
72 73
72 2030
72 2031
71 72
71 2032
71 2033
70 71
70 2034
70 2035
69 70
69 2036
69 2037
68 69
68 2038
68 2039
67 68
67 2040
67 2041
66 67
66 2042
66 2043
65 66
65 2044
65 2045
64 65
64 2046
64 2047
63 64
63 2048
63 2049
62 63
62 2050
62 2051
61 62
61 2052
61 2053
60 61
60 2054
60 2055
59 60
59 2056
59 2057
58 59
58 2058
58 2059
57 58
57 2060
57 2061
56 57
56 2062
56 2063
55 56
55 2064
55 2065
54 55
54 2066
54 2067
53 54
53 2068
53 2069
52 53
52 2070
52 2071
51 52
51 2072
51 2073
50 51
50 2074
50 2075
49 50
49 2076
49 2077
48 49
48 2078
48 2079
47 48
47 2080
47 2081
46 47
46 2082
46 2083
45 46
45 2084
45 2085
44 45
44 2086
44 2087
43 44
43 2088
43 2089
42 43
42 2090
42 2091
41 42
41 2092
41 2093
40 41
40 2094
40 2095
39 40
39 2096
39 2097
38 39
38 2098
38 2099
37 38
37 2100
37 2101
36 37
36 2102
36 2103
35 36
35 2104
35 2105
34 35
34 2106
34 2107
33 34
33 2108
33 2109
32 33
32 2110
32 2111
31 32
31 2112
31 2113
30 31
30 2114
30 2115
29 30
29 2116
29 2117
28 29
28 2118
28 2119
27 28
27 2120
27 2121
26 27
26 2122
26 2123
25 26
25 2124
25 2125
24 25
24 2126
24 2127
23 24
23 2128
23 2129
22 23
22 2130
22 2131
21 22
21 2132
21 2133
20 21
20 2134
20 2135
19 20
19 2136
19 2137
18 19
18 2138
18 2139
17 18
17 2140
17 2141
16 17
16 2142
16 2143
15 16
15 2144
15 2145
14 15
14 2146
14 2147
13 14
13 2148
13 2149
12 13
12 2150
12 2151
11 12
11 2152
11 2153
10 11
10 2154
10 2155
9 10
9 2156
9 2157
8 9
8 2158
8 2159
7 8
7 2160
7 2161
6 7
6 2162
6 2163
5 6
5 2164
5 2165
4 5
4 2166
4 2167
3 4
3 2168
3 2169
2 3
2 2170
2 2171
1 2
1 2172
1 2173
1 2331
