2453 29880376
1226 1
1226 2174
1225 1226
1225 2175
1224 1225
1224 2176
1223 1224
1223 2177
1222 1223
1222 2178
1221 1222
1221 2179
1220 1221
1220 2180
1219 1220
1219 2181
1218 1219
1218 2182
1217 1218
1217 2183
1216 1217
1216 2184
1215 1216
1215 2185
1214 1215
1214 2186
1213 1214
1213 2187
1212 1213
1212 2188
1211 1212
1211 2189
1210 1211
1210 2190
1209 1210
1209 2191
1208 1209
1208 2192
1207 1208
1207 2193
1206 1207
1206 2194
1205 1206
1205 2195
1204 1205
1204 2196
1203 1204
1203 2197
1202 1203
1202 2198
1201 1202
1201 2199
1200 1201
1200 2200
1199 1200
1199 2201
1198 1199
1198 2202
1197 1198
1197 2203
1196 1197
1196 2204
1195 1196
1195 2205
1194 1195
1194 2206
1193 1194
1193 2207
1192 1193
1192 2208
1191 1192
1191 2209
1190 1191
1190 2210
1189 1190
1189 2211
1188 1189
1188 2212
1187 1188
1187 2213
1186 1187
1186 2214
1185 1186
1185 2215
1184 1185
1184 2216
1183 1184
1183 2217
1182 1183
1182 2218
1181 1182
1181 2219
1180 1181
1180 2220
1179 1180
1179 2221
1178 1179
1178 2222
1177 1178
1177 2223
1176 1177
1176 2224
1175 1176
1175 2225
1174 1175
1174 2226
1173 1174
1173 2227
1172 1173
1172 2228
1171 1172
1171 2229
1170 1171
1170 2230
1169 1170
1169 2231
1168 1169
1168 2232
1167 1168
1167 2233
1166 1167
1166 2234
1165 1166
1165 2235
1164 1165
1164 2236
1163 1164
1163 2237
1162 1163
1162 2238
1161 1162
1161 2239
1160 1161
1160 2240
1159 1160
1159 2241
1158 1159
1158 2242
1157 1158
1157 2243
1156 1157
1156 2244
1155 1156
1155 2245
1154 1155
1154 2246
1153 1154
1153 2247
1152 1153
1152 2248
1151 1152
1151 2249
1150 1151
1150 2250
1149 1150
1149 2251
1148 1149
1148 2252
1147 1148
1147 2253
1146 1147
1146 2254
1145 1146
1145 2255
1144 1145
1144 2256
1143 1144
1143 2257
1142 1143
1142 2258
1141 1142
1141 2259
1140 1141
1140 2260
1139 1140
1139 2261
1138 1139
1138 2262
1137 1138
1137 2263
1136 1137
1136 2264
1135 1136
1135 2265
1134 1135
1134 2266
1133 1134
1133 2267
1132 1133
1132 2268
1131 1132
1131 2269
1130 1131
1130 2270
1129 1130
1129 2271
1128 1129
1128 2272
1127 1128
1127 2273
1126 1127
1126 2274
1125 1126
1125 2275
1124 1125
1124 2276
1123 1124
1123 2277
1122 1123
1122 2278
1121 1122
1121 2279
1120 1121
1120 2280
1119 1120
1119 2281
1118 1119
1118 2282
1117 1118
1117 2283
1116 1117
1116 2284
1115 1116
1115 2285
1114 1115
1114 2286
1113 1114
1113 2287
1112 1113
1112 2288
1111 1112
1111 2289
1110 1111
1110 2290
1109 1110
1109 2291
1108 1109
1108 2292
1107 1108
1107 2293
1106 1107
1106 2294
1105 1106
1105 2295
1104 1105
1104 2296
1103 1104
1103 2297
1102 1103
1102 2298
1101 1102
1101 2299
1100 1101
1100 2300
1099 1100
1099 2301
1098 1099
1098 2302
1097 1098
1097 2303
1096 1097
1096 2304
1095 1096
1095 2305
1094 1095
1094 2306
1093 1094
1093 2307
1092 1093
1092 2308
1091 1092
1091 2309
1090 1091
1090 2310
1089 1090
1089 2311
1088 1089
1088 2312
1087 1088
1087 2313
1086 1087
1086 2314
1085 1086
1085 2315
1084 1085
1084 2316
1083 1084
1083 2317
1082 1083
1082 2318
1081 1082
1081 2319
1080 1081
1080 2320
1079 1080
1079 2321
1078 1079
1078 2322
1077 1078
1077 2323
1076 1077
1076 2324
1075 1076
1075 2325
1074 1075
1074 2326
1073 1074
1073 2327
1072 1073
1072 2328
1071 1072
1071 2329
1070 1071
1070 2330
1069 1070
1069 2331
1068 1069
1068 1227
1067 1068
1067 1228
1066 1067
1066 1229
1065 1066
1065 1230
1064 1065
1064 1231
1063 1064
1063 1232
1062 1063
1062 1233
1061 1062
1061 1234
1060 1061
1060 1235
1059 1060
1059 1236
1058 1059
1058 1237
1057 1058
1057 1238
1056 1057
1056 1239
1055 1056
1055 1240
1054 1055
1054 1241
1053 1054
1053 1242
1052 1053
1052 1243
1051 1052
1051 1244
1050 1051
1050 1245
1049 1050
1049 1246
1048 1049
1048 1247
1047 1048
1047 1248
1046 1047
1046 1249
1045 1046
1045 1250
1044 1045
1044 1251
1043 1044
1043 1252
1042 1043
1042 1253
1041 1042
1041 1254
1040 1041
1040 1255
1039 1040
1039 1256
1038 1039
1038 1257
1037 1038
1037 1258
1036 1037
1036 1259
1035 1036
1035 1260
1034 1035
1034 1261
1033 1034
1033 1262
1032 1033
1032 1263
1031 1032
1031 1264
1030 1031
1030 1265
1029 1030
1029 1266
1028 1029
1028 1267
1027 1028
1027 1268
1026 1027
1026 1269
1025 1026
1025 1270
1024 1025
1024 1271
1023 1024
1023 1272
1022 1023
1022 1273
1021 1022
1021 1274
1020 1021
1020 1275
1019 1020
1019 1276
1018 1019
1018 1277
1017 1018
1017 1278
1016 1017
1016 1279
1015 1016
1015 1280
1014 1015
1014 1281
1013 1014
1013 1282
1012 1013
1012 1283
1011 1012
1011 1284
1010 1011
1010 1285
1009 1010
1009 1286
1008 1009
1008 1287
1007 1008
1007 1288
1006 1007
1006 1289
1005 1006
1005 1290
1004 1005
1004 1291
1003 1004
1003 1292
1002 1003
1002 1293
1001 1002
1001 1294
1000 1001
1000 1295
999 1000
999 1296
998 999
998 1297
997 998
997 1298
996 997
996 1299
995 996
995 1300
994 995
994 1301
993 994
993 1302
992 993
992 1303
991 992
991 1304
990 991
990 1305
989 990
989 1306
988 989
988 1307
987 988
987 1308
986 987
986 1309
985 986
985 1310
984 985
984 1311
983 984
983 1312
982 983
982 1313
981 982
981 1314
980 981
980 1315
979 980
979 1316
978 979
978 1317
977 978
977 1318
976 977
976 1319
975 976
975 1320
974 975
974 1321
973 974
973 1322
972 973
972 1323
971 972
971 1324
970 971
970 1325
969 970
969 1326
968 969
968 1327
967 968
967 1328
966 967
966 1329
965 966
965 1330
964 965
964 1331
963 964
963 1332
962 963
962 1333
961 962
961 1334
960 961
960 1335
959 960
959 1336
958 959
958 1337
957 958
957 1338
956 957
956 1339
955 956
955 1340
954 955
954 1341
953 954
953 1342
952 953
952 1343
951 952
951 1344
950 951
950 1345
949 950
949 1346
948 949
948 1347
947 948
947 1348
946 947
946 1349
945 946
945 1350
944 945
944 1351
943 944
943 1352
942 943
942 1353
941 942
941 1354
940 941
940 1355
939 940
939 1356
938 939
938 1357
937 938
937 1358
936 937
936 1359
935 936
935 1360
934 935
934 1361
933 934
933 1362
932 933
932 1363
931 932
931 1364
930 931
930 1365
929 930
929 1366
928 929
928 1367
927 928
927 1368
926 927
926 1369
925 926
925 1370
924 925
924 1371
923 924
923 1372
922 923
922 1373
921 922
921 1374
920 921
920 1375
919 920
919 1376
918 919
918 1377
917 918
917 1378
916 917
916 1379
915 916
915 1380
914 915
914 1381
913 914
913 1382
912 913
912 1383
911 912
911 1384
910 911
910 1385
909 910
909 1386
908 909
908 1387
907 908
907 1388
906 907
906 1389
905 906
905 1390
904 905
904 1391
903 904
903 1392
902 903
902 1393
901 902
901 1394
900 901
900 1395
899 900
899 1396
898 899
898 1397
897 898
897 1398
896 897
896 1399
895 896
895 1400
894 895
894 1401
893 894
893 1402
892 893
892 1403
891 892
891 1404
890 891
890 1405
889 890
889 1406
888 889
888 1407
887 888
887 1408
886 887
886 1409
885 886
885 1410
884 885
884 1411
883 884
883 1412
882 883
882 1413
881 882
881 1414
880 881
880 1415
879 880
879 1416
878 879
878 1417
877 878
877 1418
876 877
876 1419
875 876
875 1420
874 875
874 1421
873 874
873 1422
872 873
872 1423
871 872
871 1424
870 871
870 1425
869 870
869 1426
868 869
868 1427
867 868
867 1428
866 867
866 1429
865 866
865 1430
864 865
864 1431
863 864
863 1432
862 863
862 1433
861 862
861 1434
860 861
860 1435
859 860
859 1436
858 859
858 1437
857 858
857 1438
856 857
856 1439
855 856
855 1440
854 855
854 1441
853 854
853 1442
852 853
852 1443
851 852
851 1444
850 851
850 1445
849 850
849 1446
848 849
848 1447
847 848
847 1448
846 847
846 1449
845 846
845 1450
844 845
844 1451
843 844
843 1452
842 843
842 1453
841 842
841 1454
840 841
840 1455
839 840
839 1456
838 839
838 1457
837 838
837 1458
836 837
836 1459
835 836
835 1460
834 835
834 1461
833 834
833 1462
832 833
832 1463
831 832
831 1464
830 831
830 1465
829 830
829 1466
828 829
828 1467
827 828
827 1468
826 827
826 1469
825 826
825 1470
824 825
824 1471
823 824
823 1472
822 823
822 1473
821 822
821 1474
820 821
820 1475
819 820
819 1476
818 819
818 1477
817 818
817 1478
816 817
816 1479
815 816
815 1480
814 815
814 1481
813 814
813 1482
812 813
812 1483
811 812
811 1484
810 811
810 1485
809 810
809 1486
808 809
808 1487
807 808
807 1488
806 807
806 1489
805 806
805 1490
804 805
804 1491
803 804
803 1492
802 803
802 1493
801 802
801 1494
800 801
800 1495
799 800
799 1496
798 799
798 1497
797 798
797 1498
796 797
796 1499
795 796
795 1500
794 795
794 1501
793 794
793 1502
792 793
792 1503
791 792
791 1504
790 791
790 1505
789 790
789 1506
788 789
788 1507
787 788
787 1508
786 787
786 1509
785 786
785 1510
784 785
784 1511
783 784
783 1512
782 783
782 1513
781 782
781 1514
780 781
780 1515
779 780
779 1516
778 779
778 1517
777 778
777 1518
776 777
776 1519
775 776
775 1520
774 775
774 1521
773 774
773 1522
772 773
772 1523
771 772
771 1524
770 771
770 1525
769 770
769 1526
768 769
768 1527
767 768
767 1528
766 767
766 1529
765 766
765 1530
764 765
764 1531
763 764
763 1532
762 763
762 1533
761 762
761 1534
760 761
760 1535
759 760
759 1536
758 759
758 1537
757 758
757 1538
756 757
756 1539
755 756
755 1540
754 755
754 1541
753 754
753 1542
752 753
752 1543
751 752
751 1544
750 751
750 1545
749 750
749 1546
748 749
748 1547
747 748
747 1548
746 747
746 1549
745 746
745 1550
744 745
744 1551
743 744
743 1552
742 743
742 1553
741 742
741 1554
740 741
740 1555
739 740
739 1556
738 739
738 1557
737 738
737 1558
736 737
736 1559
735 736
735 1560
734 735
734 1561
733 734
733 1562
732 733
732 1563
731 732
731 1564
730 731
730 1565
729 730
729 1566
728 729
728 1567
727 728
727 1568
726 727
726 1569
725 726
725 1570
724 725
724 1571
723 724
723 1572
722 723
722 1573
721 722
721 1574
720 721
720 1575
719 720
719 1576
718 719
718 1577
717 718
717 1578
716 717
716 1579
715 716
715 1580
714 715
714 1581
713 714
713 1582
712 713
712 1583
711 712
711 1584
710 711
710 1585
709 710
709 1586
708 709
708 1587
707 708
707 1588
706 707
706 1589
705 706
705 1590
704 705
704 1591
703 704
703 1592
702 703
702 1593
701 702
701 1594
700 701
700 1595
699 700
699 1596
698 699
698 1597
697 698
697 1598
696 697
696 1599
695 696
695 1600
694 695
694 1601
693 694
693 1602
692 693
692 1603
691 692
691 1604
690 691
690 1605
689 690
689 1606
688 689
688 1607
687 688
687 1608
686 687
686 1609
685 686
685 1610
684 685
684 1611
683 684
683 1612
682 683
682 1613
681 682
681 1614
680 681
680 1615
679 680
679 1616
678 679
678 1617
677 678
677 1618
676 677
676 1619
675 676
675 1620
674 675
674 1621
673 674
673 1622
672 673
672 1623
671 672
671 1624
670 671
670 1625
669 670
669 1626
668 669
668 1627
667 668
667 1628
666 667
666 1629
665 666
665 1630
664 665
664 1631
663 664
663 1632
662 663
662 1633
661 662
661 1634
660 661
660 1635
659 660
659 1636
658 659
658 1637
657 658
657 1638
656 657
656 1639
655 656
655 1640
654 655
654 1641
653 654
653 1642
652 653
652 1643
651 652
651 1644
650 651
650 1645
649 650
649 1646
648 649
648 1647
647 648
647 1648
646 647
646 1649
645 646
645 1650
644 645
644 1651
643 644
643 1652
642 643
642 1653
641 642
641 1654
640 641
640 1655
639 640
639 1656
638 639
638 1657
637 638
637 1658
636 637
636 1659
635 636
635 1660
634 635
634 1661
633 634
633 1662
632 633
632 1663
631 632
631 1664
630 631
630 1665
629 630
629 1666
628 629
628 1667
627 628
627 1668
626 627
626 1669
625 626
625 1670
624 625
624 1671
623 624
623 1672
622 623
622 1673
621 622
621 1674
620 621
620 1675
619 620
619 1676
618 619
618 1677
617 618
617 1678
616 617
616 1679
615 616
615 1680
614 615
614 1681
613 614
613 1682
612 613
612 1683
611 612
611 1684
610 611
610 1685
609 610
609 1686
608 609
608 1687
607 608
607 1688
606 607
606 1689
605 606
605 1690
604 605
604 1691
603 604
603 1692
602 603
602 1693
601 602
601 1694
600 601
600 1695
599 600
599 1696
598 599
598 1697
597 598
597 1698
596 597
596 1699
595 596
595 1700
594 595
594 1701
593 594
593 1702
592 593
592 1703
591 592
591 1704
590 591
590 1705
589 590
589 1706
588 589
588 1707
587 588
587 1708
586 587
586 1709
585 586
585 1710
584 585
584 1711
583 584
583 1712
582 583
582 1713
581 582
581 1714
580 581
580 1715
579 580
579 1716
578 579
578 1717
577 578
577 1718
576 577
576 1719
575 576
575 1720
574 575
574 1721
573 574
573 1722
572 573
572 1723
571 572
571 1724
570 571
570 1725
569 570
569 1726
568 569
568 1727
567 568
567 1728
566 567
566 1729
565 566
565 1730
564 565
564 1731
563 564
563 1732
562 563
562 1733
561 562
561 1734
560 561
560 1735
559 560
559 1736
558 559
558 1737
557 558
557 1738
556 557
556 1739
555 556
555 1740
554 555
554 1741
553 554
553 1742
552 553
552 1743
551 552
551 1744
550 551
550 1745
549 550
549 1746
548 549
548 1747
547 548
547 1748
546 547
546 1749
545 546
545 1750
544 545
544 1751
543 544
543 1752
542 543
542 1753
541 542
541 1754
540 541
540 1755
539 540
539 1756
538 539
538 1757
537 538
537 1758
536 537
536 1759
535 536
535 1760
534 535
534 1761
533 534
533 1762
532 533
532 1763
531 532
531 1764
530 531
530 1765
529 530
529 1766
528 529
528 1767
527 528
527 1768
526 527
526 1769
525 526
525 1770
524 525
524 1771
523 524
523 1772
522 523
522 1773
521 522
521 1774
520 521
520 1775
519 520
519 1776
518 519
518 1777
517 518
517 1778
516 517
516 1779
515 516
515 1780
514 515
514 1781
513 514
513 1782
512 513
512 1783
511 512
511 1784
510 511
510 1785
509 510
509 1786
508 509
508 1787
507 508
507 1788
506 507
506 1789
505 506
505 1790
504 505
504 1791
503 504
503 1792
502 503
502 1793
501 502
501 1794
500 501
500 1795
499 500
499 1796
498 499
498 1797
497 498
497 1798
496 497
496 1799
495 496
495 1800
494 495
494 1801
493 494
493 1802
492 493
492 1803
491 492
491 1804
490 491
490 1805
489 490
489 1806
488 489
488 1807
487 488
487 1808
486 487
486 1809
485 486
485 1810
484 485
484 1811
483 484
483 1812
482 483
482 1813
481 482
481 1814
480 481
480 1815
479 480
479 1816
478 479
478 1817
477 478
477 1818
476 477
476 1819
475 476
475 1820
474 475
474 1821
473 474
473 1822
472 473
472 1823
471 472
471 1824
470 471
470 1825
469 470
469 1826
468 469
468 1827
467 468
467 1828
466 467
466 1829
465 466
465 1830
464 465
464 1831
463 464
463 1832
462 463
462 1833
461 462
461 1834
460 461
460 1835
459 460
459 1836
458 459
458 1837
457 458
457 1838
456 457
456 1839
455 456
455 1840
454 455
454 1841
453 454
453 1842
452 453
452 1843
451 452
451 1844
450 451
450 1845
449 450
449 1846
448 449
448 1847
447 448
447 1848
446 447
446 1849
445 446
445 1850
444 445
444 1851
443 444
443 1852
442 443
442 1853
441 442
441 1854
440 441
440 1855
439 440
439 1856
438 439
438 1857
437 438
437 1858
436 437
436 1859
435 436
435 1860
434 435
434 1861
433 434
433 1862
432 433
432 1863
431 432
431 1864
430 431
430 1865
429 430
429 1866
428 429
428 1867
427 428
427 1868
426 427
426 1869
425 426
425 1870
424 425
424 1871
423 424
423 1872
422 423
422 1873
421 422
421 1874
420 421
420 1875
419 420
419 1876
418 419
418 1877
417 418
417 1878
416 417
416 1879
415 416
415 1880
414 415
414 1881
413 414
413 1882
412 413
412 1883
411 412
411 1884
410 411
410 1885
409 410
409 1886
408 409
408 1887
407 408
407 1888
406 407
406 1889
405 406
405 1890
404 405
404 1891
403 404
403 1892
402 403
402 1893
401 402
401 1894
400 401
400 1895
399 400
399 1896
398 399
398 1897
397 398
397 1898
396 397
396 1899
395 396
395 1900
394 395
394 1901
393 394
393 1902
392 393
392 1903
391 392
391 1904
390 391
390 1905
389 390
389 1906
388 389
388 1907
387 388
387 1908
386 387
386 1909
385 386
385 1910
384 385
384 1911
383 384
383 1912
382 383
382 1913
381 382
381 1914
380 381
380 1915
379 380
379 1916
378 379
378 1917
377 378
377 1918
376 377
376 1919
375 376
375 1920
374 375
374 1921
373 374
373 1922
372 373
372 1923
371 372
371 1924
370 371
370 1925
369 370
369 1926
368 369
368 1927
367 368
367 1928
366 367
366 1929
365 366
365 1930
364 365
364 1931
363 364
363 1932
362 363
362 1933
361 362
361 1934
360 361
360 1935
359 360
359 1936
358 359
358 1937
357 358
357 1938
356 357
356 1939
355 356
355 1940
354 355
354 1941
353 354
353 1942
352 353
352 1943
351 352
351 1944
350 351
350 1945
349 350
349 1946
348 349
348 1947
347 348
347 1948
346 347
346 1949
345 346
345 1950
344 345
344 1951
343 344
343 1952
342 343
342 1953
341 342
341 1954
340 341
340 1955
339 340
339 1956
338 339
338 1957
337 338
337 1958
336 337
336 1959
335 336
335 1960
334 335
334 1961
333 334
333 1962
332 333
332 1963
331 332
331 1964
330 331
330 1965
329 330
329 1966
328 329
328 1967
327 328
327 1968
326 327
326 1969
325 326
325 1970
324 325
324 1971
323 324
323 1972
322 323
322 1973
321 322
321 1974
320 321
320 1975
319 320
319 1976
318 319
318 1977
317 318
317 1978
316 317
316 1979
315 316
315 1980
314 315
314 1981
313 314
313 1982
312 313
312 1983
311 312
311 1984
310 311
310 1985
309 310
309 1986
308 309
308 1987
307 308
307 1988
306 307
306 1989
305 306
305 1990
304 305
304 1991
303 304
303 1992
302 303
302 1993
301 302
301 1994
300 301
300 1995
299 300
299 1996
298 299
298 1997
297 298
297 1998
296 297
296 1999
295 296
295 2000
294 295
294 2001
293 294
293 2002
292 293
292 2003
291 292
291 2004
290 291
290 2005
289 290
289 2006
288 289
288 2007
287 288
287 2008
286 287
286 2009
285 286
285 2010
284 285
284 2011
283 284
283 2012
282 283
282 2013
281 282
281 2014
280 281
280 2015
279 280
279 2016
278 279
278 2017
277 278
277 2018
276 277
276 2019
275 276
275 2020
274 275
274 2021
273 274
273 2022
272 273
272 2023
271 272
271 2024
270 271
270 2025
269 270
269 2026
268 269
268 2027
267 268
267 2028
266 267
266 2029
265 266
265 2030
264 265
264 2031
263 264
263 2032
262 263
262 2033
261 262
261 2034
260 261
260 2035
259 260
259 2036
258 259
258 2037
257 258
257 2038
256 257
256 2039
255 256
255 2040
254 255
254 2041
253 254
253 2042
252 253
252 2043
251 252
251 2044
250 251
250 2045
249 250
249 2046
248 249
248 2047
247 248
247 2048
246 247
246 2049
245 246
245 2050
244 245
244 2051
243 244
243 2052
242 243
242 2053
241 242
241 2054
240 241
240 2055
239 240
239 2056
238 239
238 2057
237 238
237 2058
236 237
236 2059
235 236
235 2060
234 235
234 2061
233 234
233 2062
232 233
232 2063
231 232
231 2064
230 231
230 2065
229 230
229 2066
228 229
228 2067
227 228
227 2068
226 227
226 2069
225 226
225 2070
224 225
224 2071
223 224
223 2072
222 223
222 2073
221 222
221 2074
220 221
220 2075
219 220
219 2076
218 219
218 2077
217 218
217 2078
216 217
216 2079
215 216
215 2080
214 215
214 2081
213 214
213 2082
212 213
212 2083
211 212
211 2084
210 211
210 2085
209 210
209 2086
208 209
208 2087
207 208
207 2088
206 207
206 2089
205 206
205 2090
204 205
204 2091
203 204
203 2092
202 203
202 2093
201 202
201 2094
200 201
200 2095
199 200
199 2096
198 199
198 2097
197 198
197 2098
196 197
196 2099
195 196
195 2100
194 195
194 2101
193 194
193 2102
192 193
192 2103
191 192
191 2104
190 191
190 2105
189 190
189 2106
188 189
188 2107
187 188
187 2108
186 187
186 2109
185 186
185 2110
184 185
184 2111
183 184
183 2112
182 183
182 2113
181 182
181 2114
180 181
180 2115
179 180
179 2116
178 179
178 2117
177 178
177 2118
176 177
176 2119
175 176
175 2120
174 175
174 2121
173 174
173 2122
172 173
172 2123
171 172
171 2124
170 171
170 2125
169 170
169 2126
168 169
168 2127
167 168
167 2128
166 167
166 2129
165 166
165 2130
164 165
164 2131
163 164
163 2132
162 163
162 2133
161 162
161 2134
160 161
160 2135
159 160
159 2136
158 159
158 2137
157 158
157 2138
156 157
156 2139
155 156
155 2140
154 155
154 2141
153 154
153 2142
152 153
152 2143
151 152
151 2144
150 151
150 2145
149 150
149 2146
148 149
148 2147
147 148
147 2148
146 147
146 2149
145 146
145 2150
144 145
144 2151
143 144
143 2152
142 143
142 2153
141 142
141 2154
140 141
140 2155
139 140
139 2156
138 139
138 2157
137 138
137 2158
136 137
136 2159
135 136
135 2160
134 135
134 2161
133 134
133 2162
132 133
132 2163
131 132
131 2164
130 131
130 2165
129 130
129 2166
128 129
128 2167
127 128
127 2168
126 127
126 2169
125 126
125 2170
124 125
124 2171
123 124
123 2172
122 123
122 2173
121 122
121 2174
120 121
120 2175
119 120
119 2176
118 119
118 2177
117 118
117 2178
116 117
116 2179
115 116
115 2180
114 115
114 2181
113 114
113 2182
112 113
112 2183
111 112
111 2184
110 111
110 2185
109 110
109 2186
108 109
108 2187
107 108
107 2188
106 107
106 2189
105 106
105 2190
104 105
104 2191
103 104
103 2192
102 103
102 2193
101 102
101 2194
100 101
100 2195
99 100
99 2196
98 99
98 2197
97 98
97 2198
96 97
96 2199
95 96
95 2200
94 95
94 2201
93 94
93 2202
92 93
92 2203
91 92
91 2204
90 91
90 2205
89 90
89 2206
88 89
88 2207
87 88
87 2208
86 87
86 2209
85 86
85 2210
84 85
84 2211
83 84
83 2212
82 83
82 2213
81 82
81 2214
80 81
80 2215
79 80
79 2216
78 79
78 2217
77 78
77 2218
76 77
76 2219
75 76
75 2220
74 75
74 2221
73 74
73 2222
72 73
72 2223
71 72
71 2224
70 71
70 2225
69 70
69 2226
68 69
68 2227
67 68
67 2228
66 67
66 2229
65 66
65 2230
64 65
64 2231
63 64
63 2232
62 63
62 2233
61 62
61 2234
60 61
60 2235
59 60
59 2236
58 59
58 2237
57 58
57 2238
56 57
56 2239
55 56
55 2240
54 55
54 2241
53 54
53 2242
52 53
52 2243
51 52
51 2244
50 51
50 2245
49 50
49 2246
48 49
48 2247
47 48
47 2248
46 47
46 2249
45 46
45 2250
44 45
44 2251
43 44
43 2252
42 43
42 2253
41 42
41 2254
40 41
40 2255
39 40
39 2256
38 39
38 2257
37 38
37 2258
36 37
36 2259
35 36
35 2260
34 35
34 2261
33 34
33 2262
32 33
32 2263
31 32
31 2264
30 31
30 2265
29 30
29 2266
28 29
28 2267
27 28
27 2268
26 27
26 2269
25 26
25 2270
24 25
24 2271
23 24
23 2272
22 23
22 2273
21 22
21 2274
20 21
20 2275
19 20
19 2276
18 19
18 2277
17 18
17 2278
16 17
16 2279
15 16
15 2280
14 15
14 2281
13 14
13 2282
12 13
12 2283
11 12
11 2284
10 11
10 2285
9 10
9 2286
8 9
8 2287
7 8
7 2288
6 7
6 2289
5 6
5 2290
4 5
4 2291
3 4
3 2292
2 3
2 2293
1 2
1 2294
1 2454
