2423 21435242
485 1
485 2295
485 2296
485 2297
485 2298
484 485
484 2299
484 2300
484 2301
484 2302
483 484
483 2303
483 2304
483 2305
483 2306
482 483
482 2307
482 2308
482 2309
482 2310
481 482
481 2311
481 2312
481 2313
481 2314
480 481
480 2315
480 2316
480 2317
480 2318
479 480
479 2319
479 2320
479 2321
479 2322
478 479
478 2323
478 2324
478 2325
478 2326
477 478
477 2327
477 2328
477 2329
477 2330
476 477
476 2331
476 2332
476 2333
476 2334
475 476
475 2335
475 2336
475 2337
475 2338
474 475
474 2339
474 2340
474 2341
474 2342
473 474
473 2343
473 2344
473 2345
473 2346
472 473
472 2347
472 2348
472 2349
472 2350
471 472
471 2351
471 2352
471 2353
471 2354
470 471
470 2355
470 2356
470 2357
470 2358
469 470
469 2359
469 2360
469 2361
469 2362
468 469
468 2363
468 2364
468 2365
468 2366
467 468
467 2367
467 2368
467 2369
467 2370
466 467
466 2371
466 2372
466 2373
466 2374
465 466
465 2375
465 2376
465 2377
465 2378
464 465
464 2379
464 2380
464 2381
464 2382
463 464
463 2383
463 2384
463 2385
463 2386
462 463
462 2387
462 2388
462 2389
462 2390
461 462
461 2391
461 2392
461 2393
461 2394
460 461
460 2395
460 2396
460 2397
460 2398
459 460
459 2399
459 2400
459 2401
459 2402
458 459
458 2403
458 2404
458 2405
458 2406
457 458
457 2407
457 2408
457 2409
457 2410
456 457
456 2411
456 2412
456 2413
456 2414
455 456
455 2415
455 2416
455 2417
455 2418
454 455
454 2419
454 2420
454 2421
454 2422
453 454
453 2423
453 2424
453 2425
453 2426
452 453
452 2427
452 2428
452 2429
452 2430
451 452
451 2431
451 2432
451 2433
451 2434
450 451
450 2435
450 2436
450 2437
450 2438
449 450
449 2439
449 2440
449 2441
449 2442
448 449
448 2443
448 2444
448 2445
448 2446
447 448
447 2447
447 2448
447 2449
447 2450
446 447
446 2451
446 2452
446 2453
446 2454
445 446
445 2492
445 2493
445 2448
445 2449
444 445
444 486
444 487
444 488
444 489
443 444
443 490
443 491
443 492
443 493
442 443
442 494
442 495
442 496
442 497
441 442
441 498
441 499
441 500
441 501
440 441
440 502
440 503
440 504
440 505
439 440
439 506
439 507
439 508
439 509
438 439
438 510
438 511
438 512
438 513
437 438
437 514
437 515
437 516
437 517
436 437
436 518
436 519
436 520
436 521
435 436
435 522
435 523
435 524
435 525
434 435
434 526
434 527
434 528
434 529
433 434
433 530
433 531
433 532
433 533
432 433
432 534
432 535
432 536
432 537
431 432
431 538
431 539
431 540
431 541
430 431
430 542
430 543
430 544
430 545
429 430
429 546
429 547
429 548
429 549
428 429
428 550
428 551
428 552
428 553
427 428
427 554
427 555
427 556
427 557
426 427
426 558
426 559
426 560
426 561
425 426
425 562
425 563
425 564
425 565
424 425
424 566
424 567
424 568
424 569
423 424
423 570
423 571
423 572
423 573
422 423
422 574
422 575
422 576
422 577
421 422
421 578
421 579
421 580
421 581
420 421
420 582
420 583
420 584
420 585
419 420
419 586
419 587
419 588
419 589
418 419
418 590
418 591
418 592
418 593
417 418
417 594
417 595
417 596
417 597
416 417
416 598
416 599
416 600
416 601
415 416
415 602
415 603
415 604
415 605
414 415
414 606
414 607
414 608
414 609
413 414
413 610
413 611
413 612
413 613
412 413
412 614
412 615
412 616
412 617
411 412
411 618
411 619
411 620
411 621
410 411
410 622
410 623
410 624
410 625
409 410
409 626
409 627
409 628
409 629
408 409
408 630
408 631
408 632
408 633
407 408
407 634
407 635
407 636
407 637
406 407
406 638
406 639
406 640
406 641
405 406
405 642
405 643
405 644
405 645
404 405
404 646
404 647
404 648
404 649
403 404
403 650
403 651
403 652
403 653
402 403
402 654
402 655
402 656
402 657
401 402
401 658
401 659
401 660
401 661
400 401
400 662
400 663
400 664
400 665
399 400
399 666
399 667
399 668
399 669
398 399
398 670
398 671
398 672
398 673
397 398
397 674
397 675
397 676
397 677
396 397
396 678
396 679
396 680
396 681
395 396
395 682
395 683
395 684
395 685
394 395
394 686
394 687
394 688
394 689
393 394
393 690
393 691
393 692
393 693
392 393
392 694
392 695
392 696
392 697
391 392
391 698
391 699
391 700
391 701
390 391
390 702
390 703
390 704
390 705
389 390
389 706
389 707
389 708
389 709
388 389
388 710
388 711
388 712
388 713
387 388
387 714
387 715
387 716
387 717
386 387
386 718
386 719
386 720
386 721
385 386
385 722
385 723
385 724
385 725
384 385
384 726
384 727
384 728
384 729
383 384
383 730
383 731
383 732
383 733
382 383
382 734
382 735
382 736
382 737
381 382
381 738
381 739
381 740
381 741
380 381
380 742
380 743
380 744
380 745
379 380
379 746
379 747
379 748
379 749
378 379
378 750
378 751
378 752
378 753
377 378
377 754
377 755
377 756
377 757
376 377
376 758
376 759
376 760
376 761
375 376
375 762
375 763
375 764
375 765
374 375
374 766
374 767
374 768
374 769
373 374
373 770
373 771
373 772
373 773
372 373
372 774
372 775
372 776
372 777
371 372
371 778
371 779
371 780
371 781
370 371
370 782
370 783
370 784
370 785
369 370
369 786
369 787
369 788
369 789
368 369
368 790
368 791
368 792
368 793
367 368
367 794
367 795
367 796
367 797
366 367
366 798
366 799
366 800
366 801
365 366
365 802
365 803
365 804
365 805
364 365
364 806
364 807
364 808
364 809
363 364
363 810
363 811
363 812
363 813
362 363
362 814
362 815
362 816
362 817
361 362
361 818
361 819
361 820
361 821
360 361
360 822
360 823
360 824
360 825
359 360
359 826
359 827
359 828
359 829
358 359
358 830
358 831
358 832
358 833
357 358
357 834
357 835
357 836
357 837
356 357
356 838
356 839
356 840
356 841
355 356
355 842
355 843
355 844
355 845
354 355
354 846
354 847
354 848
354 849
353 354
353 850
353 851
353 852
353 853
352 353
352 854
352 855
352 856
352 857
351 352
351 858
351 859
351 860
351 861
350 351
350 862
350 863
350 864
350 865
349 350
349 866
349 867
349 868
349 869
348 349
348 870
348 871
348 872
348 873
347 348
347 874
347 875
347 876
347 877
346 347
346 878
346 879
346 880
346 881
345 346
345 882
345 883
345 884
345 885
344 345
344 886
344 887
344 888
344 889
343 344
343 890
343 891
343 892
343 893
342 343
342 894
342 895
342 896
342 897
341 342
341 898
341 899
341 900
341 901
340 341
340 902
340 903
340 904
340 905
339 340
339 906
339 907
339 908
339 909
338 339
338 910
338 911
338 912
338 913
337 338
337 914
337 915
337 916
337 917
336 337
336 918
336 919
336 920
336 921
335 336
335 922
335 923
335 924
335 925
334 335
334 926
334 927
334 928
334 929
333 334
333 930
333 931
333 932
333 933
332 333
332 934
332 935
332 936
332 937
331 332
331 938
331 939
331 940
331 941
330 331
330 942
330 943
330 944
330 945
329 330
329 946
329 947
329 948
329 949
328 329
328 950
328 951
328 952
328 953
327 328
327 954
327 955
327 956
327 957
326 327
326 958
326 959
326 960
326 961
325 326
325 962
325 963
325 964
325 965
324 325
324 966
324 967
324 968
324 969
323 324
323 970
323 971
323 972
323 973
322 323
322 974
322 975
322 976
322 977
321 322
321 978
321 979
321 980
321 981
320 321
320 982
320 983
320 984
320 985
319 320
319 986
319 987
319 988
319 989
318 319
318 990
318 991
318 992
318 993
317 318
317 994
317 995
317 996
317 997
316 317
316 998
316 999
316 1000
316 1001
315 316
315 1002
315 1003
315 1004
315 1005
314 315
314 1006
314 1007
314 1008
314 1009
313 314
313 1010
313 1011
313 1012
313 1013
312 313
312 1014
312 1015
312 1016
312 1017
311 312
311 1018
311 1019
311 1020
311 1021
310 311
310 1022
310 1023
310 1024
310 1025
309 310
309 1026
309 1027
309 1028
309 1029
308 309
308 1030
308 1031
308 1032
308 1033
307 308
307 1034
307 1035
307 1036
307 1037
306 307
306 1038
306 1039
306 1040
306 1041
305 306
305 1042
305 1043
305 1044
305 1045
304 305
304 1046
304 1047
304 1048
304 1049
303 304
303 1050
303 1051
303 1052
303 1053
302 303
302 1054
302 1055
302 1056
302 1057
301 302
301 1058
301 1059
301 1060
301 1061
300 301
300 1062
300 1063
300 1064
300 1065
299 300
299 1066
299 1067
299 1068
299 1069
298 299
298 1070
298 1071
298 1072
298 1073
297 298
297 1074
297 1075
297 1076
297 1077
296 297
296 1078
296 1079
296 1080
296 1081
295 296
295 1082
295 1083
295 1084
295 1085
294 295
294 1086
294 1087
294 1088
294 1089
293 294
293 1090
293 1091
293 1092
293 1093
292 293
292 1094
292 1095
292 1096
292 1097
291 292
291 1098
291 1099
291 1100
291 1101
290 291
290 1102
290 1103
290 1104
290 1105
289 290
289 1106
289 1107
289 1108
289 1109
288 289
288 1110
288 1111
288 1112
288 1113
287 288
287 1114
287 1115
287 1116
287 1117
286 287
286 1118
286 1119
286 1120
286 1121
285 286
285 1122
285 1123
285 1124
285 1125
284 285
284 1126
284 1127
284 1128
284 1129
283 284
283 1130
283 1131
283 1132
283 1133
282 283
282 1134
282 1135
282 1136
282 1137
281 282
281 1138
281 1139
281 1140
281 1141
280 281
280 1142
280 1143
280 1144
280 1145
279 280
279 1146
279 1147
279 1148
279 1149
278 279
278 1150
278 1151
278 1152
278 1153
277 278
277 1154
277 1155
277 1156
277 1157
276 277
276 1158
276 1159
276 1160
276 1161
275 276
275 1162
275 1163
275 1164
275 1165
274 275
274 1166
274 1167
274 1168
274 1169
273 274
273 1170
273 1171
273 1172
273 1173
272 273
272 1174
272 1175
272 1176
272 1177
271 272
271 1178
271 1179
271 1180
271 1181
270 271
270 1182
270 1183
270 1184
270 1185
269 270
269 1186
269 1187
269 1188
269 1189
268 269
268 1190
268 1191
268 1192
268 1193
267 268
267 1194
267 1195
267 1196
267 1197
266 267
266 1198
266 1199
266 1200
266 1201
265 266
265 1202
265 1203
265 1204
265 1205
264 265
264 1206
264 1207
264 1208
264 1209
263 264
263 1210
263 1211
263 1212
263 1213
262 263
262 1214
262 1215
262 1216
262 1217
261 262
261 1218
261 1219
261 1220
261 1221
260 261
260 1222
260 1223
260 1224
260 1225
259 260
259 1226
259 1227
259 1228
259 1229
258 259
258 1230
258 1231
258 1232
258 1233
257 258
257 1234
257 1235
257 1236
257 1237
256 257
256 1238
256 1239
256 1240
256 1241
255 256
255 1242
255 1243
255 1244
255 1245
254 255
254 1246
254 1247
254 1248
254 1249
253 254
253 1250
253 1251
253 1252
253 1253
252 253
252 1254
252 1255
252 1256
252 1257
251 252
251 1258
251 1259
251 1260
251 1261
250 251
250 1262
250 1263
250 1264
250 1265
249 250
249 1266
249 1267
249 1268
249 1269
248 249
248 1270
248 1271
248 1272
248 1273
247 248
247 1274
247 1275
247 1276
247 1277
246 247
246 1278
246 1279
246 1280
246 1281
245 246
245 1282
245 1283
245 1284
245 1285
244 245
244 1286
244 1287
244 1288
244 1289
243 244
243 1290
243 1291
243 1292
243 1293
242 243
242 1294
242 1295
242 1296
242 1297
241 242
241 1298
241 1299
241 1300
241 1301
240 241
240 1302
240 1303
240 1304
240 1305
239 240
239 1306
239 1307
239 1308
239 1309
238 239
238 1310
238 1311
238 1312
238 1313
237 238
237 1314
237 1315
237 1316
237 1317
236 237
236 1318
236 1319
236 1320
236 1321
235 236
235 1322
235 1323
235 1324
235 1325
234 235
234 1326
234 1327
234 1328
234 1329
233 234
233 1330
233 1331
233 1332
233 1333
232 233
232 1334
232 1335
232 1336
232 1337
231 232
231 1338
231 1339
231 1340
231 1341
230 231
230 1342
230 1343
230 1344
230 1345
229 230
229 1346
229 1347
229 1348
229 1349
228 229
228 1350
228 1351
228 1352
228 1353
227 228
227 1354
227 1355
227 1356
227 1357
226 227
226 1358
226 1359
226 1360
226 1361
225 226
225 1362
225 1363
225 1364
225 1365
224 225
224 1366
224 1367
224 1368
224 1369
223 224
223 1370
223 1371
223 1372
223 1373
222 223
222 1374
222 1375
222 1376
222 1377
221 222
221 1378
221 1379
221 1380
221 1381
220 221
220 1382
220 1383
220 1384
220 1385
219 220
219 1386
219 1387
219 1388
219 1389
218 219
218 1390
218 1391
218 1392
218 1393
217 218
217 1394
217 1395
217 1396
217 1397
216 217
216 1398
216 1399
216 1400
216 1401
215 216
215 1402
215 1403
215 1404
215 1405
214 215
214 1406
214 1407
214 1408
214 1409
213 214
213 1410
213 1411
213 1412
213 1413
212 213
212 1414
212 1415
212 1416
212 1417
211 212
211 1418
211 1419
211 1420
211 1421
210 211
210 1422
210 1423
210 1424
210 1425
209 210
209 1426
209 1427
209 1428
209 1429
208 209
208 1430
208 1431
208 1432
208 1433
207 208
207 1434
207 1435
207 1436
207 1437
206 207
206 1438
206 1439
206 1440
206 1441
205 206
205 1442
205 1443
205 1444
205 1445
204 205
204 1446
204 1447
204 1448
204 1449
203 204
203 1450
203 1451
203 1452
203 1453
202 203
202 1454
202 1455
202 1456
202 1457
201 202
201 1458
201 1459
201 1460
201 1461
200 201
200 1462
200 1463
200 1464
200 1465
199 200
199 1466
199 1467
199 1468
199 1469
198 199
198 1470
198 1471
198 1472
198 1473
197 198
197 1474
197 1475
197 1476
197 1477
196 197
196 1478
196 1479
196 1480
196 1481
195 196
195 1482
195 1483
195 1484
195 1485
194 195
194 1486
194 1487
194 1488
194 1489
193 194
193 1490
193 1491
193 1492
193 1493
192 193
192 1494
192 1495
192 1496
192 1497
191 192
191 1498
191 1499
191 1500
191 1501
190 191
190 1502
190 1503
190 1504
190 1505
189 190
189 1506
189 1507
189 1508
189 1509
188 189
188 1510
188 1511
188 1512
188 1513
187 188
187 1514
187 1515
187 1516
187 1517
186 187
186 1518
186 1519
186 1520
186 1521
185 186
185 1522
185 1523
185 1524
185 1525
184 185
184 1526
184 1527
184 1528
184 1529
183 184
183 1530
183 1531
183 1532
183 1533
182 183
182 1534
182 1535
182 1536
182 1537
181 182
181 1538
181 1539
181 1540
181 1541
180 181
180 1542
180 1543
180 1544
180 1545
179 180
179 1546
179 1547
179 1548
179 1549
178 179
178 1550
178 1551
178 1552
178 1553
177 178
177 1554
177 1555
177 1556
177 1557
176 177
176 1558
176 1559
176 1560
176 1561
175 176
175 1562
175 1563
175 1564
175 1565
174 175
174 1566
174 1567
174 1568
174 1569
173 174
173 1570
173 1571
173 1572
173 1573
172 173
172 1574
172 1575
172 1576
172 1577
171 172
171 1578
171 1579
171 1580
171 1581
170 171
170 1582
170 1583
170 1584
170 1585
169 170
169 1586
169 1587
169 1588
169 1589
168 169
168 1590
168 1591
168 1592
168 1593
167 168
167 1594
167 1595
167 1596
167 1597
166 167
166 1598
166 1599
166 1600
166 1601
165 166
165 1602
165 1603
165 1604
165 1605
164 165
164 1606
164 1607
164 1608
164 1609
163 164
163 1610
163 1611
163 1612
163 1613
162 163
162 1614
162 1615
162 1616
162 1617
161 162
161 1618
161 1619
161 1620
161 1621
160 161
160 1622
160 1623
160 1624
160 1625
159 160
159 1626
159 1627
159 1628
159 1629
158 159
158 1630
158 1631
158 1632
158 1633
157 158
157 1634
157 1635
157 1636
157 1637
156 157
156 1638
156 1639
156 1640
156 1641
155 156
155 1642
155 1643
155 1644
155 1645
154 155
154 1646
154 1647
154 1648
154 1649
153 154
153 1650
153 1651
153 1652
153 1653
152 153
152 1654
152 1655
152 1656
152 1657
151 152
151 1658
151 1659
151 1660
151 1661
150 151
150 1662
150 1663
150 1664
150 1665
149 150
149 1666
149 1667
149 1668
149 1669
148 149
148 1670
148 1671
148 1672
148 1673
147 148
147 1674
147 1675
147 1676
147 1677
146 147
146 1678
146 1679
146 1680
146 1681
145 146
145 1682
145 1683
145 1684
145 1685
144 145
144 1686
144 1687
144 1688
144 1689
143 144
143 1690
143 1691
143 1692
143 1693
142 143
142 1694
142 1695
142 1696
142 1697
141 142
141 1698
141 1699
141 1700
141 1701
140 141
140 1702
140 1703
140 1704
140 1705
139 140
139 1706
139 1707
139 1708
139 1709
138 139
138 1710
138 1711
138 1712
138 1713
137 138
137 1714
137 1715
137 1716
137 1717
136 137
136 1718
136 1719
136 1720
136 1721
135 136
135 1722
135 1723
135 1724
135 1725
134 135
134 1726
134 1727
134 1728
134 1729
133 134
133 1730
133 1731
133 1732
133 1733
132 133
132 1734
132 1735
132 1736
132 1737
131 132
131 1738
131 1739
131 1740
131 1741
130 131
130 1742
130 1743
130 1744
130 1745
129 130
129 1746
129 1747
129 1748
129 1749
128 129
128 1750
128 1751
128 1752
128 1753
127 128
127 1754
127 1755
127 1756
127 1757
126 127
126 1758
126 1759
126 1760
126 1761
125 126
125 1762
125 1763
125 1764
125 1765
124 125
124 1766
124 1767
124 1768
124 1769
123 124
123 1770
123 1771
123 1772
123 1773
122 123
122 1774
122 1775
122 1776
122 1777
121 122
121 1778
121 1779
121 1780
121 1781
120 121
120 1782
120 1783
120 1784
120 1785
119 120
119 1786
119 1787
119 1788
119 1789
118 119
118 1790
118 1791
118 1792
118 1793
117 118
117 1794
117 1795
117 1796
117 1797
116 117
116 1798
116 1799
116 1800
116 1801
115 116
115 1802
115 1803
115 1804
115 1805
114 115
114 1806
114 1807
114 1808
114 1809
113 114
113 1810
113 1811
113 1812
113 1813
112 113
112 1814
112 1815
112 1816
112 1817
111 112
111 1818
111 1819
111 1820
111 1821
110 111
110 1822
110 1823
110 1824
110 1825
109 110
109 1826
109 1827
109 1828
109 1829
108 109
108 1830
108 1831
108 1832
108 1833
107 108
107 1834
107 1835
107 1836
107 1837
106 107
106 1838
106 1839
106 1840
106 1841
105 106
105 1842
105 1843
105 1844
105 1845
104 105
104 1846
104 1847
104 1848
104 1849
103 104
103 1850
103 1851
103 1852
103 1853
102 103
102 1854
102 1855
102 1856
102 1857
101 102
101 1858
101 1859
101 1860
101 1861
100 101
100 1862
100 1863
100 1864
100 1865
99 100
99 1866
99 1867
99 1868
99 1869
98 99
98 1870
98 1871
98 1872
98 1873
97 98
97 1874
97 1875
97 1876
97 1877
96 97
96 1878
96 1879
96 1880
96 1881
95 96
95 1882
95 1883
95 1884
95 1885
94 95
94 1886
94 1887
94 1888
94 1889
93 94
93 1890
93 1891
93 1892
93 1893
92 93
92 1894
92 1895
92 1896
92 1897
91 92
91 1898
91 1899
91 1900
91 1901
90 91
90 1902
90 1903
90 1904
90 1905
89 90
89 1906
89 1907
89 1908
89 1909
88 89
88 1910
88 1911
88 1912
88 1913
87 88
87 1914
87 1915
87 1916
87 1917
86 87
86 1918
86 1919
86 1920
86 1921
85 86
85 1922
85 1923
85 1924
85 1925
84 85
84 1926
84 1927
84 1928
84 1929
83 84
83 1930
83 1931
83 1932
83 1933
82 83
82 1934
82 1935
82 1936
82 1937
81 82
81 1938
81 1939
81 1940
81 1941
80 81
80 1942
80 1943
80 1944
80 1945
79 80
79 1946
79 1947
79 1948
79 1949
78 79
78 1950
78 1951
78 1952
78 1953
77 78
77 1954
77 1955
77 1956
77 1957
76 77
76 1958
76 1959
76 1960
76 1961
75 76
75 1962
75 1963
75 1964
75 1965
74 75
74 1966
74 1967
74 1968
74 1969
73 74
73 1970
73 1971
73 1972
73 1973
72 73
72 1974
72 1975
72 1976
72 1977
71 72
71 1978
71 1979
71 1980
71 1981
70 71
70 1982
70 1983
70 1984
70 1985
69 70
69 1986
69 1987
69 1988
69 1989
68 69
68 1990
68 1991
68 1992
68 1993
67 68
67 1994
67 1995
67 1996
67 1997
66 67
66 1998
66 1999
66 2000
66 2001
65 66
65 2002
65 2003
65 2004
65 2005
64 65
64 2006
64 2007
64 2008
64 2009
63 64
63 2010
63 2011
63 2012
63 2013
62 63
62 2014
62 2015
62 2016
62 2017
61 62
61 2018
61 2019
61 2020
61 2021
60 61
60 2022
60 2023
60 2024
60 2025
59 60
59 2026
59 2027
59 2028
59 2029
58 59
58 2030
58 2031
58 2032
58 2033
57 58
57 2034
57 2035
57 2036
57 2037
56 57
56 2038
56 2039
56 2040
56 2041
55 56
55 2042
55 2043
55 2044
55 2045
54 55
54 2046
54 2047
54 2048
54 2049
53 54
53 2050
53 2051
53 2052
53 2053
52 53
52 2054
52 2055
52 2056
52 2057
51 52
51 2058
51 2059
51 2060
51 2061
50 51
50 2062
50 2063
50 2064
50 2065
49 50
49 2066
49 2067
49 2068
49 2069
48 49
48 2070
48 2071
48 2072
48 2073
47 48
47 2074
47 2075
47 2076
47 2077
46 47
46 2078
46 2079
46 2080
46 2081
45 46
45 2082
45 2083
45 2084
45 2085
44 45
44 2086
44 2087
44 2088
44 2089
43 44
43 2090
43 2091
43 2092
43 2093
42 43
42 2094
42 2095
42 2096
42 2097
41 42
41 2098
41 2099
41 2100
41 2101
40 41
40 2102
40 2103
40 2104
40 2105
39 40
39 2106
39 2107
39 2108
39 2109
38 39
38 2110
38 2111
38 2112
38 2113
37 38
37 2114
37 2115
37 2116
37 2117
36 37
36 2118
36 2119
36 2120
36 2121
35 36
35 2122
35 2123
35 2124
35 2125
34 35
34 2126
34 2127
34 2128
34 2129
33 34
33 2130
33 2131
33 2132
33 2133
32 33
32 2134
32 2135
32 2136
32 2137
31 32
31 2138
31 2139
31 2140
31 2141
30 31
30 2142
30 2143
30 2144
30 2145
29 30
29 2146
29 2147
29 2148
29 2149
28 29
28 2150
28 2151
28 2152
28 2153
27 28
27 2154
27 2155
27 2156
27 2157
26 27
26 2158
26 2159
26 2160
26 2161
25 26
25 2162
25 2163
25 2164
25 2165
24 25
24 2166
24 2167
24 2168
24 2169
23 24
23 2170
23 2171
23 2172
23 2173
22 23
22 2174
22 2175
22 2176
22 2177
21 22
21 2178
21 2179
21 2180
21 2181
20 21
20 2182
20 2183
20 2184
20 2185
19 20
19 2186
19 2187
19 2188
19 2189
18 19
18 2190
18 2191
18 2192
18 2193
17 18
17 2194
17 2195
17 2196
17 2197
16 17
16 2198
16 2199
16 2200
16 2201
15 16
15 2202
15 2203
15 2204
15 2205
14 15
14 2206
14 2207
14 2208
14 2209
13 14
13 2210
13 2211
13 2212
13 2213
12 13
12 2214
12 2215
12 2216
12 2217
11 12
11 2218
11 2219
11 2220
11 2221
10 11
10 2222
10 2223
10 2224
10 2225
9 10
9 2226
9 2227
9 2228
9 2229
8 9
8 2230
8 2231
8 2232
8 2233
7 8
7 2234
7 2235
7 2236
7 2237
6 7
6 2238
6 2239
6 2240
6 2241
5 6
5 2242
5 2243
5 2244
5 2245
4 5
4 2246
4 2247
4 2248
4 2249
3 4
3 2250
3 2251
3 2252
3 2253
2 3
2 2254
2 2255
2 2256
2 2257
1 2
1 2258
1 2424
