2599 22021756
650 1
650 2259
650 2260
650 2261
649 650
649 2262
649 2263
649 2264
648 649
648 2265
648 2266
648 2267
647 648
647 2268
647 2269
647 2270
646 647
646 2271
646 2272
646 2273
645 646
645 2274
645 2275
645 2276
644 645
644 2277
644 2278
644 2279
643 644
643 2280
643 2281
643 2282
642 643
642 2283
642 2284
642 2285
641 642
641 2286
641 2287
641 2288
640 641
640 2289
640 2290
640 2291
639 640
639 2292
639 2293
639 2294
638 639
638 2295
638 2296
638 2297
637 638
637 2298
637 2299
637 2300
636 637
636 2301
636 2302
636 2303
635 636
635 2304
635 2305
635 2306
634 635
634 2307
634 2308
634 2309
633 634
633 2310
633 2311
633 2312
632 633
632 2313
632 2314
632 2315
631 632
631 2316
631 2317
631 2318
630 631
630 2319
630 2320
630 2321
629 630
629 2322
629 2323
629 2324
628 629
628 2325
628 2326
628 2327
627 628
627 2328
627 2329
627 2330
626 627
626 2331
626 2332
626 2333
625 626
625 2334
625 2335
625 2336
624 625
624 2337
624 2338
624 2339
623 624
623 2340
623 2341
623 2342
622 623
622 2343
622 2344
622 2345
621 622
621 2346
621 2347
621 2348
620 621
620 2349
620 2350
620 2351
619 620
619 2352
619 2353
619 2354
618 619
618 2355
618 2356
618 2357
617 618
617 2358
617 2359
617 2360
616 617
616 2361
616 2362
616 2363
615 616
615 2364
615 2365
615 2366
614 615
614 2367
614 2368
614 2369
613 614
613 2370
613 2371
613 2372
612 613
612 2373
612 2374
612 2375
611 612
611 2376
611 2377
611 2378
610 611
610 2379
610 2380
610 2381
609 610
609 2382
609 2383
609 2384
608 609
608 2385
608 2386
608 2387
607 608
607 2388
607 2389
607 2390
606 607
606 2391
606 2392
606 2393
605 606
605 2394
605 2395
605 2396
604 605
604 2397
604 2398
604 2399
603 604
603 2400
603 2401
603 2402
602 603
602 2403
602 2404
602 2405
601 602
601 2406
601 2407
601 2408
600 601
600 2409
600 2410
600 2411
599 600
599 2412
599 2413
599 2414
598 599
598 2415
598 2416
598 2417
597 598
597 2418
597 2419
597 2420
596 597
596 2421
596 2422
596 2423
595 596
595 2424
595 2509
595 2510
594 595
594 651
594 652
594 653
593 594
593 654
593 655
593 656
592 593
592 657
592 658
592 659
591 592
591 660
591 661
591 662
590 591
590 663
590 664
590 665
589 590
589 666
589 667
589 668
588 589
588 669
588 670
588 671
587 588
587 672
587 673
587 674
586 587
586 675
586 676
586 677
585 586
585 678
585 679
585 680
584 585
584 681
584 682
584 683
583 584
583 684
583 685
583 686
582 583
582 687
582 688
582 689
581 582
581 690
581 691
581 692
580 581
580 693
580 694
580 695
579 580
579 696
579 697
579 698
578 579
578 699
578 700
578 701
577 578
577 702
577 703
577 704
576 577
576 705
576 706
576 707
575 576
575 708
575 709
575 710
574 575
574 711
574 712
574 713
573 574
573 714
573 715
573 716
572 573
572 717
572 718
572 719
571 572
571 720
571 721
571 722
570 571
570 723
570 724
570 725
569 570
569 726
569 727
569 728
568 569
568 729
568 730
568 731
567 568
567 732
567 733
567 734
566 567
566 735
566 736
566 737
565 566
565 738
565 739
565 740
564 565
564 741
564 742
564 743
563 564
563 744
563 745
563 746
562 563
562 747
562 748
562 749
561 562
561 750
561 751
561 752
560 561
560 753
560 754
560 755
559 560
559 756
559 757
559 758
558 559
558 759
558 760
558 761
557 558
557 762
557 763
557 764
556 557
556 765
556 766
556 767
555 556
555 768
555 769
555 770
554 555
554 771
554 772
554 773
553 554
553 774
553 775
553 776
552 553
552 777
552 778
552 779
551 552
551 780
551 781
551 782
550 551
550 783
550 784
550 785
549 550
549 786
549 787
549 788
548 549
548 789
548 790
548 791
547 548
547 792
547 793
547 794
546 547
546 795
546 796
546 797
545 546
545 798
545 799
545 800
544 545
544 801
544 802
544 803
543 544
543 804
543 805
543 806
542 543
542 807
542 808
542 809
541 542
541 810
541 811
541 812
540 541
540 813
540 814
540 815
539 540
539 816
539 817
539 818
538 539
538 819
538 820
538 821
537 538
537 822
537 823
537 824
536 537
536 825
536 826
536 827
535 536
535 828
535 829
535 830
534 535
534 831
534 832
534 833
533 534
533 834
533 835
533 836
532 533
532 837
532 838
532 839
531 532
531 840
531 841
531 842
530 531
530 843
530 844
530 845
529 530
529 846
529 847
529 848
528 529
528 849
528 850
528 851
527 528
527 852
527 853
527 854
526 527
526 855
526 856
526 857
525 526
525 858
525 859
525 860
524 525
524 861
524 862
524 863
523 524
523 864
523 865
523 866
522 523
522 867
522 868
522 869
521 522
521 870
521 871
521 872
520 521
520 873
520 874
520 875
519 520
519 876
519 877
519 878
518 519
518 879
518 880
518 881
517 518
517 882
517 883
517 884
516 517
516 885
516 886
516 887
515 516
515 888
515 889
515 890
514 515
514 891
514 892
514 893
513 514
513 894
513 895
513 896
512 513
512 897
512 898
512 899
511 512
511 900
511 901
511 902
510 511
510 903
510 904
510 905
509 510
509 906
509 907
509 908
508 509
508 909
508 910
508 911
507 508
507 912
507 913
507 914
506 507
506 915
506 916
506 917
505 506
505 918
505 919
505 920
504 505
504 921
504 922
504 923
503 504
503 924
503 925
503 926
502 503
502 927
502 928
502 929
501 502
501 930
501 931
501 932
500 501
500 933
500 934
500 935
499 500
499 936
499 937
499 938
498 499
498 939
498 940
498 941
497 498
497 942
497 943
497 944
496 497
496 945
496 946
496 947
495 496
495 948
495 949
495 950
494 495
494 951
494 952
494 953
493 494
493 954
493 955
493 956
492 493
492 957
492 958
492 959
491 492
491 960
491 961
491 962
490 491
490 963
490 964
490 965
489 490
489 966
489 967
489 968
488 489
488 969
488 970
488 971
487 488
487 972
487 973
487 974
486 487
486 975
486 976
486 977
485 486
485 978
485 979
485 980
484 485
484 981
484 982
484 983
483 484
483 984
483 985
483 986
482 483
482 987
482 988
482 989
481 482
481 990
481 991
481 992
480 481
480 993
480 994
480 995
479 480
479 996
479 997
479 998
478 479
478 999
478 1000
478 1001
477 478
477 1002
477 1003
477 1004
476 477
476 1005
476 1006
476 1007
475 476
475 1008
475 1009
475 1010
474 475
474 1011
474 1012
474 1013
473 474
473 1014
473 1015
473 1016
472 473
472 1017
472 1018
472 1019
471 472
471 1020
471 1021
471 1022
470 471
470 1023
470 1024
470 1025
469 470
469 1026
469 1027
469 1028
468 469
468 1029
468 1030
468 1031
467 468
467 1032
467 1033
467 1034
466 467
466 1035
466 1036
466 1037
465 466
465 1038
465 1039
465 1040
464 465
464 1041
464 1042
464 1043
463 464
463 1044
463 1045
463 1046
462 463
462 1047
462 1048
462 1049
461 462
461 1050
461 1051
461 1052
460 461
460 1053
460 1054
460 1055
459 460
459 1056
459 1057
459 1058
458 459
458 1059
458 1060
458 1061
457 458
457 1062
457 1063
457 1064
456 457
456 1065
456 1066
456 1067
455 456
455 1068
455 1069
455 1070
454 455
454 1071
454 1072
454 1073
453 454
453 1074
453 1075
453 1076
452 453
452 1077
452 1078
452 1079
451 452
451 1080
451 1081
451 1082
450 451
450 1083
450 1084
450 1085
449 450
449 1086
449 1087
449 1088
448 449
448 1089
448 1090
448 1091
447 448
447 1092
447 1093
447 1094
446 447
446 1095
446 1096
446 1097
445 446
445 1098
445 1099
445 1100
444 445
444 1101
444 1102
444 1103
443 444
443 1104
443 1105
443 1106
442 443
442 1107
442 1108
442 1109
441 442
441 1110
441 1111
441 1112
440 441
440 1113
440 1114
440 1115
439 440
439 1116
439 1117
439 1118
438 439
438 1119
438 1120
438 1121
437 438
437 1122
437 1123
437 1124
436 437
436 1125
436 1126
436 1127
435 436
435 1128
435 1129
435 1130
434 435
434 1131
434 1132
434 1133
433 434
433 1134
433 1135
433 1136
432 433
432 1137
432 1138
432 1139
431 432
431 1140
431 1141
431 1142
430 431
430 1143
430 1144
430 1145
429 430
429 1146
429 1147
429 1148
428 429
428 1149
428 1150
428 1151
427 428
427 1152
427 1153
427 1154
426 427
426 1155
426 1156
426 1157
425 426
425 1158
425 1159
425 1160
424 425
424 1161
424 1162
424 1163
423 424
423 1164
423 1165
423 1166
422 423
422 1167
422 1168
422 1169
421 422
421 1170
421 1171
421 1172
420 421
420 1173
420 1174
420 1175
419 420
419 1176
419 1177
419 1178
418 419
418 1179
418 1180
418 1181
417 418
417 1182
417 1183
417 1184
416 417
416 1185
416 1186
416 1187
415 416
415 1188
415 1189
415 1190
414 415
414 1191
414 1192
414 1193
413 414
413 1194
413 1195
413 1196
412 413
412 1197
412 1198
412 1199
411 412
411 1200
411 1201
411 1202
410 411
410 1203
410 1204
410 1205
409 410
409 1206
409 1207
409 1208
408 409
408 1209
408 1210
408 1211
407 408
407 1212
407 1213
407 1214
406 407
406 1215
406 1216
406 1217
405 406
405 1218
405 1219
405 1220
404 405
404 1221
404 1222
404 1223
403 404
403 1224
403 1225
403 1226
402 403
402 1227
402 1228
402 1229
401 402
401 1230
401 1231
401 1232
400 401
400 1233
400 1234
400 1235
399 400
399 1236
399 1237
399 1238
398 399
398 1239
398 1240
398 1241
397 398
397 1242
397 1243
397 1244
396 397
396 1245
396 1246
396 1247
395 396
395 1248
395 1249
395 1250
394 395
394 1251
394 1252
394 1253
393 394
393 1254
393 1255
393 1256
392 393
392 1257
392 1258
392 1259
391 392
391 1260
391 1261
391 1262
390 391
390 1263
390 1264
390 1265
389 390
389 1266
389 1267
389 1268
388 389
388 1269
388 1270
388 1271
387 388
387 1272
387 1273
387 1274
386 387
386 1275
386 1276
386 1277
385 386
385 1278
385 1279
385 1280
384 385
384 1281
384 1282
384 1283
383 384
383 1284
383 1285
383 1286
382 383
382 1287
382 1288
382 1289
381 382
381 1290
381 1291
381 1292
380 381
380 1293
380 1294
380 1295
379 380
379 1296
379 1297
379 1298
378 379
378 1299
378 1300
378 1301
377 378
377 1302
377 1303
377 1304
376 377
376 1305
376 1306
376 1307
375 376
375 1308
375 1309
375 1310
374 375
374 1311
374 1312
374 1313
373 374
373 1314
373 1315
373 1316
372 373
372 1317
372 1318
372 1319
371 372
371 1320
371 1321
371 1322
370 371
370 1323
370 1324
370 1325
369 370
369 1326
369 1327
369 1328
368 369
368 1329
368 1330
368 1331
367 368
367 1332
367 1333
367 1334
366 367
366 1335
366 1336
366 1337
365 366
365 1338
365 1339
365 1340
364 365
364 1341
364 1342
364 1343
363 364
363 1344
363 1345
363 1346
362 363
362 1347
362 1348
362 1349
361 362
361 1350
361 1351
361 1352
360 361
360 1353
360 1354
360 1355
359 360
359 1356
359 1357
359 1358
358 359
358 1359
358 1360
358 1361
357 358
357 1362
357 1363
357 1364
356 357
356 1365
356 1366
356 1367
355 356
355 1368
355 1369
355 1370
354 355
354 1371
354 1372
354 1373
353 354
353 1374
353 1375
353 1376
352 353
352 1377
352 1378
352 1379
351 352
351 1380
351 1381
351 1382
350 351
350 1383
350 1384
350 1385
349 350
349 1386
349 1387
349 1388
348 349
348 1389
348 1390
348 1391
347 348
347 1392
347 1393
347 1394
346 347
346 1395
346 1396
346 1397
345 346
345 1398
345 1399
345 1400
344 345
344 1401
344 1402
344 1403
343 344
343 1404
343 1405
343 1406
342 343
342 1407
342 1408
342 1409
341 342
341 1410
341 1411
341 1412
340 341
340 1413
340 1414
340 1415
339 340
339 1416
339 1417
339 1418
338 339
338 1419
338 1420
338 1421
337 338
337 1422
337 1423
337 1424
336 337
336 1425
336 1426
336 1427
335 336
335 1428
335 1429
335 1430
334 335
334 1431
334 1432
334 1433
333 334
333 1434
333 1435
333 1436
332 333
332 1437
332 1438
332 1439
331 332
331 1440
331 1441
331 1442
330 331
330 1443
330 1444
330 1445
329 330
329 1446
329 1447
329 1448
328 329
328 1449
328 1450
328 1451
327 328
327 1452
327 1453
327 1454
326 327
326 1455
326 1456
326 1457
325 326
325 1458
325 1459
325 1460
324 325
324 1461
324 1462
324 1463
323 324
323 1464
323 1465
323 1466
322 323
322 1467
322 1468
322 1469
321 322
321 1470
321 1471
321 1472
320 321
320 1473
320 1474
320 1475
319 320
319 1476
319 1477
319 1478
318 319
318 1479
318 1480
318 1481
317 318
317 1482
317 1483
317 1484
316 317
316 1485
316 1486
316 1487
315 316
315 1488
315 1489
315 1490
314 315
314 1491
314 1492
314 1493
313 314
313 1494
313 1495
313 1496
312 313
312 1497
312 1498
312 1499
311 312
311 1500
311 1501
311 1502
310 311
310 1503
310 1504
310 1505
309 310
309 1506
309 1507
309 1508
308 309
308 1509
308 1510
308 1511
307 308
307 1512
307 1513
307 1514
306 307
306 1515
306 1516
306 1517
305 306
305 1518
305 1519
305 1520
304 305
304 1521
304 1522
304 1523
303 304
303 1524
303 1525
303 1526
302 303
302 1527
302 1528
302 1529
301 302
301 1530
301 1531
301 1532
300 301
300 1533
300 1534
300 1535
299 300
299 1536
299 1537
299 1538
298 299
298 1539
298 1540
298 1541
297 298
297 1542
297 1543
297 1544
296 297
296 1545
296 1546
296 1547
295 296
295 1548
295 1549
295 1550
294 295
294 1551
294 1552
294 1553
293 294
293 1554
293 1555
293 1556
292 293
292 1557
292 1558
292 1559
291 292
291 1560
291 1561
291 1562
290 291
290 1563
290 1564
290 1565
289 290
289 1566
289 1567
289 1568
288 289
288 1569
288 1570
288 1571
287 288
287 1572
287 1573
287 1574
286 287
286 1575
286 1576
286 1577
285 286
285 1578
285 1579
285 1580
284 285
284 1581
284 1582
284 1583
283 284
283 1584
283 1585
283 1586
282 283
282 1587
282 1588
282 1589
281 282
281 1590
281 1591
281 1592
280 281
280 1593
280 1594
280 1595
279 280
279 1596
279 1597
279 1598
278 279
278 1599
278 1600
278 1601
277 278
277 1602
277 1603
277 1604
276 277
276 1605
276 1606
276 1607
275 276
275 1608
275 1609
275 1610
274 275
274 1611
274 1612
274 1613
273 274
273 1614
273 1615
273 1616
272 273
272 1617
272 1618
272 1619
271 272
271 1620
271 1621
271 1622
270 271
270 1623
270 1624
270 1625
269 270
269 1626
269 1627
269 1628
268 269
268 1629
268 1630
268 1631
267 268
267 1632
267 1633
267 1634
266 267
266 1635
266 1636
266 1637
265 266
265 1638
265 1639
265 1640
264 265
264 1641
264 1642
264 1643
263 264
263 1644
263 1645
263 1646
262 263
262 1647
262 1648
262 1649
261 262
261 1650
261 1651
261 1652
260 261
260 1653
260 1654
260 1655
259 260
259 1656
259 1657
259 1658
258 259
258 1659
258 1660
258 1661
257 258
257 1662
257 1663
257 1664
256 257
256 1665
256 1666
256 1667
255 256
255 1668
255 1669
255 1670
254 255
254 1671
254 1672
254 1673
253 254
253 1674
253 1675
253 1676
252 253
252 1677
252 1678
252 1679
251 252
251 1680
251 1681
251 1682
250 251
250 1683
250 1684
250 1685
249 250
249 1686
249 1687
249 1688
248 249
248 1689
248 1690
248 1691
247 248
247 1692
247 1693
247 1694
246 247
246 1695
246 1696
246 1697
245 246
245 1698
245 1699
245 1700
244 245
244 1701
244 1702
244 1703
243 244
243 1704
243 1705
243 1706
242 243
242 1707
242 1708
242 1709
241 242
241 1710
241 1711
241 1712
240 241
240 1713
240 1714
240 1715
239 240
239 1716
239 1717
239 1718
238 239
238 1719
238 1720
238 1721
237 238
237 1722
237 1723
237 1724
236 237
236 1725
236 1726
236 1727
235 236
235 1728
235 1729
235 1730
234 235
234 1731
234 1732
234 1733
233 234
233 1734
233 1735
233 1736
232 233
232 1737
232 1738
232 1739
231 232
231 1740
231 1741
231 1742
230 231
230 1743
230 1744
230 1745
229 230
229 1746
229 1747
229 1748
228 229
228 1749
228 1750
228 1751
227 228
227 1752
227 1753
227 1754
226 227
226 1755
226 1756
226 1757
225 226
225 1758
225 1759
225 1760
224 225
224 1761
224 1762
224 1763
223 224
223 1764
223 1765
223 1766
222 223
222 1767
222 1768
222 1769
221 222
221 1770
221 1771
221 1772
220 221
220 1773
220 1774
220 1775
219 220
219 1776
219 1777
219 1778
218 219
218 1779
218 1780
218 1781
217 218
217 1782
217 1783
217 1784
216 217
216 1785
216 1786
216 1787
215 216
215 1788
215 1789
215 1790
214 215
214 1791
214 1792
214 1793
213 214
213 1794
213 1795
213 1796
212 213
212 1797
212 1798
212 1799
211 212
211 1800
211 1801
211 1802
210 211
210 1803
210 1804
210 1805
209 210
209 1806
209 1807
209 1808
208 209
208 1809
208 1810
208 1811
207 208
207 1812
207 1813
207 1814
206 207
206 1815
206 1816
206 1817
205 206
205 1818
205 1819
205 1820
204 205
204 1821
204 1822
204 1823
203 204
203 1824
203 1825
203 1826
202 203
202 1827
202 1828
202 1829
201 202
201 1830
201 1831
201 1832
200 201
200 1833
200 1834
200 1835
199 200
199 1836
199 1837
199 1838
198 199
198 1839
198 1840
198 1841
197 198
197 1842
197 1843
197 1844
196 197
196 1845
196 1846
196 1847
195 196
195 1848
195 1849
195 1850
194 195
194 1851
194 1852
194 1853
193 194
193 1854
193 1855
193 1856
192 193
192 1857
192 1858
192 1859
191 192
191 1860
191 1861
191 1862
190 191
190 1863
190 1864
190 1865
189 190
189 1866
189 1867
189 1868
188 189
188 1869
188 1870
188 1871
187 188
187 1872
187 1873
187 1874
186 187
186 1875
186 1876
186 1877
185 186
185 1878
185 1879
185 1880
184 185
184 1881
184 1882
184 1883
183 184
183 1884
183 1885
183 1886
182 183
182 1887
182 1888
182 1889
181 182
181 1890
181 1891
181 1892
180 181
180 1893
180 1894
180 1895
179 180
179 1896
179 1897
179 1898
178 179
178 1899
178 1900
178 1901
177 178
177 1902
177 1903
177 1904
176 177
176 1905
176 1906
176 1907
175 176
175 1908
175 1909
175 1910
174 175
174 1911
174 1912
174 1913
173 174
173 1914
173 1915
173 1916
172 173
172 1917
172 1918
172 1919
171 172
171 1920
171 1921
171 1922
170 171
170 1923
170 1924
170 1925
169 170
169 1926
169 1927
169 1928
168 169
168 1929
168 1930
168 1931
167 168
167 1932
167 1933
167 1934
166 167
166 1935
166 1936
166 1937
165 166
165 1938
165 1939
165 1940
164 165
164 1941
164 1942
164 1943
163 164
163 1944
163 1945
163 1946
162 163
162 1947
162 1948
162 1949
161 162
161 1950
161 1951
161 1952
160 161
160 1953
160 1954
160 1955
159 160
159 1956
159 1957
159 1958
158 159
158 1959
158 1960
158 1961
157 158
157 1962
157 1963
157 1964
156 157
156 1965
156 1966
156 1967
155 156
155 1968
155 1969
155 1970
154 155
154 1971
154 1972
154 1973
153 154
153 1974
153 1975
153 1976
152 153
152 1977
152 1978
152 1979
151 152
151 1980
151 1981
151 1982
150 151
150 1983
150 1984
150 1985
149 150
149 1986
149 1987
149 1988
148 149
148 1989
148 1990
148 1991
147 148
147 1992
147 1993
147 1994
146 147
146 1995
146 1996
146 1997
145 146
145 1998
145 1999
145 2000
144 145
144 2001
144 2002
144 2003
143 144
143 2004
143 2005
143 2006
142 143
142 2007
142 2008
142 2009
141 142
141 2010
141 2011
141 2012
140 141
140 2013
140 2014
140 2015
139 140
139 2016
139 2017
139 2018
138 139
138 2019
138 2020
138 2021
137 138
137 2022
137 2023
137 2024
136 137
136 2025
136 2026
136 2027
135 136
135 2028
135 2029
135 2030
134 135
134 2031
134 2032
134 2033
133 134
133 2034
133 2035
133 2036
132 133
132 2037
132 2038
132 2039
131 132
131 2040
131 2041
131 2042
130 131
130 2043
130 2044
130 2045
129 130
129 2046
129 2047
129 2048
128 129
128 2049
128 2050
128 2051
127 128
127 2052
127 2053
127 2054
126 127
126 2055
126 2056
126 2057
125 126
125 2058
125 2059
125 2060
124 125
124 2061
124 2062
124 2063
123 124
123 2064
123 2065
123 2066
122 123
122 2067
122 2068
122 2069
121 122
121 2070
121 2071
121 2072
120 121
120 2073
120 2074
120 2075
119 120
119 2076
119 2077
119 2078
118 119
118 2079
118 2080
118 2081
117 118
117 2082
117 2083
117 2084
116 117
116 2085
116 2086
116 2087
115 116
115 2088
115 2089
115 2090
114 115
114 2091
114 2092
114 2093
113 114
113 2094
113 2095
113 2096
112 113
112 2097
112 2098
112 2099
111 112
111 2100
111 2101
111 2102
110 111
110 2103
110 2104
110 2105
109 110
109 2106
109 2107
109 2108
108 109
108 2109
108 2110
108 2111
107 108
107 2112
107 2113
107 2114
106 107
106 2115
106 2116
106 2117
105 106
105 2118
105 2119
105 2120
104 105
104 2121
104 2122
104 2123
103 104
103 2124
103 2125
103 2126
102 103
102 2127
102 2128
102 2129
101 102
101 2130
101 2131
101 2132
100 101
100 2133
100 2134
100 2135
99 100
99 2136
99 2137
99 2138
98 99
98 2139
98 2140
98 2141
97 98
97 2142
97 2143
97 2144
96 97
96 2145
96 2146
96 2147
95 96
95 2148
95 2149
95 2150
94 95
94 2151
94 2152
94 2153
93 94
93 2154
93 2155
93 2156
92 93
92 2157
92 2158
92 2159
91 92
91 2160
91 2161
91 2162
90 91
90 2163
90 2164
90 2165
89 90
89 2166
89 2167
89 2168
88 89
88 2169
88 2170
88 2171
87 88
87 2172
87 2173
87 2174
86 87
86 2175
86 2176
86 2177
85 86
85 2178
85 2179
85 2180
84 85
84 2181
84 2182
84 2183
83 84
83 2184
83 2185
83 2186
82 83
82 2187
82 2188
82 2189
81 82
81 2190
81 2191
81 2192
80 81
80 2193
80 2194
80 2195
79 80
79 2196
79 2197
79 2198
78 79
78 2199
78 2200
78 2201
77 78
77 2202
77 2203
77 2204
76 77
76 2205
76 2206
76 2207
75 76
75 2208
75 2209
75 2210
74 75
74 2211
74 2212
74 2213
73 74
73 2214
73 2215
73 2216
72 73
72 2217
72 2218
72 2219
71 72
71 2220
71 2221
71 2222
70 71
70 2223
70 2224
70 2225
69 70
69 2226
69 2227
69 2228
68 69
68 2229
68 2230
68 2231
67 68
67 2232
67 2233
67 2234
66 67
66 2235
66 2236
66 2237
65 66
65 2238
65 2239
65 2240
64 65
64 2241
64 2242
64 2243
63 64
63 2244
63 2245
63 2246
62 63
62 2247
62 2248
62 2249
61 62
61 2250
61 2251
61 2252
60 61
60 2253
60 2254
60 2255
59 60
59 2256
59 2257
59 2258
58 59
58 2259
58 2260
58 2261
57 58
57 2262
57 2263
57 2264
56 57
56 2265
56 2266
56 2267
55 56
55 2268
55 2269
55 2270
54 55
54 2271
54 2272
54 2273
53 54
53 2274
53 2275
53 2276
52 53
52 2277
52 2278
52 2279
51 52
51 2280
51 2281
51 2282
50 51
50 2283
50 2284
50 2285
49 50
49 2286
49 2287
49 2288
48 49
48 2289
48 2290
48 2291
47 48
47 2292
47 2293
47 2294
46 47
46 2295
46 2296
46 2297
45 46
45 2298
45 2299
45 2300
44 45
44 2301
44 2302
44 2303
43 44
43 2304
43 2305
43 2306
42 43
42 2307
42 2308
42 2309
41 42
41 2310
41 2311
41 2312
40 41
40 2313
40 2314
40 2315
39 40
39 2316
39 2317
39 2318
38 39
38 2319
38 2320
38 2321
37 38
37 2322
37 2323
37 2324
36 37
36 2325
36 2326
36 2327
35 36
35 2328
35 2329
35 2330
34 35
34 2331
34 2332
34 2333
33 34
33 2334
33 2335
33 2336
32 33
32 2337
32 2338
32 2339
31 32
31 2340
31 2341
31 2342
30 31
30 2343
30 2344
30 2345
29 30
29 2346
29 2347
29 2348
28 29
28 2349
28 2350
28 2351
27 28
27 2352
27 2353
27 2354
26 27
26 2355
26 2356
26 2357
25 26
25 2358
25 2359
25 2360
24 25
24 2361
24 2362
24 2363
23 24
23 2364
23 2365
23 2366
22 23
22 2367
22 2368
22 2369
21 22
21 2370
21 2371
21 2372
20 21
20 2373
20 2374
20 2375
19 20
19 2376
19 2377
19 2378
18 19
18 2379
18 2380
18 2381
17 18
17 2382
17 2383
17 2384
16 17
16 2385
16 2386
16 2387
15 16
15 2388
15 2389
15 2390
14 15
14 2391
14 2392
14 2393
13 14
13 2394
13 2395
13 2396
12 13
12 2397
12 2398
12 2399
11 12
11 2400
11 2401
11 2402
10 11
10 2403
10 2404
10 2405
9 10
9 2406
9 2407
9 2408
8 9
8 2409
8 2410
8 2411
7 8
7 2412
7 2413
7 2414
6 7
6 2415
6 2416
6 2417
5 6
5 2418
5 2419
5 2420
4 5
4 2421
4 2422
4 2423
3 4
3 2424
3 2425
3 2426
2 3
2 2427
2 2428
2 2429
1 2
1 2430
1 2600
