2694 43794209
1347 1
1347 2431
1346 1347
1346 2432
1345 1346
1345 2433
1344 1345
1344 2434
1343 1344
1343 2435
1342 1343
1342 2436
1341 1342
1341 2437
1340 1341
1340 2438
1339 1340
1339 2439
1338 1339
1338 2440
1337 1338
1337 2441
1336 1337
1336 2442
1335 1336
1335 2443
1334 1335
1334 2444
1333 1334
1333 2445
1332 1333
1332 2446
1331 1332
1331 2447
1330 1331
1330 2448
1329 1330
1329 2449
1328 1329
1328 2450
1327 1328
1327 2451
1326 1327
1326 2452
1325 1326
1325 2453
1324 1325
1324 2454
1323 1324
1323 2455
1322 1323
1322 2456
1321 1322
1321 2457
1320 1321
1320 2458
1319 1320
1319 2459
1318 1319
1318 2460
1317 1318
1317 2461
1316 1317
1316 2462
1315 1316
1315 2463
1314 1315
1314 2464
1313 1314
1313 2465
1312 1313
1312 2466
1311 1312
1311 2467
1310 1311
1310 2468
1309 1310
1309 2469
1308 1309
1308 2470
1307 1308
1307 2471
1306 1307
1306 2472
1305 1306
1305 2473
1304 1305
1304 2474
1303 1304
1303 2475
1302 1303
1302 2476
1301 1302
1301 2477
1300 1301
1300 2478
1299 1300
1299 2479
1298 1299
1298 2480
1297 1298
1297 2481
1296 1297
1296 2482
1295 1296
1295 2483
1294 1295
1294 2484
1293 1294
1293 2485
1292 1293
1292 2486
1291 1292
1291 2487
1290 1291
1290 2488
1289 1290
1289 2489
1288 1289
1288 2490
1287 1288
1287 2491
1286 1287
1286 2492
1285 1286
1285 2493
1284 1285
1284 2494
1283 1284
1283 2495
1282 1283
1282 2496
1281 1282
1281 2497
1280 1281
1280 2498
1279 1280
1279 2499
1278 1279
1278 2500
1277 1278
1277 2501
1276 1277
1276 2502
1275 1276
1275 2503
1274 1275
1274 2504
1273 1274
1273 2505
1272 1273
1272 2506
1271 1272
1271 2507
1270 1271
1270 2508
1269 1270
1269 2509
1268 1269
1268 2510
1267 1268
1267 2511
1266 1267
1266 2512
1265 1266
1265 2513
1264 1265
1264 2514
1263 1264
1263 2515
1262 1263
1262 2516
1261 1262
1261 2517
1260 1261
1260 2518
1259 1260
1259 2519
1258 1259
1258 2520
1257 1258
1257 2521
1256 1257
1256 2522
1255 1256
1255 2523
1254 1255
1254 2524
1253 1254
1253 2525
1252 1253
1252 2526
1251 1252
1251 2527
1250 1251
1250 2528
1249 1250
1249 2529
1248 1249
1248 2530
1247 1248
1247 2531
1246 1247
1246 2532
1245 1246
1245 2533
1244 1245
1244 2534
1243 1244
1243 2535
1242 1243
1242 2536
1241 1242
1241 2537
1240 1241
1240 2538
1239 1240
1239 2539
1238 1239
1238 2540
1237 1238
1237 2541
1236 1237
1236 2542
1235 1236
1235 2543
1234 1235
1234 2544
1233 1234
1233 2545
1232 1233
1232 2546
1231 1232
1231 2547
1230 1231
1230 2548
1229 1230
1229 2549
1228 1229
1228 2550
1227 1228
1227 2551
1226 1227
1226 2552
1225 1226
1225 2553
1224 1225
1224 2554
1223 1224
1223 2555
1222 1223
1222 2556
1221 1222
1221 2557
1220 1221
1220 2558
1219 1220
1219 2559
1218 1219
1218 2560
1217 1218
1217 2561
1216 1217
1216 2562
1215 1216
1215 2563
1214 1215
1214 2564
1213 1214
1213 2565
1212 1213
1212 2566
1211 1212
1211 2567
1210 1211
1210 2568
1209 1210
1209 2569
1208 1209
1208 2570
1207 1208
1207 2571
1206 1207
1206 2572
1205 1206
1205 2573
1204 1205
1204 2574
1203 1204
1203 2575
1202 1203
1202 2576
1201 1202
1201 2577
1200 1201
1200 2578
1199 1200
1199 2579
1198 1199
1198 2580
1197 1198
1197 2581
1196 1197
1196 2582
1195 1196
1195 2583
1194 1195
1194 2584
1193 1194
1193 2585
1192 1193
1192 2586
1191 1192
1191 2587
1190 1191
1190 2588
1189 1190
1189 2589
1188 1189
1188 2590
1187 1188
1187 2591
1186 1187
1186 2592
1185 1186
1185 2593
1184 1185
1184 2594
1183 1184
1183 2595
1182 1183
1182 2596
1181 1182
1181 2597
1180 1181
1180 2598
1179 1180
1179 2599
1178 1179
1178 2600
1177 1178
1177 1348
1176 1177
1176 1349
1175 1176
1175 1350
1174 1175
1174 1351
1173 1174
1173 1352
1172 1173
1172 1353
1171 1172
1171 1354
1170 1171
1170 1355
1169 1170
1169 1356
1168 1169
1168 1357
1167 1168
1167 1358
1166 1167
1166 1359
1165 1166
1165 1360
1164 1165
1164 1361
1163 1164
1163 1362
1162 1163
1162 1363
1161 1162
1161 1364
1160 1161
1160 1365
1159 1160
1159 1366
1158 1159
1158 1367
1157 1158
1157 1368
1156 1157
1156 1369
1155 1156
1155 1370
1154 1155
1154 1371
1153 1154
1153 1372
1152 1153
1152 1373
1151 1152
1151 1374
1150 1151
1150 1375
1149 1150
1149 1376
1148 1149
1148 1377
1147 1148
1147 1378
1146 1147
1146 1379
1145 1146
1145 1380
1144 1145
1144 1381
1143 1144
1143 1382
1142 1143
1142 1383
1141 1142
1141 1384
1140 1141
1140 1385
1139 1140
1139 1386
1138 1139
1138 1387
1137 1138
1137 1388
1136 1137
1136 1389
1135 1136
1135 1390
1134 1135
1134 1391
1133 1134
1133 1392
1132 1133
1132 1393
1131 1132
1131 1394
1130 1131
1130 1395
1129 1130
1129 1396
1128 1129
1128 1397
1127 1128
1127 1398
1126 1127
1126 1399
1125 1126
1125 1400
1124 1125
1124 1401
1123 1124
1123 1402
1122 1123
1122 1403
1121 1122
1121 1404
1120 1121
1120 1405
1119 1120
1119 1406
1118 1119
1118 1407
1117 1118
1117 1408
1116 1117
1116 1409
1115 1116
1115 1410
1114 1115
1114 1411
1113 1114
1113 1412
1112 1113
1112 1413
1111 1112
1111 1414
1110 1111
1110 1415
1109 1110
1109 1416
1108 1109
1108 1417
1107 1108
1107 1418
1106 1107
1106 1419
1105 1106
1105 1420
1104 1105
1104 1421
1103 1104
1103 1422
1102 1103
1102 1423
1101 1102
1101 1424
1100 1101
1100 1425
1099 1100
1099 1426
1098 1099
1098 1427
1097 1098
1097 1428
1096 1097
1096 1429
1095 1096
1095 1430
1094 1095
1094 1431
1093 1094
1093 1432
1092 1093
1092 1433
1091 1092
1091 1434
1090 1091
1090 1435
1089 1090
1089 1436
1088 1089
1088 1437
1087 1088
1087 1438
1086 1087
1086 1439
1085 1086
1085 1440
1084 1085
1084 1441
1083 1084
1083 1442
1082 1083
1082 1443
1081 1082
1081 1444
1080 1081
1080 1445
1079 1080
1079 1446
1078 1079
1078 1447
1077 1078
1077 1448
1076 1077
1076 1449
1075 1076
1075 1450
1074 1075
1074 1451
1073 1074
1073 1452
1072 1073
1072 1453
1071 1072
1071 1454
1070 1071
1070 1455
1069 1070
1069 1456
1068 1069
1068 1457
1067 1068
1067 1458
1066 1067
1066 1459
1065 1066
1065 1460
1064 1065
1064 1461
1063 1064
1063 1462
1062 1063
1062 1463
1061 1062
1061 1464
1060 1061
1060 1465
1059 1060
1059 1466
1058 1059
1058 1467
1057 1058
1057 1468
1056 1057
1056 1469
1055 1056
1055 1470
1054 1055
1054 1471
1053 1054
1053 1472
1052 1053
1052 1473
1051 1052
1051 1474
1050 1051
1050 1475
1049 1050
1049 1476
1048 1049
1048 1477
1047 1048
1047 1478
1046 1047
1046 1479
1045 1046
1045 1480
1044 1045
1044 1481
1043 1044
1043 1482
1042 1043
1042 1483
1041 1042
1041 1484
1040 1041
1040 1485
1039 1040
1039 1486
1038 1039
1038 1487
1037 1038
1037 1488
1036 1037
1036 1489
1035 1036
1035 1490
1034 1035
1034 1491
1033 1034
1033 1492
1032 1033
1032 1493
1031 1032
1031 1494
1030 1031
1030 1495
1029 1030
1029 1496
1028 1029
1028 1497
1027 1028
1027 1498
1026 1027
1026 1499
1025 1026
1025 1500
1024 1025
1024 1501
1023 1024
1023 1502
1022 1023
1022 1503
1021 1022
1021 1504
1020 1021
1020 1505
1019 1020
1019 1506
1018 1019
1018 1507
1017 1018
1017 1508
1016 1017
1016 1509
1015 1016
1015 1510
1014 1015
1014 1511
1013 1014
1013 1512
1012 1013
1012 1513
1011 1012
1011 1514
1010 1011
1010 1515
1009 1010
1009 1516
1008 1009
1008 1517
1007 1008
1007 1518
1006 1007
1006 1519
1005 1006
1005 1520
1004 1005
1004 1521
1003 1004
1003 1522
1002 1003
1002 1523
1001 1002
1001 1524
1000 1001
1000 1525
999 1000
999 1526
998 999
998 1527
997 998
997 1528
996 997
996 1529
995 996
995 1530
994 995
994 1531
993 994
993 1532
992 993
992 1533
991 992
991 1534
990 991
990 1535
989 990
989 1536
988 989
988 1537
987 988
987 1538
986 987
986 1539
985 986
985 1540
984 985
984 1541
983 984
983 1542
982 983
982 1543
981 982
981 1544
980 981
980 1545
979 980
979 1546
978 979
978 1547
977 978
977 1548
976 977
976 1549
975 976
975 1550
974 975
974 1551
973 974
973 1552
972 973
972 1553
971 972
971 1554
970 971
970 1555
969 970
969 1556
968 969
968 1557
967 968
967 1558
966 967
966 1559
965 966
965 1560
964 965
964 1561
963 964
963 1562
962 963
962 1563
961 962
961 1564
960 961
960 1565
959 960
959 1566
958 959
958 1567
957 958
957 1568
956 957
956 1569
955 956
955 1570
954 955
954 1571
953 954
953 1572
952 953
952 1573
951 952
951 1574
950 951
950 1575
949 950
949 1576
948 949
948 1577
947 948
947 1578
946 947
946 1579
945 946
945 1580
944 945
944 1581
943 944
943 1582
942 943
942 1583
941 942
941 1584
940 941
940 1585
939 940
939 1586
938 939
938 1587
937 938
937 1588
936 937
936 1589
935 936
935 1590
934 935
934 1591
933 934
933 1592
932 933
932 1593
931 932
931 1594
930 931
930 1595
929 930
929 1596
928 929
928 1597
927 928
927 1598
926 927
926 1599
925 926
925 1600
924 925
924 1601
923 924
923 1602
922 923
922 1603
921 922
921 1604
920 921
920 1605
919 920
919 1606
918 919
918 1607
917 918
917 1608
916 917
916 1609
915 916
915 1610
914 915
914 1611
913 914
913 1612
912 913
912 1613
911 912
911 1614
910 911
910 1615
909 910
909 1616
908 909
908 1617
907 908
907 1618
906 907
906 1619
905 906
905 1620
904 905
904 1621
903 904
903 1622
902 903
902 1623
901 902
901 1624
900 901
900 1625
899 900
899 1626
898 899
898 1627
897 898
897 1628
896 897
896 1629
895 896
895 1630
894 895
894 1631
893 894
893 1632
892 893
892 1633
891 892
891 1634
890 891
890 1635
889 890
889 1636
888 889
888 1637
887 888
887 1638
886 887
886 1639
885 886
885 1640
884 885
884 1641
883 884
883 1642
882 883
882 1643
881 882
881 1644
880 881
880 1645
879 880
879 1646
878 879
878 1647
877 878
877 1648
876 877
876 1649
875 876
875 1650
874 875
874 1651
873 874
873 1652
872 873
872 1653
871 872
871 1654
870 871
870 1655
869 870
869 1656
868 869
868 1657
867 868
867 1658
866 867
866 1659
865 866
865 1660
864 865
864 1661
863 864
863 1662
862 863
862 1663
861 862
861 1664
860 861
860 1665
859 860
859 1666
858 859
858 1667
857 858
857 1668
856 857
856 1669
855 856
855 1670
854 855
854 1671
853 854
853 1672
852 853
852 1673
851 852
851 1674
850 851
850 1675
849 850
849 1676
848 849
848 1677
847 848
847 1678
846 847
846 1679
845 846
845 1680
844 845
844 1681
843 844
843 1682
842 843
842 1683
841 842
841 1684
840 841
840 1685
839 840
839 1686
838 839
838 1687
837 838
837 1688
836 837
836 1689
835 836
835 1690
834 835
834 1691
833 834
833 1692
832 833
832 1693
831 832
831 1694
830 831
830 1695
829 830
829 1696
828 829
828 1697
827 828
827 1698
826 827
826 1699
825 826
825 1700
824 825
824 1701
823 824
823 1702
822 823
822 1703
821 822
821 1704
820 821
820 1705
819 820
819 1706
818 819
818 1707
817 818
817 1708
816 817
816 1709
815 816
815 1710
814 815
814 1711
813 814
813 1712
812 813
812 1713
811 812
811 1714
810 811
810 1715
809 810
809 1716
808 809
808 1717
807 808
807 1718
806 807
806 1719
805 806
805 1720
804 805
804 1721
803 804
803 1722
802 803
802 1723
801 802
801 1724
800 801
800 1725
799 800
799 1726
798 799
798 1727
797 798
797 1728
796 797
796 1729
795 796
795 1730
794 795
794 1731
793 794
793 1732
792 793
792 1733
791 792
791 1734
790 791
790 1735
789 790
789 1736
788 789
788 1737
787 788
787 1738
786 787
786 1739
785 786
785 1740
784 785
784 1741
783 784
783 1742
782 783
782 1743
781 782
781 1744
780 781
780 1745
779 780
779 1746
778 779
778 1747
777 778
777 1748
776 777
776 1749
775 776
775 1750
774 775
774 1751
773 774
773 1752
772 773
772 1753
771 772
771 1754
770 771
770 1755
769 770
769 1756
768 769
768 1757
767 768
767 1758
766 767
766 1759
765 766
765 1760
764 765
764 1761
763 764
763 1762
762 763
762 1763
761 762
761 1764
760 761
760 1765
759 760
759 1766
758 759
758 1767
757 758
757 1768
756 757
756 1769
755 756
755 1770
754 755
754 1771
753 754
753 1772
752 753
752 1773
751 752
751 1774
750 751
750 1775
749 750
749 1776
748 749
748 1777
747 748
747 1778
746 747
746 1779
745 746
745 1780
744 745
744 1781
743 744
743 1782
742 743
742 1783
741 742
741 1784
740 741
740 1785
739 740
739 1786
738 739
738 1787
737 738
737 1788
736 737
736 1789
735 736
735 1790
734 735
734 1791
733 734
733 1792
732 733
732 1793
731 732
731 1794
730 731
730 1795
729 730
729 1796
728 729
728 1797
727 728
727 1798
726 727
726 1799
725 726
725 1800
724 725
724 1801
723 724
723 1802
722 723
722 1803
721 722
721 1804
720 721
720 1805
719 720
719 1806
718 719
718 1807
717 718
717 1808
716 717
716 1809
715 716
715 1810
714 715
714 1811
713 714
713 1812
712 713
712 1813
711 712
711 1814
710 711
710 1815
709 710
709 1816
708 709
708 1817
707 708
707 1818
706 707
706 1819
705 706
705 1820
704 705
704 1821
703 704
703 1822
702 703
702 1823
701 702
701 1824
700 701
700 1825
699 700
699 1826
698 699
698 1827
697 698
697 1828
696 697
696 1829
695 696
695 1830
694 695
694 1831
693 694
693 1832
692 693
692 1833
691 692
691 1834
690 691
690 1835
689 690
689 1836
688 689
688 1837
687 688
687 1838
686 687
686 1839
685 686
685 1840
684 685
684 1841
683 684
683 1842
682 683
682 1843
681 682
681 1844
680 681
680 1845
679 680
679 1846
678 679
678 1847
677 678
677 1848
676 677
676 1849
675 676
675 1850
674 675
674 1851
673 674
673 1852
672 673
672 1853
671 672
671 1854
670 671
670 1855
669 670
669 1856
668 669
668 1857
667 668
667 1858
666 667
666 1859
665 666
665 1860
664 665
664 1861
663 664
663 1862
662 663
662 1863
661 662
661 1864
660 661
660 1865
659 660
659 1866
658 659
658 1867
657 658
657 1868
656 657
656 1869
655 656
655 1870
654 655
654 1871
653 654
653 1872
652 653
652 1873
651 652
651 1874
650 651
650 1875
649 650
649 1876
648 649
648 1877
647 648
647 1878
646 647
646 1879
645 646
645 1880
644 645
644 1881
643 644
643 1882
642 643
642 1883
641 642
641 1884
640 641
640 1885
639 640
639 1886
638 639
638 1887
637 638
637 1888
636 637
636 1889
635 636
635 1890
634 635
634 1891
633 634
633 1892
632 633
632 1893
631 632
631 1894
630 631
630 1895
629 630
629 1896
628 629
628 1897
627 628
627 1898
626 627
626 1899
625 626
625 1900
624 625
624 1901
623 624
623 1902
622 623
622 1903
621 622
621 1904
620 621
620 1905
619 620
619 1906
618 619
618 1907
617 618
617 1908
616 617
616 1909
615 616
615 1910
614 615
614 1911
613 614
613 1912
612 613
612 1913
611 612
611 1914
610 611
610 1915
609 610
609 1916
608 609
608 1917
607 608
607 1918
606 607
606 1919
605 606
605 1920
604 605
604 1921
603 604
603 1922
602 603
602 1923
601 602
601 1924
600 601
600 1925
599 600
599 1926
598 599
598 1927
597 598
597 1928
596 597
596 1929
595 596
595 1930
594 595
594 1931
593 594
593 1932
592 593
592 1933
591 592
591 1934
590 591
590 1935
589 590
589 1936
588 589
588 1937
587 588
587 1938
586 587
586 1939
585 586
585 1940
584 585
584 1941
583 584
583 1942
582 583
582 1943
581 582
581 1944
580 581
580 1945
579 580
579 1946
578 579
578 1947
577 578
577 1948
576 577
576 1949
575 576
575 1950
574 575
574 1951
573 574
573 1952
572 573
572 1953
571 572
571 1954
570 571
570 1955
569 570
569 1956
568 569
568 1957
567 568
567 1958
566 567
566 1959
565 566
565 1960
564 565
564 1961
563 564
563 1962
562 563
562 1963
561 562
561 1964
560 561
560 1965
559 560
559 1966
558 559
558 1967
557 558
557 1968
556 557
556 1969
555 556
555 1970
554 555
554 1971
553 554
553 1972
552 553
552 1973
551 552
551 1974
550 551
550 1975
549 550
549 1976
548 549
548 1977
547 548
547 1978
546 547
546 1979
545 546
545 1980
544 545
544 1981
543 544
543 1982
542 543
542 1983
541 542
541 1984
540 541
540 1985
539 540
539 1986
538 539
538 1987
537 538
537 1988
536 537
536 1989
535 536
535 1990
534 535
534 1991
533 534
533 1992
532 533
532 1993
531 532
531 1994
530 531
530 1995
529 530
529 1996
528 529
528 1997
527 528
527 1998
526 527
526 1999
525 526
525 2000
524 525
524 2001
523 524
523 2002
522 523
522 2003
521 522
521 2004
520 521
520 2005
519 520
519 2006
518 519
518 2007
517 518
517 2008
516 517
516 2009
515 516
515 2010
514 515
514 2011
513 514
513 2012
512 513
512 2013
511 512
511 2014
510 511
510 2015
509 510
509 2016
508 509
508 2017
507 508
507 2018
506 507
506 2019
505 506
505 2020
504 505
504 2021
503 504
503 2022
502 503
502 2023
501 502
501 2024
500 501
500 2025
499 500
499 2026
498 499
498 2027
497 498
497 2028
496 497
496 2029
495 496
495 2030
494 495
494 2031
493 494
493 2032
492 493
492 2033
491 492
491 2034
490 491
490 2035
489 490
489 2036
488 489
488 2037
487 488
487 2038
486 487
486 2039
485 486
485 2040
484 485
484 2041
483 484
483 2042
482 483
482 2043
481 482
481 2044
480 481
480 2045
479 480
479 2046
478 479
478 2047
477 478
477 2048
476 477
476 2049
475 476
475 2050
474 475
474 2051
473 474
473 2052
472 473
472 2053
471 472
471 2054
470 471
470 2055
469 470
469 2056
468 469
468 2057
467 468
467 2058
466 467
466 2059
465 466
465 2060
464 465
464 2061
463 464
463 2062
462 463
462 2063
461 462
461 2064
460 461
460 2065
459 460
459 2066
458 459
458 2067
457 458
457 2068
456 457
456 2069
455 456
455 2070
454 455
454 2071
453 454
453 2072
452 453
452 2073
451 452
451 2074
450 451
450 2075
449 450
449 2076
448 449
448 2077
447 448
447 2078
446 447
446 2079
445 446
445 2080
444 445
444 2081
443 444
443 2082
442 443
442 2083
441 442
441 2084
440 441
440 2085
439 440
439 2086
438 439
438 2087
437 438
437 2088
436 437
436 2089
435 436
435 2090
434 435
434 2091
433 434
433 2092
432 433
432 2093
431 432
431 2094
430 431
430 2095
429 430
429 2096
428 429
428 2097
427 428
427 2098
426 427
426 2099
425 426
425 2100
424 425
424 2101
423 424
423 2102
422 423
422 2103
421 422
421 2104
420 421
420 2105
419 420
419 2106
418 419
418 2107
417 418
417 2108
416 417
416 2109
415 416
415 2110
414 415
414 2111
413 414
413 2112
412 413
412 2113
411 412
411 2114
410 411
410 2115
409 410
409 2116
408 409
408 2117
407 408
407 2118
406 407
406 2119
405 406
405 2120
404 405
404 2121
403 404
403 2122
402 403
402 2123
401 402
401 2124
400 401
400 2125
399 400
399 2126
398 399
398 2127
397 398
397 2128
396 397
396 2129
395 396
395 2130
394 395
394 2131
393 394
393 2132
392 393
392 2133
391 392
391 2134
390 391
390 2135
389 390
389 2136
388 389
388 2137
387 388
387 2138
386 387
386 2139
385 386
385 2140
384 385
384 2141
383 384
383 2142
382 383
382 2143
381 382
381 2144
380 381
380 2145
379 380
379 2146
378 379
378 2147
377 378
377 2148
376 377
376 2149
375 376
375 2150
374 375
374 2151
373 374
373 2152
372 373
372 2153
371 372
371 2154
370 371
370 2155
369 370
369 2156
368 369
368 2157
367 368
367 2158
366 367
366 2159
365 366
365 2160
364 365
364 2161
363 364
363 2162
362 363
362 2163
361 362
361 2164
360 361
360 2165
359 360
359 2166
358 359
358 2167
357 358
357 2168
356 357
356 2169
355 356
355 2170
354 355
354 2171
353 354
353 2172
352 353
352 2173
351 352
351 2174
350 351
350 2175
349 350
349 2176
348 349
348 2177
347 348
347 2178
346 347
346 2179
345 346
345 2180
344 345
344 2181
343 344
343 2182
342 343
342 2183
341 342
341 2184
340 341
340 2185
339 340
339 2186
338 339
338 2187
337 338
337 2188
336 337
336 2189
335 336
335 2190
334 335
334 2191
333 334
333 2192
332 333
332 2193
331 332
331 2194
330 331
330 2195
329 330
329 2196
328 329
328 2197
327 328
327 2198
326 327
326 2199
325 326
325 2200
324 325
324 2201
323 324
323 2202
322 323
322 2203
321 322
321 2204
320 321
320 2205
319 320
319 2206
318 319
318 2207
317 318
317 2208
316 317
316 2209
315 316
315 2210
314 315
314 2211
313 314
313 2212
312 313
312 2213
311 312
311 2214
310 311
310 2215
309 310
309 2216
308 309
308 2217
307 308
307 2218
306 307
306 2219
305 306
305 2220
304 305
304 2221
303 304
303 2222
302 303
302 2223
301 302
301 2224
300 301
300 2225
299 300
299 2226
298 299
298 2227
297 298
297 2228
296 297
296 2229
295 296
295 2230
294 295
294 2231
293 294
293 2232
292 293
292 2233
291 292
291 2234
290 291
290 2235
289 290
289 2236
288 289
288 2237
287 288
287 2238
286 287
286 2239
285 286
285 2240
284 285
284 2241
283 284
283 2242
282 283
282 2243
281 282
281 2244
280 281
280 2245
279 280
279 2246
278 279
278 2247
277 278
277 2248
276 277
276 2249
275 276
275 2250
274 275
274 2251
273 274
273 2252
272 273
272 2253
271 272
271 2254
270 271
270 2255
269 270
269 2256
268 269
268 2257
267 268
267 2258
266 267
266 2259
265 266
265 2260
264 265
264 2261
263 264
263 2262
262 263
262 2263
261 262
261 2264
260 261
260 2265
259 260
259 2266
258 259
258 2267
257 258
257 2268
256 257
256 2269
255 256
255 2270
254 255
254 2271
253 254
253 2272
252 253
252 2273
251 252
251 2274
250 251
250 2275
249 250
249 2276
248 249
248 2277
247 248
247 2278
246 247
246 2279
245 246
245 2280
244 245
244 2281
243 244
243 2282
242 243
242 2283
241 242
241 2284
240 241
240 2285
239 240
239 2286
238 239
238 2287
237 238
237 2288
236 237
236 2289
235 236
235 2290
234 235
234 2291
233 234
233 2292
232 233
232 2293
231 232
231 2294
230 231
230 2295
229 230
229 2296
228 229
228 2297
227 228
227 2298
226 227
226 2299
225 226
225 2300
224 225
224 2301
223 224
223 2302
222 223
222 2303
221 222
221 2304
220 221
220 2305
219 220
219 2306
218 219
218 2307
217 218
217 2308
216 217
216 2309
215 216
215 2310
214 215
214 2311
213 214
213 2312
212 213
212 2313
211 212
211 2314
210 211
210 2315
209 210
209 2316
208 209
208 2317
207 208
207 2318
206 207
206 2319
205 206
205 2320
204 205
204 2321
203 204
203 2322
202 203
202 2323
201 202
201 2324
200 201
200 2325
199 200
199 2326
198 199
198 2327
197 198
197 2328
196 197
196 2329
195 196
195 2330
194 195
194 2331
193 194
193 2332
192 193
192 2333
191 192
191 2334
190 191
190 2335
189 190
189 2336
188 189
188 2337
187 188
187 2338
186 187
186 2339
185 186
185 2340
184 185
184 2341
183 184
183 2342
182 183
182 2343
181 182
181 2344
180 181
180 2345
179 180
179 2346
178 179
178 2347
177 178
177 2348
176 177
176 2349
175 176
175 2350
174 175
174 2351
173 174
173 2352
172 173
172 2353
171 172
171 2354
170 171
170 2355
169 170
169 2356
168 169
168 2357
167 168
167 2358
166 167
166 2359
165 166
165 2360
164 165
164 2361
163 164
163 2362
162 163
162 2363
161 162
161 2364
160 161
160 2365
159 160
159 2366
158 159
158 2367
157 158
157 2368
156 157
156 2369
155 156
155 2370
154 155
154 2371
153 154
153 2372
152 153
152 2373
151 152
151 2374
150 151
150 2375
149 150
149 2376
148 149
148 2377
147 148
147 2378
146 147
146 2379
145 146
145 2380
144 145
144 2381
143 144
143 2382
142 143
142 2383
141 142
141 2384
140 141
140 2385
139 140
139 2386
138 139
138 2387
137 138
137 2388
136 137
136 2389
135 136
135 2390
134 135
134 2391
133 134
133 2392
132 133
132 2393
131 132
131 2394
130 131
130 2395
129 130
129 2396
128 129
128 2397
127 128
127 2398
126 127
126 2399
125 126
125 2400
124 125
124 2401
123 124
123 2402
122 123
122 2403
121 122
121 2404
120 121
120 2405
119 120
119 2406
118 119
118 2407
117 118
117 2408
116 117
116 2409
115 116
115 2410
114 115
114 2411
113 114
113 2412
112 113
112 2413
111 112
111 2414
110 111
110 2415
109 110
109 2416
108 109
108 2417
107 108
107 2418
106 107
106 2419
105 106
105 2420
104 105
104 2421
103 104
103 2422
102 103
102 2423
101 102
101 2424
100 101
100 2425
99 100
99 2426
98 99
98 2427
97 98
97 2428
96 97
96 2429
95 96
95 2430
94 95
94 2431
93 94
93 2432
92 93
92 2433
91 92
91 2434
90 91
90 2435
89 90
89 2436
88 89
88 2437
87 88
87 2438
86 87
86 2439
85 86
85 2440
84 85
84 2441
83 84
83 2442
82 83
82 2443
81 82
81 2444
80 81
80 2445
79 80
79 2446
78 79
78 2447
77 78
77 2448
76 77
76 2449
75 76
75 2450
74 75
74 2451
73 74
73 2452
72 73
72 2453
71 72
71 2454
70 71
70 2455
69 70
69 2456
68 69
68 2457
67 68
67 2458
66 67
66 2459
65 66
65 2460
64 65
64 2461
63 64
63 2462
62 63
62 2463
61 62
61 2464
60 61
60 2465
59 60
59 2466
58 59
58 2467
57 58
57 2468
56 57
56 2469
55 56
55 2470
54 55
54 2471
53 54
53 2472
52 53
52 2473
51 52
51 2474
50 51
50 2475
49 50
49 2476
48 49
48 2477
47 48
47 2478
46 47
46 2479
45 46
45 2480
44 45
44 2481
43 44
43 2482
42 43
42 2483
41 42
41 2484
40 41
40 2485
39 40
39 2486
38 39
38 2487
37 38
37 2488
36 37
36 2489
35 36
35 2490
34 35
34 2491
33 34
33 2492
32 33
32 2493
31 32
31 2494
30 31
30 2495
29 30
29 2496
28 29
28 2497
27 28
27 2498
26 27
26 2499
25 26
25 2500
24 25
24 2501
23 24
23 2502
22 23
22 2503
21 22
21 2504
20 21
20 2505
19 20
19 2506
18 19
18 2507
17 18
17 2508
16 17
16 2509
15 16
15 2510
14 15
14 2511
13 14
13 2512
12 13
12 2513
11 12
11 2514
10 11
10 2515
9 10
9 2516
8 9
8 2517
7 8
7 2518
6 7
6 2519
5 6
5 2520
4 5
4 2521
3 4
3 2522
2 3
2 2523
1 2
1 2695
