2625 63314782
1312 1
1312 2524
1311 1312
1311 2525
1310 1311
1310 2526
1309 1310
1309 2527
1308 1309
1308 2528
1307 1308
1307 2529
1306 1307
1306 2530
1305 1306
1305 2531
1304 1305
1304 2532
1303 1304
1303 2533
1302 1303
1302 2534
1301 1302
1301 2535
1300 1301
1300 2536
1299 1300
1299 2537
1298 1299
1298 2538
1297 1298
1297 2539
1296 1297
1296 2540
1295 1296
1295 2541
1294 1295
1294 2542
1293 1294
1293 2543
1292 1293
1292 2544
1291 1292
1291 2545
1290 1291
1290 2546
1289 1290
1289 2547
1288 1289
1288 2548
1287 1288
1287 2549
1286 1287
1286 2550
1285 1286
1285 2551
1284 1285
1284 2552
1283 1284
1283 2553
1282 1283
1282 2554
1281 1282
1281 2555
1280 1281
1280 2556
1279 1280
1279 2557
1278 1279
1278 2558
1277 1278
1277 2559
1276 1277
1276 2560
1275 1276
1275 2561
1274 1275
1274 2562
1273 1274
1273 2563
1272 1273
1272 2564
1271 1272
1271 2565
1270 1271
1270 2566
1269 1270
1269 2567
1268 1269
1268 2568
1267 1268
1267 2569
1266 1267
1266 2570
1265 1266
1265 2571
1264 1265
1264 2572
1263 1264
1263 2573
1262 1263
1262 2574
1261 1262
1261 2575
1260 1261
1260 2576
1259 1260
1259 2577
1258 1259
1258 2578
1257 1258
1257 2579
1256 1257
1256 2580
1255 1256
1255 2581
1254 1255
1254 2582
1253 1254
1253 2583
1252 1253
1252 2584
1251 1252
1251 2585
1250 1251
1250 2586
1249 1250
1249 2587
1248 1249
1248 2588
1247 1248
1247 2589
1246 1247
1246 2590
1245 1246
1245 2591
1244 1245
1244 2592
1243 1244
1243 2593
1242 1243
1242 2594
1241 1242
1241 2595
1240 1241
1240 2596
1239 1240
1239 2597
1238 1239
1238 2598
1237 1238
1237 2599
1236 1237
1236 2600
1235 1236
1235 2601
1234 1235
1234 2602
1233 1234
1233 2603
1232 1233
1232 2604
1231 1232
1231 2605
1230 1231
1230 2606
1229 1230
1229 2607
1228 1229
1228 2608
1227 1228
1227 2609
1226 1227
1226 2610
1225 1226
1225 2611
1224 1225
1224 2612
1223 1224
1223 2613
1222 1223
1222 2614
1221 1222
1221 2615
1220 1221
1220 2616
1219 1220
1219 2617
1218 1219
1218 2618
1217 1218
1217 2619
1216 1217
1216 2620
1215 1216
1215 2621
1214 1215
1214 2622
1213 1214
1213 2623
1212 1213
1212 2624
1211 1212
1211 2625
1210 1211
1210 2626
1209 1210
1209 2627
1208 1209
1208 2628
1207 1208
1207 2629
1206 1207
1206 2630
1205 1206
1205 2631
1204 1205
1204 2632
1203 1204
1203 2633
1202 1203
1202 2634
1201 1202
1201 2635
1200 1201
1200 2636
1199 1200
1199 2637
1198 1199
1198 2638
1197 1198
1197 2639
1196 1197
1196 2640
1195 1196
1195 2641
1194 1195
1194 2642
1193 1194
1193 2643
1192 1193
1192 2644
1191 1192
1191 2645
1190 1191
1190 2646
1189 1190
1189 2647
1188 1189
1188 2648
1187 1188
1187 2649
1186 1187
1186 2650
1185 1186
1185 2651
1184 1185
1184 2652
1183 1184
1183 2653
1182 1183
1182 2654
1181 1182
1181 2655
1180 1181
1180 2656
1179 1180
1179 2657
1178 1179
1178 2658
1177 1178
1177 2659
1176 1177
1176 2660
1175 1176
1175 2661
1174 1175
1174 2662
1173 1174
1173 2663
1172 1173
1172 2664
1171 1172
1171 2665
1170 1171
1170 2666
1169 1170
1169 2667
1168 1169
1168 2668
1167 1168
1167 2669
1166 1167
1166 2670
1165 1166
1165 2671
1164 1165
1164 2672
1163 1164
1163 2673
1162 1163
1162 2674
1161 1162
1161 2675
1160 1161
1160 2676
1159 1160
1159 2677
1158 1159
1158 2678
1157 1158
1157 2679
1156 1157
1156 2680
1155 1156
1155 2681
1154 1155
1154 2682
1153 1154
1153 2683
1152 1153
1152 2684
1151 1152
1151 2685
1150 1151
1150 2686
1149 1150
1149 2687
1148 1149
1148 2688
1147 1148
1147 2689
1146 1147
1146 2690
1145 1146
1145 2691
1144 1145
1144 2692
1143 1144
1143 2693
1142 1143
1142 2694
1141 1142
1141 2695
1140 1141
1140 2660
1139 1140
1139 2661
1138 1139
1138 1313
1137 1138
1137 1314
1136 1137
1136 1315
1135 1136
1135 1316
1134 1135
1134 1317
1133 1134
1133 1318
1132 1133
1132 1319
1131 1132
1131 1320
1130 1131
1130 1321
1129 1130
1129 1322
1128 1129
1128 1323
1127 1128
1127 1324
1126 1127
1126 1325
1125 1126
1125 1326
1124 1125
1124 1327
1123 1124
1123 1328
1122 1123
1122 1329
1121 1122
1121 1330
1120 1121
1120 1331
1119 1120
1119 1332
1118 1119
1118 1333
1117 1118
1117 1334
1116 1117
1116 1335
1115 1116
1115 1336
1114 1115
1114 1337
1113 1114
1113 1338
1112 1113
1112 1339
1111 1112
1111 1340
1110 1111
1110 1341
1109 1110
1109 1342
1108 1109
1108 1343
1107 1108
1107 1344
1106 1107
1106 1345
1105 1106
1105 1346
1104 1105
1104 1347
1103 1104
1103 1348
1102 1103
1102 1349
1101 1102
1101 1350
1100 1101
1100 1351
1099 1100
1099 1352
1098 1099
1098 1353
1097 1098
1097 1354
1096 1097
1096 1355
1095 1096
1095 1356
1094 1095
1094 1357
1093 1094
1093 1358
1092 1093
1092 1359
1091 1092
1091 1360
1090 1091
1090 1361
1089 1090
1089 1362
1088 1089
1088 1363
1087 1088
1087 1364
1086 1087
1086 1365
1085 1086
1085 1366
1084 1085
1084 1367
1083 1084
1083 1368
1082 1083
1082 1369
1081 1082
1081 1370
1080 1081
1080 1371
1079 1080
1079 1372
1078 1079
1078 1373
1077 1078
1077 1374
1076 1077
1076 1375
1075 1076
1075 1376
1074 1075
1074 1377
1073 1074
1073 1378
1072 1073
1072 1379
1071 1072
1071 1380
1070 1071
1070 1381
1069 1070
1069 1382
1068 1069
1068 1383
1067 1068
1067 1384
1066 1067
1066 1385
1065 1066
1065 1386
1064 1065
1064 1387
1063 1064
1063 1388
1062 1063
1062 1389
1061 1062
1061 1390
1060 1061
1060 1391
1059 1060
1059 1392
1058 1059
1058 1393
1057 1058
1057 1394
1056 1057
1056 1395
1055 1056
1055 1396
1054 1055
1054 1397
1053 1054
1053 1398
1052 1053
1052 1399
1051 1052
1051 1400
1050 1051
1050 1401
1049 1050
1049 1402
1048 1049
1048 1403
1047 1048
1047 1404
1046 1047
1046 1405
1045 1046
1045 1406
1044 1045
1044 1407
1043 1044
1043 1408
1042 1043
1042 1409
1041 1042
1041 1410
1040 1041
1040 1411
1039 1040
1039 1412
1038 1039
1038 1413
1037 1038
1037 1414
1036 1037
1036 1415
1035 1036
1035 1416
1034 1035
1034 1417
1033 1034
1033 1418
1032 1033
1032 1419
1031 1032
1031 1420
1030 1031
1030 1421
1029 1030
1029 1422
1028 1029
1028 1423
1027 1028
1027 1424
1026 1027
1026 1425
1025 1026
1025 1426
1024 1025
1024 1427
1023 1024
1023 1428
1022 1023
1022 1429
1021 1022
1021 1430
1020 1021
1020 1431
1019 1020
1019 1432
1018 1019
1018 1433
1017 1018
1017 1434
1016 1017
1016 1435
1015 1016
1015 1436
1014 1015
1014 1437
1013 1014
1013 1438
1012 1013
1012 1439
1011 1012
1011 1440
1010 1011
1010 1441
1009 1010
1009 1442
1008 1009
1008 1443
1007 1008
1007 1444
1006 1007
1006 1445
1005 1006
1005 1446
1004 1005
1004 1447
1003 1004
1003 1448
1002 1003
1002 1449
1001 1002
1001 1450
1000 1001
1000 1451
999 1000
999 1452
998 999
998 1453
997 998
997 1454
996 997
996 1455
995 996
995 1456
994 995
994 1457
993 994
993 1458
992 993
992 1459
991 992
991 1460
990 991
990 1461
989 990
989 1462
988 989
988 1463
987 988
987 1464
986 987
986 1465
985 986
985 1466
984 985
984 1467
983 984
983 1468
982 983
982 1469
981 982
981 1470
980 981
980 1471
979 980
979 1472
978 979
978 1473
977 978
977 1474
976 977
976 1475
975 976
975 1476
974 975
974 1477
973 974
973 1478
972 973
972 1479
971 972
971 1480
970 971
970 1481
969 970
969 1482
968 969
968 1483
967 968
967 1484
966 967
966 1485
965 966
965 1486
964 965
964 1487
963 964
963 1488
962 963
962 1489
961 962
961 1490
960 961
960 1491
959 960
959 1492
958 959
958 1493
957 958
957 1494
956 957
956 1495
955 956
955 1496
954 955
954 1497
953 954
953 1498
952 953
952 1499
951 952
951 1500
950 951
950 1501
949 950
949 1502
948 949
948 1503
947 948
947 1504
946 947
946 1505
945 946
945 1506
944 945
944 1507
943 944
943 1508
942 943
942 1509
941 942
941 1510
940 941
940 1511
939 940
939 1512
938 939
938 1513
937 938
937 1514
936 937
936 1515
935 936
935 1516
934 935
934 1517
933 934
933 1518
932 933
932 1519
931 932
931 1520
930 931
930 1521
929 930
929 1522
928 929
928 1523
927 928
927 1524
926 927
926 1525
925 926
925 1526
924 925
924 1527
923 924
923 1528
922 923
922 1529
921 922
921 1530
920 921
920 1531
919 920
919 1532
918 919
918 1533
917 918
917 1534
916 917
916 1535
915 916
915 1536
914 915
914 1537
913 914
913 1538
912 913
912 1539
911 912
911 1540
910 911
910 1541
909 910
909 1542
908 909
908 1543
907 908
907 1544
906 907
906 1545
905 906
905 1546
904 905
904 1547
903 904
903 1548
902 903
902 1549
901 902
901 1550
900 901
900 1551
899 900
899 1552
898 899
898 1553
897 898
897 1554
896 897
896 1555
895 896
895 1556
894 895
894 1557
893 894
893 1558
892 893
892 1559
891 892
891 1560
890 891
890 1561
889 890
889 1562
888 889
888 1563
887 888
887 1564
886 887
886 1565
885 886
885 1566
884 885
884 1567
883 884
883 1568
882 883
882 1569
881 882
881 1570
880 881
880 1571
879 880
879 1572
878 879
878 1573
877 878
877 1574
876 877
876 1575
875 876
875 1576
874 875
874 1577
873 874
873 1578
872 873
872 1579
871 872
871 1580
870 871
870 1581
869 870
869 1582
868 869
868 1583
867 868
867 1584
866 867
866 1585
865 866
865 1586
864 865
864 1587
863 864
863 1588
862 863
862 1589
861 862
861 1590
860 861
860 1591
859 860
859 1592
858 859
858 1593
857 858
857 1594
856 857
856 1595
855 856
855 1596
854 855
854 1597
853 854
853 1598
852 853
852 1599
851 852
851 1600
850 851
850 1601
849 850
849 1602
848 849
848 1603
847 848
847 1604
846 847
846 1605
845 846
845 1606
844 845
844 1607
843 844
843 1608
842 843
842 1609
841 842
841 1610
840 841
840 1611
839 840
839 1612
838 839
838 1613
837 838
837 1614
836 837
836 1615
835 836
835 1616
834 835
834 1617
833 834
833 1618
832 833
832 1619
831 832
831 1620
830 831
830 1621
829 830
829 1622
828 829
828 1623
827 828
827 1624
826 827
826 1625
825 826
825 1626
824 825
824 1627
823 824
823 1628
822 823
822 1629
821 822
821 1630
820 821
820 1631
819 820
819 1632
818 819
818 1633
817 818
817 1634
816 817
816 1635
815 816
815 1636
814 815
814 1637
813 814
813 1638
812 813
812 1639
811 812
811 1640
810 811
810 1641
809 810
809 1642
808 809
808 1643
807 808
807 1644
806 807
806 1645
805 806
805 1646
804 805
804 1647
803 804
803 1648
802 803
802 1649
801 802
801 1650
800 801
800 1651
799 800
799 1652
798 799
798 1653
797 798
797 1654
796 797
796 1655
795 796
795 1656
794 795
794 1657
793 794
793 1658
792 793
792 1659
791 792
791 1660
790 791
790 1661
789 790
789 1662
788 789
788 1663
787 788
787 1664
786 787
786 1665
785 786
785 1666
784 785
784 1667
783 784
783 1668
782 783
782 1669
781 782
781 1670
780 781
780 1671
779 780
779 1672
778 779
778 1673
777 778
777 1674
776 777
776 1675
775 776
775 1676
774 775
774 1677
773 774
773 1678
772 773
772 1679
771 772
771 1680
770 771
770 1681
769 770
769 1682
768 769
768 1683
767 768
767 1684
766 767
766 1685
765 766
765 1686
764 765
764 1687
763 764
763 1688
762 763
762 1689
761 762
761 1690
760 761
760 1691
759 760
759 1692
758 759
758 1693
757 758
757 1694
756 757
756 1695
755 756
755 1696
754 755
754 1697
753 754
753 1698
752 753
752 1699
751 752
751 1700
750 751
750 1701
749 750
749 1702
748 749
748 1703
747 748
747 1704
746 747
746 1705
745 746
745 1706
744 745
744 1707
743 744
743 1708
742 743
742 1709
741 742
741 1710
740 741
740 1711
739 740
739 1712
738 739
738 1713
737 738
737 1714
736 737
736 1715
735 736
735 1716
734 735
734 1717
733 734
733 1718
732 733
732 1719
731 732
731 1720
730 731
730 1721
729 730
729 1722
728 729
728 1723
727 728
727 1724
726 727
726 1725
725 726
725 1726
724 725
724 1727
723 724
723 1728
722 723
722 1729
721 722
721 1730
720 721
720 1731
719 720
719 1732
718 719
718 1733
717 718
717 1734
716 717
716 1735
715 716
715 1736
714 715
714 1737
713 714
713 1738
712 713
712 1739
711 712
711 1740
710 711
710 1741
709 710
709 1742
708 709
708 1743
707 708
707 1744
706 707
706 1745
705 706
705 1746
704 705
704 1747
703 704
703 1748
702 703
702 1749
701 702
701 1750
700 701
700 1751
699 700
699 1752
698 699
698 1753
697 698
697 1754
696 697
696 1755
695 696
695 1756
694 695
694 1757
693 694
693 1758
692 693
692 1759
691 692
691 1760
690 691
690 1761
689 690
689 1762
688 689
688 1763
687 688
687 1764
686 687
686 1765
685 686
685 1766
684 685
684 1767
683 684
683 1768
682 683
682 1769
681 682
681 1770
680 681
680 1771
679 680
679 1772
678 679
678 1773
677 678
677 1774
676 677
676 1775
675 676
675 1776
674 675
674 1777
673 674
673 1778
672 673
672 1779
671 672
671 1780
670 671
670 1781
669 670
669 1782
668 669
668 1783
667 668
667 1784
666 667
666 1785
665 666
665 1786
664 665
664 1787
663 664
663 1788
662 663
662 1789
661 662
661 1790
660 661
660 1791
659 660
659 1792
658 659
658 1793
657 658
657 1794
656 657
656 1795
655 656
655 1796
654 655
654 1797
653 654
653 1798
652 653
652 1799
651 652
651 1800
650 651
650 1801
649 650
649 1802
648 649
648 1803
647 648
647 1804
646 647
646 1805
645 646
645 1806
644 645
644 1807
643 644
643 1808
642 643
642 1809
641 642
641 1810
640 641
640 1811
639 640
639 1812
638 639
638 1813
637 638
637 1814
636 637
636 1815
635 636
635 1816
634 635
634 1817
633 634
633 1818
632 633
632 1819
631 632
631 1820
630 631
630 1821
629 630
629 1822
628 629
628 1823
627 628
627 1824
626 627
626 1825
625 626
625 1826
624 625
624 1827
623 624
623 1828
622 623
622 1829
621 622
621 1830
620 621
620 1831
619 620
619 1832
618 619
618 1833
617 618
617 1834
616 617
616 1835
615 616
615 1836
614 615
614 1837
613 614
613 1838
612 613
612 1839
611 612
611 1840
610 611
610 1841
609 610
609 1842
608 609
608 1843
607 608
607 1844
606 607
606 1845
605 606
605 1846
604 605
604 1847
603 604
603 1848
602 603
602 1849
601 602
601 1850
600 601
600 1851
599 600
599 1852
598 599
598 1853
597 598
597 1854
596 597
596 1855
595 596
595 1856
594 595
594 1857
593 594
593 1858
592 593
592 1859
591 592
591 1860
590 591
590 1861
589 590
589 1862
588 589
588 1863
587 588
587 1864
586 587
586 1865
585 586
585 1866
584 585
584 1867
583 584
583 1868
582 583
582 1869
581 582
581 1870
580 581
580 1871
579 580
579 1872
578 579
578 1873
577 578
577 1874
576 577
576 1875
575 576
575 1876
574 575
574 1877
573 574
573 1878
572 573
572 1879
571 572
571 1880
570 571
570 1881
569 570
569 1882
568 569
568 1883
567 568
567 1884
566 567
566 1885
565 566
565 1886
564 565
564 1887
563 564
563 1888
562 563
562 1889
561 562
561 1890
560 561
560 1891
559 560
559 1892
558 559
558 1893
557 558
557 1894
556 557
556 1895
555 556
555 1896
554 555
554 1897
553 554
553 1898
552 553
552 1899
551 552
551 1900
550 551
550 1901
549 550
549 1902
548 549
548 1903
547 548
547 1904
546 547
546 1905
545 546
545 1906
544 545
544 1907
543 544
543 1908
542 543
542 1909
541 542
541 1910
540 541
540 1911
539 540
539 1912
538 539
538 1913
537 538
537 1914
536 537
536 1915
535 536
535 1916
534 535
534 1917
533 534
533 1918
532 533
532 1919
531 532
531 1920
530 531
530 1921
529 530
529 1922
528 529
528 1923
527 528
527 1924
526 527
526 1925
525 526
525 1926
524 525
524 1927
523 524
523 1928
522 523
522 1929
521 522
521 1930
520 521
520 1931
519 520
519 1932
518 519
518 1933
517 518
517 1934
516 517
516 1935
515 516
515 1936
514 515
514 1937
513 514
513 1938
512 513
512 1939
511 512
511 1940
510 511
510 1941
509 510
509 1942
508 509
508 1943
507 508
507 1944
506 507
506 1945
505 506
505 1946
504 505
504 1947
503 504
503 1948
502 503
502 1949
501 502
501 1950
500 501
500 1951
499 500
499 1952
498 499
498 1953
497 498
497 1954
496 497
496 1955
495 496
495 1956
494 495
494 1957
493 494
493 1958
492 493
492 1959
491 492
491 1960
490 491
490 1961
489 490
489 1962
488 489
488 1963
487 488
487 1964
486 487
486 1965
485 486
485 1966
484 485
484 1967
483 484
483 1968
482 483
482 1969
481 482
481 1970
480 481
480 1971
479 480
479 1972
478 479
478 1973
477 478
477 1974
476 477
476 1975
475 476
475 1976
474 475
474 1977
473 474
473 1978
472 473
472 1979
471 472
471 1980
470 471
470 1981
469 470
469 1982
468 469
468 1983
467 468
467 1984
466 467
466 1985
465 466
465 1986
464 465
464 1987
463 464
463 1988
462 463
462 1989
461 462
461 1990
460 461
460 1991
459 460
459 1992
458 459
458 1993
457 458
457 1994
456 457
456 1995
455 456
455 1996
454 455
454 1997
453 454
453 1998
452 453
452 1999
451 452
451 2000
450 451
450 2001
449 450
449 2002
448 449
448 2003
447 448
447 2004
446 447
446 2005
445 446
445 2006
444 445
444 2007
443 444
443 2008
442 443
442 2009
441 442
441 2010
440 441
440 2011
439 440
439 2012
438 439
438 2013
437 438
437 2014
436 437
436 2015
435 436
435 2016
434 435
434 2017
433 434
433 2018
432 433
432 2019
431 432
431 2020
430 431
430 2021
429 430
429 2022
428 429
428 2023
427 428
427 2024
426 427
426 2025
425 426
425 2026
424 425
424 2027
423 424
423 2028
422 423
422 2029
421 422
421 2030
420 421
420 2031
419 420
419 2032
418 419
418 2033
417 418
417 2034
416 417
416 2035
415 416
415 2036
414 415
414 2037
413 414
413 2038
412 413
412 2039
411 412
411 2040
410 411
410 2041
409 410
409 2042
408 409
408 2043
407 408
407 2044
406 407
406 2045
405 406
405 2046
404 405
404 2047
403 404
403 2048
402 403
402 2049
401 402
401 2050
400 401
400 2051
399 400
399 2052
398 399
398 2053
397 398
397 2054
396 397
396 2055
395 396
395 2056
394 395
394 2057
393 394
393 2058
392 393
392 2059
391 392
391 2060
390 391
390 2061
389 390
389 2062
388 389
388 2063
387 388
387 2064
386 387
386 2065
385 386
385 2066
384 385
384 2067
383 384
383 2068
382 383
382 2069
381 382
381 2070
380 381
380 2071
379 380
379 2072
378 379
378 2073
377 378
377 2074
376 377
376 2075
375 376
375 2076
374 375
374 2077
373 374
373 2078
372 373
372 2079
371 372
371 2080
370 371
370 2081
369 370
369 2082
368 369
368 2083
367 368
367 2084
366 367
366 2085
365 366
365 2086
364 365
364 2087
363 364
363 2088
362 363
362 2089
361 362
361 2090
360 361
360 2091
359 360
359 2092
358 359
358 2093
357 358
357 2094
356 357
356 2095
355 356
355 2096
354 355
354 2097
353 354
353 2098
352 353
352 2099
351 352
351 2100
350 351
350 2101
349 350
349 2102
348 349
348 2103
347 348
347 2104
346 347
346 2105
345 346
345 2106
344 345
344 2107
343 344
343 2108
342 343
342 2109
341 342
341 2110
340 341
340 2111
339 340
339 2112
338 339
338 2113
337 338
337 2114
336 337
336 2115
335 336
335 2116
334 335
334 2117
333 334
333 2118
332 333
332 2119
331 332
331 2120
330 331
330 2121
329 330
329 2122
328 329
328 2123
327 328
327 2124
326 327
326 2125
325 326
325 2126
324 325
324 2127
323 324
323 2128
322 323
322 2129
321 322
321 2130
320 321
320 2131
319 320
319 2132
318 319
318 2133
317 318
317 2134
316 317
316 2135
315 316
315 2136
314 315
314 2137
313 314
313 2138
312 313
312 2139
311 312
311 2140
310 311
310 2141
309 310
309 2142
308 309
308 2143
307 308
307 2144
306 307
306 2145
305 306
305 2146
304 305
304 2147
303 304
303 2148
302 303
302 2149
301 302
301 2150
300 301
300 2151
299 300
299 2152
298 299
298 2153
297 298
297 2154
296 297
296 2155
295 296
295 2156
294 295
294 2157
293 294
293 2158
292 293
292 2159
291 292
291 2160
290 291
290 2161
289 290
289 2162
288 289
288 2163
287 288
287 2164
286 287
286 2165
285 286
285 2166
284 285
284 2167
283 284
283 2168
282 283
282 2169
281 282
281 2170
280 281
280 2171
279 280
279 2172
278 279
278 2173
277 278
277 2174
276 277
276 2175
275 276
275 2176
274 275
274 2177
273 274
273 2178
272 273
272 2179
271 272
271 2180
270 271
270 2181
269 270
269 2182
268 269
268 2183
267 268
267 2184
266 267
266 2185
265 266
265 2186
264 265
264 2187
263 264
263 2188
262 263
262 2189
261 262
261 2190
260 261
260 2191
259 260
259 2192
258 259
258 2193
257 258
257 2194
256 257
256 2195
255 256
255 2196
254 255
254 2197
253 254
253 2198
252 253
252 2199
251 252
251 2200
250 251
250 2201
249 250
249 2202
248 249
248 2203
247 248
247 2204
246 247
246 2205
245 246
245 2206
244 245
244 2207
243 244
243 2208
242 243
242 2209
241 242
241 2210
240 241
240 2211
239 240
239 2212
238 239
238 2213
237 238
237 2214
236 237
236 2215
235 236
235 2216
234 235
234 2217
233 234
233 2218
232 233
232 2219
231 232
231 2220
230 231
230 2221
229 230
229 2222
228 229
228 2223
227 228
227 2224
226 227
226 2225
225 226
225 2226
224 225
224 2227
223 224
223 2228
222 223
222 2229
221 222
221 2230
220 221
220 2231
219 220
219 2232
218 219
218 2233
217 218
217 2234
216 217
216 2235
215 216
215 2236
214 215
214 2237
213 214
213 2238
212 213
212 2239
211 212
211 2240
210 211
210 2241
209 210
209 2242
208 209
208 2243
207 208
207 2244
206 207
206 2245
205 206
205 2246
204 205
204 2247
203 204
203 2248
202 203
202 2249
201 202
201 2250
200 201
200 2251
199 200
199 2252
198 199
198 2253
197 198
197 2254
196 197
196 2255
195 196
195 2256
194 195
194 2257
193 194
193 2258
192 193
192 2259
191 192
191 2260
190 191
190 2261
189 190
189 2262
188 189
188 2263
187 188
187 2264
186 187
186 2265
185 186
185 2266
184 185
184 2267
183 184
183 2268
182 183
182 2269
181 182
181 2270
180 181
180 2271
179 180
179 2272
178 179
178 2273
177 178
177 2274
176 177
176 2275
175 176
175 2276
174 175
174 2277
173 174
173 2278
172 173
172 2279
171 172
171 2280
170 171
170 2281
169 170
169 2282
168 169
168 2283
167 168
167 2284
166 167
166 2285
165 166
165 2286
164 165
164 2287
163 164
163 2288
162 163
162 2289
161 162
161 2290
160 161
160 2291
159 160
159 2292
158 159
158 2293
157 158
157 2294
156 157
156 2295
155 156
155 2296
154 155
154 2297
153 154
153 2298
152 153
152 2299
151 152
151 2300
150 151
150 2301
149 150
149 2302
148 149
148 2303
147 148
147 2304
146 147
146 2305
145 146
145 2306
144 145
144 2307
143 144
143 2308
142 143
142 2309
141 142
141 2310
140 141
140 2311
139 140
139 2312
138 139
138 2313
137 138
137 2314
136 137
136 2315
135 136
135 2316
134 135
134 2317
133 134
133 2318
132 133
132 2319
131 132
131 2320
130 131
130 2321
129 130
129 2322
128 129
128 2323
127 128
127 2324
126 127
126 2325
125 126
125 2326
124 125
124 2327
123 124
123 2328
122 123
122 2329
121 122
121 2330
120 121
120 2331
119 120
119 2332
118 119
118 2333
117 118
117 2334
116 117
116 2335
115 116
115 2336
114 115
114 2337
113 114
113 2338
112 113
112 2339
111 112
111 2340
110 111
110 2341
109 110
109 2342
108 109
108 2343
107 108
107 2344
106 107
106 2345
105 106
105 2346
104 105
104 2347
103 104
103 2348
102 103
102 2349
101 102
101 2350
100 101
100 2351
99 100
99 2352
98 99
98 2353
97 98
97 2354
96 97
96 2355
95 96
95 2356
94 95
94 2357
93 94
93 2358
92 93
92 2359
91 92
91 2360
90 91
90 2361
89 90
89 2362
88 89
88 2363
87 88
87 2364
86 87
86 2365
85 86
85 2366
84 85
84 2367
83 84
83 2368
82 83
82 2369
81 82
81 2370
80 81
80 2371
79 80
79 2372
78 79
78 2373
77 78
77 2374
76 77
76 2375
75 76
75 2376
74 75
74 2377
73 74
73 2378
72 73
72 2379
71 72
71 2380
70 71
70 2381
69 70
69 2382
68 69
68 2383
67 68
67 2384
66 67
66 2385
65 66
65 2386
64 65
64 2387
63 64
63 2388
62 63
62 2389
61 62
61 2390
60 61
60 2391
59 60
59 2392
58 59
58 2393
57 58
57 2394
56 57
56 2395
55 56
55 2396
54 55
54 2397
53 54
53 2398
52 53
52 2399
51 52
51 2400
50 51
50 2401
49 50
49 2402
48 49
48 2403
47 48
47 2404
46 47
46 2405
45 46
45 2406
44 45
44 2407
43 44
43 2408
42 43
42 2409
41 42
41 2410
40 41
40 2411
39 40
39 2412
38 39
38 2413
37 38
37 2414
36 37
36 2415
35 36
35 2416
34 35
34 2417
33 34
33 2418
32 33
32 2419
31 32
31 2420
30 31
30 2421
29 30
29 2422
28 29
28 2423
27 28
27 2424
26 27
26 2425
25 26
25 2426
24 25
24 2427
23 24
23 2428
22 23
22 2429
21 22
21 2430
20 21
20 2431
19 20
19 2432
18 19
18 2433
17 18
17 2434
16 17
16 2435
15 16
15 2436
14 15
14 2437
13 14
13 2438
12 13
12 2439
11 12
11 2440
10 11
10 2441
9 10
9 2442
8 9
8 2443
7 8
7 2444
6 7
6 2445
5 6
5 2446
4 5
4 2447
3 4
3 2448
2 3
2 2449
1 2
1 2450
1 2626
