254 2896197
51 1
51 212
51 213
51 214
51 215
50 51
50 216
50 217
50 218
50 219
49 50
49 220
49 221
49 222
49 223
48 49
48 224
48 225
48 226
48 52
47 48
47 53
47 54
47 55
47 56
46 47
46 57
46 58
46 59
46 60
45 46
45 61
45 62
45 63
45 64
44 45
44 65
44 66
44 67
44 68
43 44
43 69
43 70
43 71
43 72
42 43
42 73
42 74
42 75
42 76
41 42
41 77
41 78
41 79
41 80
40 41
40 81
40 82
40 83
40 84
39 40
39 85
39 86
39 87
39 88
38 39
38 89
38 90
38 91
38 92
37 38
37 93
37 94
37 95
37 96
36 37
36 97
36 98
36 99
36 100
35 36
35 101
35 102
35 103
35 104
34 35
34 105
34 106
34 107
34 108
33 34
33 109
33 110
33 111
33 112
32 33
32 113
32 114
32 115
32 116
31 32
31 117
31 118
31 119
31 120
30 31
30 121
30 122
30 123
30 124
29 30
29 125
29 126
29 127
29 128
28 29
28 129
28 130
28 131
28 132
27 28
27 133
27 134
27 135
27 136
26 27
26 137
26 138
26 139
26 140
25 26
25 141
25 142
25 143
25 144
24 25
24 145
24 146
24 147
24 148
23 24
23 149
23 150
23 151
23 152
22 23
22 153
22 154
22 155
22 156
21 22
21 157
21 158
21 159
21 160
20 21
20 161
20 162
20 163
20 164
19 20
19 165
19 166
19 167
19 168
18 19
18 169
18 170
18 171
18 172
17 18
17 173
17 174
17 175
17 176
16 17
16 177
16 178
16 179
16 180
15 16
15 181
15 182
15 183
15 184
14 15
14 185
14 186
14 187
14 188
13 14
13 189
13 190
13 191
13 192
12 13
12 193
12 194
12 195
12 196
11 12
11 197
11 198
11 199
11 200
10 11
10 201
10 202
10 203
10 204
9 10
9 205
9 206
9 207
9 208
8 9
8 209
8 210
8 211
8 212
7 8
7 213
7 214
7 215
7 216
6 7
6 217
6 218
6 219
6 220
5 6
5 221
5 222
5 223
5 224
4 5
4 225
4 226
4 227
4 228
3 4
3 229
3 230
3 231
3 232
2 3
2 233
2 234
2 235
2 236
1 2
1 237
1 238
1 255
