2562 35788764
853 1
853 2451
853 2452
853 2453
853 2454
852 853
852 2455
852 2456
851 852
851 2457
851 2458
850 851
850 2459
850 2460
849 850
849 2461
849 2462
848 849
848 2463
848 2464
847 848
847 2465
847 2466
846 847
846 2467
846 2468
845 846
845 2469
845 2470
844 845
844 2471
844 2472
843 844
843 2473
843 2474
842 843
842 2475
842 2476
841 842
841 2477
841 2478
840 841
840 2479
840 2480
839 840
839 2481
839 2482
838 839
838 2483
838 2484
837 838
837 2485
837 2486
836 837
836 2487
836 2488
835 836
835 2489
835 2490
834 835
834 2491
834 2492
833 834
833 2493
833 2494
832 833
832 2495
832 2496
831 832
831 2497
831 2498
830 831
830 2499
830 2500
829 830
829 2501
829 2502
828 829
828 2503
828 2504
827 828
827 2505
827 2506
826 827
826 2507
826 2508
825 826
825 2509
825 2510
824 825
824 2511
824 2512
823 824
823 2513
823 2514
822 823
822 2515
822 2516
821 822
821 2517
821 2518
820 821
820 2519
820 2520
819 820
819 2521
819 2522
818 819
818 2523
818 2524
817 818
817 2525
817 2526
816 817
816 2527
816 2528
815 816
815 2529
815 2530
814 815
814 2531
814 2532
813 814
813 2533
813 2534
812 813
812 2535
812 2536
811 812
811 2537
811 2538
810 811
810 2539
810 2540
809 810
809 2541
809 2542
808 809
808 2543
808 2544
807 808
807 2545
807 2546
806 807
806 2547
806 2548
805 806
805 2549
805 2550
804 805
804 2551
804 2552
803 804
803 2553
803 2554
802 803
802 2555
802 2556
801 802
801 2557
801 2558
800 801
800 2559
800 2560
799 800
799 2561
799 2562
798 799
798 2563
798 2564
797 798
797 2565
797 2566
796 797
796 2567
796 2568
795 796
795 2569
795 2570
794 795
794 2571
794 2572
793 794
793 2573
793 2574
792 793
792 2575
792 2576
791 792
791 2577
791 2578
790 791
790 2579
790 2580
789 790
789 2581
789 2582
788 789
788 2583
788 2584
787 788
787 2585
787 2586
786 787
786 2587
786 2588
785 786
785 2589
785 2590
784 785
784 2591
784 2592
783 784
783 2593
783 2594
782 783
782 2595
782 2596
781 782
781 2597
781 2598
780 781
780 2599
780 2600
779 780
779 2601
779 2602
778 779
778 2603
778 2604
777 778
777 2605
777 2606
776 777
776 2607
776 2608
775 776
775 2609
775 2610
774 775
774 2611
774 2612
773 774
773 2613
773 2614
772 773
772 2615
772 2616
771 772
771 2617
771 2618
770 771
770 2619
770 2620
769 770
769 2621
769 2622
768 769
768 2623
768 2624
767 768
767 2625
767 2626
766 767
766 854
766 855
765 766
765 856
765 857
764 765
764 858
764 859
763 764
763 860
763 861
762 763
762 862
762 863
761 762
761 864
761 865
760 761
760 866
760 867
759 760
759 868
759 869
758 759
758 870
758 871
757 758
757 872
757 873
756 757
756 874
756 875
755 756
755 876
755 877
754 755
754 878
754 879
753 754
753 880
753 881
752 753
752 882
752 883
751 752
751 884
751 885
750 751
750 886
750 887
749 750
749 888
749 889
748 749
748 890
748 891
747 748
747 892
747 893
746 747
746 894
746 895
745 746
745 896
745 897
744 745
744 898
744 899
743 744
743 900
743 901
742 743
742 902
742 903
741 742
741 904
741 905
740 741
740 906
740 907
739 740
739 908
739 909
738 739
738 910
738 911
737 738
737 912
737 913
736 737
736 914
736 915
735 736
735 916
735 917
734 735
734 918
734 919
733 734
733 920
733 921
732 733
732 922
732 923
731 732
731 924
731 925
730 731
730 926
730 927
729 730
729 928
729 929
728 729
728 930
728 931
727 728
727 932
727 933
726 727
726 934
726 935
725 726
725 936
725 937
724 725
724 938
724 939
723 724
723 940
723 941
722 723
722 942
722 943
721 722
721 944
721 945
720 721
720 946
720 947
719 720
719 948
719 949
718 719
718 950
718 951
717 718
717 952
717 953
716 717
716 954
716 955
715 716
715 956
715 957
714 715
714 958
714 959
713 714
713 960
713 961
712 713
712 962
712 963
711 712
711 964
711 965
710 711
710 966
710 967
709 710
709 968
709 969
708 709
708 970
708 971
707 708
707 972
707 973
706 707
706 974
706 975
705 706
705 976
705 977
704 705
704 978
704 979
703 704
703 980
703 981
702 703
702 982
702 983
701 702
701 984
701 985
700 701
700 986
700 987
699 700
699 988
699 989
698 699
698 990
698 991
697 698
697 992
697 993
696 697
696 994
696 995
695 696
695 996
695 997
694 695
694 998
694 999
693 694
693 1000
693 1001
692 693
692 1002
692 1003
691 692
691 1004
691 1005
690 691
690 1006
690 1007
689 690
689 1008
689 1009
688 689
688 1010
688 1011
687 688
687 1012
687 1013
686 687
686 1014
686 1015
685 686
685 1016
685 1017
684 685
684 1018
684 1019
683 684
683 1020
683 1021
682 683
682 1022
682 1023
681 682
681 1024
681 1025
680 681
680 1026
680 1027
679 680
679 1028
679 1029
678 679
678 1030
678 1031
677 678
677 1032
677 1033
676 677
676 1034
676 1035
675 676
675 1036
675 1037
674 675
674 1038
674 1039
673 674
673 1040
673 1041
672 673
672 1042
672 1043
671 672
671 1044
671 1045
670 671
670 1046
670 1047
669 670
669 1048
669 1049
668 669
668 1050
668 1051
667 668
667 1052
667 1053
666 667
666 1054
666 1055
665 666
665 1056
665 1057
664 665
664 1058
664 1059
663 664
663 1060
663 1061
662 663
662 1062
662 1063
661 662
661 1064
661 1065
660 661
660 1066
660 1067
659 660
659 1068
659 1069
658 659
658 1070
658 1071
657 658
657 1072
657 1073
656 657
656 1074
656 1075
655 656
655 1076
655 1077
654 655
654 1078
654 1079
653 654
653 1080
653 1081
652 653
652 1082
652 1083
651 652
651 1084
651 1085
650 651
650 1086
650 1087
649 650
649 1088
649 1089
648 649
648 1090
648 1091
647 648
647 1092
647 1093
646 647
646 1094
646 1095
645 646
645 1096
645 1097
644 645
644 1098
644 1099
643 644
643 1100
643 1101
642 643
642 1102
642 1103
641 642
641 1104
641 1105
640 641
640 1106
640 1107
639 640
639 1108
639 1109
638 639
638 1110
638 1111
637 638
637 1112
637 1113
636 637
636 1114
636 1115
635 636
635 1116
635 1117
634 635
634 1118
634 1119
633 634
633 1120
633 1121
632 633
632 1122
632 1123
631 632
631 1124
631 1125
630 631
630 1126
630 1127
629 630
629 1128
629 1129
628 629
628 1130
628 1131
627 628
627 1132
627 1133
626 627
626 1134
626 1135
625 626
625 1136
625 1137
624 625
624 1138
624 1139
623 624
623 1140
623 1141
622 623
622 1142
622 1143
621 622
621 1144
621 1145
620 621
620 1146
620 1147
619 620
619 1148
619 1149
618 619
618 1150
618 1151
617 618
617 1152
617 1153
616 617
616 1154
616 1155
615 616
615 1156
615 1157
614 615
614 1158
614 1159
613 614
613 1160
613 1161
612 613
612 1162
612 1163
611 612
611 1164
611 1165
610 611
610 1166
610 1167
609 610
609 1168
609 1169
608 609
608 1170
608 1171
607 608
607 1172
607 1173
606 607
606 1174
606 1175
605 606
605 1176
605 1177
604 605
604 1178
604 1179
603 604
603 1180
603 1181
602 603
602 1182
602 1183
601 602
601 1184
601 1185
600 601
600 1186
600 1187
599 600
599 1188
599 1189
598 599
598 1190
598 1191
597 598
597 1192
597 1193
596 597
596 1194
596 1195
595 596
595 1196
595 1197
594 595
594 1198
594 1199
593 594
593 1200
593 1201
592 593
592 1202
592 1203
591 592
591 1204
591 1205
590 591
590 1206
590 1207
589 590
589 1208
589 1209
588 589
588 1210
588 1211
587 588
587 1212
587 1213
586 587
586 1214
586 1215
585 586
585 1216
585 1217
584 585
584 1218
584 1219
583 584
583 1220
583 1221
582 583
582 1222
582 1223
581 582
581 1224
581 1225
580 581
580 1226
580 1227
579 580
579 1228
579 1229
578 579
578 1230
578 1231
577 578
577 1232
577 1233
576 577
576 1234
576 1235
575 576
575 1236
575 1237
574 575
574 1238
574 1239
573 574
573 1240
573 1241
572 573
572 1242
572 1243
571 572
571 1244
571 1245
570 571
570 1246
570 1247
569 570
569 1248
569 1249
568 569
568 1250
568 1251
567 568
567 1252
567 1253
566 567
566 1254
566 1255
565 566
565 1256
565 1257
564 565
564 1258
564 1259
563 564
563 1260
563 1261
562 563
562 1262
562 1263
561 562
561 1264
561 1265
560 561
560 1266
560 1267
559 560
559 1268
559 1269
558 559
558 1270
558 1271
557 558
557 1272
557 1273
556 557
556 1274
556 1275
555 556
555 1276
555 1277
554 555
554 1278
554 1279
553 554
553 1280
553 1281
552 553
552 1282
552 1283
551 552
551 1284
551 1285
550 551
550 1286
550 1287
549 550
549 1288
549 1289
548 549
548 1290
548 1291
547 548
547 1292
547 1293
546 547
546 1294
546 1295
545 546
545 1296
545 1297
544 545
544 1298
544 1299
543 544
543 1300
543 1301
542 543
542 1302
542 1303
541 542
541 1304
541 1305
540 541
540 1306
540 1307
539 540
539 1308
539 1309
538 539
538 1310
538 1311
537 538
537 1312
537 1313
536 537
536 1314
536 1315
535 536
535 1316
535 1317
534 535
534 1318
534 1319
533 534
533 1320
533 1321
532 533
532 1322
532 1323
531 532
531 1324
531 1325
530 531
530 1326
530 1327
529 530
529 1328
529 1329
528 529
528 1330
528 1331
527 528
527 1332
527 1333
526 527
526 1334
526 1335
525 526
525 1336
525 1337
524 525
524 1338
524 1339
523 524
523 1340
523 1341
522 523
522 1342
522 1343
521 522
521 1344
521 1345
520 521
520 1346
520 1347
519 520
519 1348
519 1349
518 519
518 1350
518 1351
517 518
517 1352
517 1353
516 517
516 1354
516 1355
515 516
515 1356
515 1357
514 515
514 1358
514 1359
513 514
513 1360
513 1361
512 513
512 1362
512 1363
511 512
511 1364
511 1365
510 511
510 1366
510 1367
509 510
509 1368
509 1369
508 509
508 1370
508 1371
507 508
507 1372
507 1373
506 507
506 1374
506 1375
505 506
505 1376
505 1377
504 505
504 1378
504 1379
503 504
503 1380
503 1381
502 503
502 1382
502 1383
501 502
501 1384
501 1385
500 501
500 1386
500 1387
499 500
499 1388
499 1389
498 499
498 1390
498 1391
497 498
497 1392
497 1393
496 497
496 1394
496 1395
495 496
495 1396
495 1397
494 495
494 1398
494 1399
493 494
493 1400
493 1401
492 493
492 1402
492 1403
491 492
491 1404
491 1405
490 491
490 1406
490 1407
489 490
489 1408
489 1409
488 489
488 1410
488 1411
487 488
487 1412
487 1413
486 487
486 1414
486 1415
485 486
485 1416
485 1417
484 485
484 1418
484 1419
483 484
483 1420
483 1421
482 483
482 1422
482 1423
481 482
481 1424
481 1425
480 481
480 1426
480 1427
479 480
479 1428
479 1429
478 479
478 1430
478 1431
477 478
477 1432
477 1433
476 477
476 1434
476 1435
475 476
475 1436
475 1437
474 475
474 1438
474 1439
473 474
473 1440
473 1441
472 473
472 1442
472 1443
471 472
471 1444
471 1445
470 471
470 1446
470 1447
469 470
469 1448
469 1449
468 469
468 1450
468 1451
467 468
467 1452
467 1453
466 467
466 1454
466 1455
465 466
465 1456
465 1457
464 465
464 1458
464 1459
463 464
463 1460
463 1461
462 463
462 1462
462 1463
461 462
461 1464
461 1465
460 461
460 1466
460 1467
459 460
459 1468
459 1469
458 459
458 1470
458 1471
457 458
457 1472
457 1473
456 457
456 1474
456 1475
455 456
455 1476
455 1477
454 455
454 1478
454 1479
453 454
453 1480
453 1481
452 453
452 1482
452 1483
451 452
451 1484
451 1485
450 451
450 1486
450 1487
449 450
449 1488
449 1489
448 449
448 1490
448 1491
447 448
447 1492
447 1493
446 447
446 1494
446 1495
445 446
445 1496
445 1497
444 445
444 1498
444 1499
443 444
443 1500
443 1501
442 443
442 1502
442 1503
441 442
441 1504
441 1505
440 441
440 1506
440 1507
439 440
439 1508
439 1509
438 439
438 1510
438 1511
437 438
437 1512
437 1513
436 437
436 1514
436 1515
435 436
435 1516
435 1517
434 435
434 1518
434 1519
433 434
433 1520
433 1521
432 433
432 1522
432 1523
431 432
431 1524
431 1525
430 431
430 1526
430 1527
429 430
429 1528
429 1529
428 429
428 1530
428 1531
427 428
427 1532
427 1533
426 427
426 1534
426 1535
425 426
425 1536
425 1537
424 425
424 1538
424 1539
423 424
423 1540
423 1541
422 423
422 1542
422 1543
421 422
421 1544
421 1545
420 421
420 1546
420 1547
419 420
419 1548
419 1549
418 419
418 1550
418 1551
417 418
417 1552
417 1553
416 417
416 1554
416 1555
415 416
415 1556
415 1557
414 415
414 1558
414 1559
413 414
413 1560
413 1561
412 413
412 1562
412 1563
411 412
411 1564
411 1565
410 411
410 1566
410 1567
409 410
409 1568
409 1569
408 409
408 1570
408 1571
407 408
407 1572
407 1573
406 407
406 1574
406 1575
405 406
405 1576
405 1577
404 405
404 1578
404 1579
403 404
403 1580
403 1581
402 403
402 1582
402 1583
401 402
401 1584
401 1585
400 401
400 1586
400 1587
399 400
399 1588
399 1589
398 399
398 1590
398 1591
397 398
397 1592
397 1593
396 397
396 1594
396 1595
395 396
395 1596
395 1597
394 395
394 1598
394 1599
393 394
393 1600
393 1601
392 393
392 1602
392 1603
391 392
391 1604
391 1605
390 391
390 1606
390 1607
389 390
389 1608
389 1609
388 389
388 1610
388 1611
387 388
387 1612
387 1613
386 387
386 1614
386 1615
385 386
385 1616
385 1617
384 385
384 1618
384 1619
383 384
383 1620
383 1621
382 383
382 1622
382 1623
381 382
381 1624
381 1625
380 381
380 1626
380 1627
379 380
379 1628
379 1629
378 379
378 1630
378 1631
377 378
377 1632
377 1633
376 377
376 1634
376 1635
375 376
375 1636
375 1637
374 375
374 1638
374 1639
373 374
373 1640
373 1641
372 373
372 1642
372 1643
371 372
371 1644
371 1645
370 371
370 1646
370 1647
369 370
369 1648
369 1649
368 369
368 1650
368 1651
367 368
367 1652
367 1653
366 367
366 1654
366 1655
365 366
365 1656
365 1657
364 365
364 1658
364 1659
363 364
363 1660
363 1661
362 363
362 1662
362 1663
361 362
361 1664
361 1665
360 361
360 1666
360 1667
359 360
359 1668
359 1669
358 359
358 1670
358 1671
357 358
357 1672
357 1673
356 357
356 1674
356 1675
355 356
355 1676
355 1677
354 355
354 1678
354 1679
353 354
353 1680
353 1681
352 353
352 1682
352 1683
351 352
351 1684
351 1685
350 351
350 1686
350 1687
349 350
349 1688
349 1689
348 349
348 1690
348 1691
347 348
347 1692
347 1693
346 347
346 1694
346 1695
345 346
345 1696
345 1697
344 345
344 1698
344 1699
343 344
343 1700
343 1701
342 343
342 1702
342 1703
341 342
341 1704
341 1705
340 341
340 1706
340 1707
339 340
339 1708
339 1709
338 339
338 1710
338 1711
337 338
337 1712
337 1713
336 337
336 1714
336 1715
335 336
335 1716
335 1717
334 335
334 1718
334 1719
333 334
333 1720
333 1721
332 333
332 1722
332 1723
331 332
331 1724
331 1725
330 331
330 1726
330 1727
329 330
329 1728
329 1729
328 329
328 1730
328 1731
327 328
327 1732
327 1733
326 327
326 1734
326 1735
325 326
325 1736
325 1737
324 325
324 1738
324 1739
323 324
323 1740
323 1741
322 323
322 1742
322 1743
321 322
321 1744
321 1745
320 321
320 1746
320 1747
319 320
319 1748
319 1749
318 319
318 1750
318 1751
317 318
317 1752
317 1753
316 317
316 1754
316 1755
315 316
315 1756
315 1757
314 315
314 1758
314 1759
313 314
313 1760
313 1761
312 313
312 1762
312 1763
311 312
311 1764
311 1765
310 311
310 1766
310 1767
309 310
309 1768
309 1769
308 309
308 1770
308 1771
307 308
307 1772
307 1773
306 307
306 1774
306 1775
305 306
305 1776
305 1777
304 305
304 1778
304 1779
303 304
303 1780
303 1781
302 303
302 1782
302 1783
301 302
301 1784
301 1785
300 301
300 1786
300 1787
299 300
299 1788
299 1789
298 299
298 1790
298 1791
297 298
297 1792
297 1793
296 297
296 1794
296 1795
295 296
295 1796
295 1797
294 295
294 1798
294 1799
293 294
293 1800
293 1801
292 293
292 1802
292 1803
291 292
291 1804
291 1805
290 291
290 1806
290 1807
289 290
289 1808
289 1809
288 289
288 1810
288 1811
287 288
287 1812
287 1813
286 287
286 1814
286 1815
285 286
285 1816
285 1817
284 285
284 1818
284 1819
283 284
283 1820
283 1821
282 283
282 1822
282 1823
281 282
281 1824
281 1825
280 281
280 1826
280 1827
279 280
279 1828
279 1829
278 279
278 1830
278 1831
277 278
277 1832
277 1833
276 277
276 1834
276 1835
275 276
275 1836
275 1837
274 275
274 1838
274 1839
273 274
273 1840
273 1841
272 273
272 1842
272 1843
271 272
271 1844
271 1845
270 271
270 1846
270 1847
269 270
269 1848
269 1849
268 269
268 1850
268 1851
267 268
267 1852
267 1853
266 267
266 1854
266 1855
265 266
265 1856
265 1857
264 265
264 1858
264 1859
263 264
263 1860
263 1861
262 263
262 1862
262 1863
261 262
261 1864
261 1865
260 261
260 1866
260 1867
259 260
259 1868
259 1869
258 259
258 1870
258 1871
257 258
257 1872
257 1873
256 257
256 1874
256 1875
255 256
255 1876
255 1877
254 255
254 1878
254 1879
253 254
253 1880
253 1881
252 253
252 1882
252 1883
251 252
251 1884
251 1885
250 251
250 1886
250 1887
249 250
249 1888
249 1889
248 249
248 1890
248 1891
247 248
247 1892
247 1893
246 247
246 1894
246 1895
245 246
245 1896
245 1897
244 245
244 1898
244 1899
243 244
243 1900
243 1901
242 243
242 1902
242 1903
241 242
241 1904
241 1905
240 241
240 1906
240 1907
239 240
239 1908
239 1909
238 239
238 1910
238 1911
237 238
237 1912
237 1913
236 237
236 1914
236 1915
235 236
235 1916
235 1917
234 235
234 1918
234 1919
233 234
233 1920
233 1921
232 233
232 1922
232 1923
231 232
231 1924
231 1925
230 231
230 1926
230 1927
229 230
229 1928
229 1929
228 229
228 1930
228 1931
227 228
227 1932
227 1933
226 227
226 1934
226 1935
225 226
225 1936
225 1937
224 225
224 1938
224 1939
223 224
223 1940
223 1941
222 223
222 1942
222 1943
221 222
221 1944
221 1945
220 221
220 1946
220 1947
219 220
219 1948
219 1949
218 219
218 1950
218 1951
217 218
217 1952
217 1953
216 217
216 1954
216 1955
215 216
215 1956
215 1957
214 215
214 1958
214 1959
213 214
213 1960
213 1961
212 213
212 1962
212 1963
211 212
211 1964
211 1965
210 211
210 1966
210 1967
209 210
209 1968
209 1969
208 209
208 1970
208 1971
207 208
207 1972
207 1973
206 207
206 1974
206 1975
205 206
205 1976
205 1977
204 205
204 1978
204 1979
203 204
203 1980
203 1981
202 203
202 1982
202 1983
201 202
201 1984
201 1985
200 201
200 1986
200 1987
199 200
199 1988
199 1989
198 199
198 1990
198 1991
197 198
197 1992
197 1993
196 197
196 1994
196 1995
195 196
195 1996
195 1997
194 195
194 1998
194 1999
193 194
193 2000
193 2001
192 193
192 2002
192 2003
191 192
191 2004
191 2005
190 191
190 2006
190 2007
189 190
189 2008
189 2009
188 189
188 2010
188 2011
187 188
187 2012
187 2013
186 187
186 2014
186 2015
185 186
185 2016
185 2017
184 185
184 2018
184 2019
183 184
183 2020
183 2021
182 183
182 2022
182 2023
181 182
181 2024
181 2025
180 181
180 2026
180 2027
179 180
179 2028
179 2029
178 179
178 2030
178 2031
177 178
177 2032
177 2033
176 177
176 2034
176 2035
175 176
175 2036
175 2037
174 175
174 2038
174 2039
173 174
173 2040
173 2041
172 173
172 2042
172 2043
171 172
171 2044
171 2045
170 171
170 2046
170 2047
169 170
169 2048
169 2049
168 169
168 2050
168 2051
167 168
167 2052
167 2053
166 167
166 2054
166 2055
165 166
165 2056
165 2057
164 165
164 2058
164 2059
163 164
163 2060
163 2061
162 163
162 2062
162 2063
161 162
161 2064
161 2065
160 161
160 2066
160 2067
159 160
159 2068
159 2069
158 159
158 2070
158 2071
157 158
157 2072
157 2073
156 157
156 2074
156 2075
155 156
155 2076
155 2077
154 155
154 2078
154 2079
153 154
153 2080
153 2081
152 153
152 2082
152 2083
151 152
151 2084
151 2085
150 151
150 2086
150 2087
149 150
149 2088
149 2089
148 149
148 2090
148 2091
147 148
147 2092
147 2093
146 147
146 2094
146 2095
145 146
145 2096
145 2097
144 145
144 2098
144 2099
143 144
143 2100
143 2101
142 143
142 2102
142 2103
141 142
141 2104
141 2105
140 141
140 2106
140 2107
139 140
139 2108
139 2109
138 139
138 2110
138 2111
137 138
137 2112
137 2113
136 137
136 2114
136 2115
135 136
135 2116
135 2117
134 135
134 2118
134 2119
133 134
133 2120
133 2121
132 133
132 2122
132 2123
131 132
131 2124
131 2125
130 131
130 2126
130 2127
129 130
129 2128
129 2129
128 129
128 2130
128 2131
127 128
127 2132
127 2133
126 127
126 2134
126 2135
125 126
125 2136
125 2137
124 125
124 2138
124 2139
123 124
123 2140
123 2141
122 123
122 2142
122 2143
121 122
121 2144
121 2145
120 121
120 2146
120 2147
119 120
119 2148
119 2149
118 119
118 2150
118 2151
117 118
117 2152
117 2153
116 117
116 2154
116 2155
115 116
115 2156
115 2157
114 115
114 2158
114 2159
113 114
113 2160
113 2161
112 113
112 2162
112 2163
111 112
111 2164
111 2165
110 111
110 2166
110 2167
109 110
109 2168
109 2169
108 109
108 2170
108 2171
107 108
107 2172
107 2173
106 107
106 2174
106 2175
105 106
105 2176
105 2177
104 105
104 2178
104 2179
103 104
103 2180
103 2181
102 103
102 2182
102 2183
101 102
101 2184
101 2185
100 101
100 2186
100 2187
99 100
99 2188
99 2189
98 99
98 2190
98 2191
97 98
97 2192
97 2193
96 97
96 2194
96 2195
95 96
95 2196
95 2197
94 95
94 2198
94 2199
93 94
93 2200
93 2201
92 93
92 2202
92 2203
91 92
91 2204
91 2205
90 91
90 2206
90 2207
89 90
89 2208
89 2209
88 89
88 2210
88 2211
87 88
87 2212
87 2213
86 87
86 2214
86 2215
85 86
85 2216
85 2217
84 85
84 2218
84 2219
83 84
83 2220
83 2221
82 83
82 2222
82 2223
81 82
81 2224
81 2225
80 81
80 2226
80 2227
79 80
79 2228
79 2229
78 79
78 2230
78 2231
77 78
77 2232
77 2233
76 77
76 2234
76 2235
75 76
75 2236
75 2237
74 75
74 2238
74 2239
73 74
73 2240
73 2241
72 73
72 2242
72 2243
71 72
71 2244
71 2245
70 71
70 2246
70 2247
69 70
69 2248
69 2249
68 69
68 2250
68 2251
67 68
67 2252
67 2253
66 67
66 2254
66 2255
65 66
65 2256
65 2257
64 65
64 2258
64 2259
63 64
63 2260
63 2261
62 63
62 2262
62 2263
61 62
61 2264
61 2265
60 61
60 2266
60 2267
59 60
59 2268
59 2269
58 59
58 2270
58 2271
57 58
57 2272
57 2273
56 57
56 2274
56 2275
55 56
55 2276
55 2277
54 55
54 2278
54 2279
53 54
53 2280
53 2281
52 53
52 2282
52 2283
51 52
51 2284
51 2285
50 51
50 2286
50 2287
49 50
49 2288
49 2289
48 49
48 2290
48 2291
47 48
47 2292
47 2293
46 47
46 2294
46 2295
45 46
45 2296
45 2297
44 45
44 2298
44 2299
43 44
43 2300
43 2301
42 43
42 2302
42 2303
41 42
41 2304
41 2305
40 41
40 2306
40 2307
39 40
39 2308
39 2309
38 39
38 2310
38 2311
37 38
37 2312
37 2313
36 37
36 2314
36 2315
35 36
35 2316
35 2317
34 35
34 2318
34 2319
33 34
33 2320
33 2321
32 33
32 2322
32 2323
31 32
31 2324
31 2325
30 31
30 2326
30 2327
29 30
29 2328
29 2329
28 29
28 2330
28 2331
27 28
27 2332
27 2333
26 27
26 2334
26 2335
25 26
25 2336
25 2337
24 25
24 2338
24 2339
23 24
23 2340
23 2341
22 23
22 2342
22 2343
21 22
21 2344
21 2345
20 21
20 2346
20 2347
19 20
19 2348
19 2349
18 19
18 2350
18 2351
17 18
17 2352
17 2353
16 17
16 2354
16 2355
15 16
15 2356
15 2357
14 15
14 2358
14 2359
13 14
13 2360
13 2361
12 13
12 2362
12 2363
11 12
11 2364
11 2365
10 11
10 2366
10 2367
9 10
9 2368
9 2369
8 9
8 2370
8 2371
7 8
7 2372
7 2373
6 7
6 2374
6 2375
5 6
5 2376
5 2377
4 5
4 2378
4 2379
3 4
3 2380
3 2381
2 3
2 2382
2 2383
1 2
1 2384
1 2385
1 2563
