2756 65276248
1378 1
1378 2386
1377 1378
1377 2387
1376 1377
1376 2388
1375 1376
1375 2389
1374 1375
1374 2390
1373 1374
1373 2391
1372 1373
1372 2392
1371 1372
1371 2393
1370 1371
1370 2394
1369 1370
1369 2395
1368 1369
1368 2396
1367 1368
1367 2397
1366 1367
1366 2398
1365 1366
1365 2399
1364 1365
1364 2400
1363 1364
1363 2401
1362 1363
1362 2402
1361 1362
1361 2403
1360 1361
1360 2404
1359 1360
1359 2405
1358 1359
1358 2406
1357 1358
1357 2407
1356 1357
1356 2408
1355 1356
1355 2409
1354 1355
1354 2410
1353 1354
1353 2411
1352 1353
1352 2412
1351 1352
1351 2413
1350 1351
1350 2414
1349 1350
1349 2415
1348 1349
1348 2416
1347 1348
1347 2417
1346 1347
1346 2418
1345 1346
1345 2419
1344 1345
1344 2420
1343 1344
1343 2421
1342 1343
1342 2422
1341 1342
1341 2423
1340 1341
1340 2424
1339 1340
1339 2425
1338 1339
1338 2426
1337 1338
1337 2427
1336 1337
1336 2428
1335 1336
1335 2429
1334 1335
1334 2430
1333 1334
1333 2431
1332 1333
1332 2432
1331 1332
1331 2433
1330 1331
1330 2434
1329 1330
1329 2435
1328 1329
1328 2436
1327 1328
1327 2437
1326 1327
1326 2438
1325 1326
1325 2439
1324 1325
1324 2440
1323 1324
1323 2441
1322 1323
1322 2442
1321 1322
1321 2443
1320 1321
1320 2444
1319 1320
1319 2445
1318 1319
1318 2446
1317 1318
1317 2447
1316 1317
1316 2448
1315 1316
1315 2449
1314 1315
1314 2450
1313 1314
1313 2451
1312 1313
1312 2452
1311 1312
1311 2453
1310 1311
1310 2454
1309 1310
1309 2455
1308 1309
1308 2456
1307 1308
1307 2457
1306 1307
1306 2458
1305 1306
1305 2459
1304 1305
1304 2460
1303 1304
1303 2461
1302 1303
1302 2462
1301 1302
1301 2463
1300 1301
1300 2464
1299 1300
1299 2465
1298 1299
1298 2466
1297 1298
1297 2467
1296 1297
1296 2468
1295 1296
1295 2469
1294 1295
1294 2470
1293 1294
1293 2471
1292 1293
1292 2472
1291 1292
1291 2473
1290 1291
1290 2474
1289 1290
1289 2475
1288 1289
1288 2476
1287 1288
1287 2477
1286 1287
1286 2478
1285 1286
1285 2479
1284 1285
1284 2480
1283 1284
1283 2481
1282 1283
1282 2482
1281 1282
1281 2483
1280 1281
1280 2484
1279 1280
1279 2485
1278 1279
1278 2486
1277 1278
1277 2487
1276 1277
1276 2488
1275 1276
1275 2489
1274 1275
1274 2490
1273 1274
1273 2491
1272 1273
1272 2492
1271 1272
1271 2493
1270 1271
1270 2494
1269 1270
1269 2495
1268 1269
1268 2496
1267 1268
1267 2497
1266 1267
1266 2498
1265 1266
1265 2499
1264 1265
1264 2500
1263 1264
1263 2501
1262 1263
1262 2502
1261 1262
1261 2503
1260 1261
1260 2504
1259 1260
1259 2505
1258 1259
1258 2506
1257 1258
1257 2507
1256 1257
1256 2508
1255 1256
1255 2509
1254 1255
1254 2510
1253 1254
1253 2511
1252 1253
1252 2512
1251 1252
1251 2513
1250 1251
1250 2514
1249 1250
1249 2515
1248 1249
1248 2516
1247 1248
1247 2517
1246 1247
1246 2518
1245 1246
1245 2519
1244 1245
1244 2520
1243 1244
1243 2521
1242 1243
1242 2522
1241 1242
1241 2523
1240 1241
1240 2524
1239 1240
1239 2525
1238 1239
1238 2526
1237 1238
1237 2527
1236 1237
1236 2528
1235 1236
1235 2529
1234 1235
1234 2530
1233 1234
1233 2531
1232 1233
1232 2532
1231 1232
1231 2533
1230 1231
1230 2534
1229 1230
1229 2535
1228 1229
1228 2536
1227 1228
1227 2537
1226 1227
1226 2538
1225 1226
1225 2539
1224 1225
1224 2540
1223 1224
1223 2541
1222 1223
1222 2542
1221 1222
1221 2543
1220 1221
1220 2544
1219 1220
1219 2545
1218 1219
1218 2546
1217 1218
1217 2547
1216 1217
1216 2548
1215 1216
1215 2549
1214 1215
1214 2550
1213 1214
1213 2551
1212 1213
1212 2552
1211 1212
1211 2553
1210 1211
1210 2554
1209 1210
1209 2555
1208 1209
1208 2556
1207 1208
1207 2557
1206 1207
1206 2558
1205 1206
1205 2559
1204 1205
1204 2560
1203 1204
1203 2561
1202 1203
1202 2562
1201 1202
1201 2563
1200 1201
1200 2767
1199 1200
1199 2768
1198 1199
1198 1379
1197 1198
1197 1380
1196 1197
1196 1381
1195 1196
1195 1382
1194 1195
1194 1383
1193 1194
1193 1384
1192 1193
1192 1385
1191 1192
1191 1386
1190 1191
1190 1387
1189 1190
1189 1388
1188 1189
1188 1389
1187 1188
1187 1390
1186 1187
1186 1391
1185 1186
1185 1392
1184 1185
1184 1393
1183 1184
1183 1394
1182 1183
1182 1395
1181 1182
1181 1396
1180 1181
1180 1397
1179 1180
1179 1398
1178 1179
1178 1399
1177 1178
1177 1400
1176 1177
1176 1401
1175 1176
1175 1402
1174 1175
1174 1403
1173 1174
1173 1404
1172 1173
1172 1405
1171 1172
1171 1406
1170 1171
1170 1407
1169 1170
1169 1408
1168 1169
1168 1409
1167 1168
1167 1410
1166 1167
1166 1411
1165 1166
1165 1412
1164 1165
1164 1413
1163 1164
1163 1414
1162 1163
1162 1415
1161 1162
1161 1416
1160 1161
1160 1417
1159 1160
1159 1418
1158 1159
1158 1419
1157 1158
1157 1420
1156 1157
1156 1421
1155 1156
1155 1422
1154 1155
1154 1423
1153 1154
1153 1424
1152 1153
1152 1425
1151 1152
1151 1426
1150 1151
1150 1427
1149 1150
1149 1428
1148 1149
1148 1429
1147 1148
1147 1430
1146 1147
1146 1431
1145 1146
1145 1432
1144 1145
1144 1433
1143 1144
1143 1434
1142 1143
1142 1435
1141 1142
1141 1436
1140 1141
1140 1437
1139 1140
1139 1438
1138 1139
1138 1439
1137 1138
1137 1440
1136 1137
1136 1441
1135 1136
1135 1442
1134 1135
1134 1443
1133 1134
1133 1444
1132 1133
1132 1445
1131 1132
1131 1446
1130 1131
1130 1447
1129 1130
1129 1448
1128 1129
1128 1449
1127 1128
1127 1450
1126 1127
1126 1451
1125 1126
1125 1452
1124 1125
1124 1453
1123 1124
1123 1454
1122 1123
1122 1455
1121 1122
1121 1456
1120 1121
1120 1457
1119 1120
1119 1458
1118 1119
1118 1459
1117 1118
1117 1460
1116 1117
1116 1461
1115 1116
1115 1462
1114 1115
1114 1463
1113 1114
1113 1464
1112 1113
1112 1465
1111 1112
1111 1466
1110 1111
1110 1467
1109 1110
1109 1468
1108 1109
1108 1469
1107 1108
1107 1470
1106 1107
1106 1471
1105 1106
1105 1472
1104 1105
1104 1473
1103 1104
1103 1474
1102 1103
1102 1475
1101 1102
1101 1476
1100 1101
1100 1477
1099 1100
1099 1478
1098 1099
1098 1479
1097 1098
1097 1480
1096 1097
1096 1481
1095 1096
1095 1482
1094 1095
1094 1483
1093 1094
1093 1484
1092 1093
1092 1485
1091 1092
1091 1486
1090 1091
1090 1487
1089 1090
1089 1488
1088 1089
1088 1489
1087 1088
1087 1490
1086 1087
1086 1491
1085 1086
1085 1492
1084 1085
1084 1493
1083 1084
1083 1494
1082 1083
1082 1495
1081 1082
1081 1496
1080 1081
1080 1497
1079 1080
1079 1498
1078 1079
1078 1499
1077 1078
1077 1500
1076 1077
1076 1501
1075 1076
1075 1502
1074 1075
1074 1503
1073 1074
1073 1504
1072 1073
1072 1505
1071 1072
1071 1506
1070 1071
1070 1507
1069 1070
1069 1508
1068 1069
1068 1509
1067 1068
1067 1510
1066 1067
1066 1511
1065 1066
1065 1512
1064 1065
1064 1513
1063 1064
1063 1514
1062 1063
1062 1515
1061 1062
1061 1516
1060 1061
1060 1517
1059 1060
1059 1518
1058 1059
1058 1519
1057 1058
1057 1520
1056 1057
1056 1521
1055 1056
1055 1522
1054 1055
1054 1523
1053 1054
1053 1524
1052 1053
1052 1525
1051 1052
1051 1526
1050 1051
1050 1527
1049 1050
1049 1528
1048 1049
1048 1529
1047 1048
1047 1530
1046 1047
1046 1531
1045 1046
1045 1532
1044 1045
1044 1533
1043 1044
1043 1534
1042 1043
1042 1535
1041 1042
1041 1536
1040 1041
1040 1537
1039 1040
1039 1538
1038 1039
1038 1539
1037 1038
1037 1540
1036 1037
1036 1541
1035 1036
1035 1542
1034 1035
1034 1543
1033 1034
1033 1544
1032 1033
1032 1545
1031 1032
1031 1546
1030 1031
1030 1547
1029 1030
1029 1548
1028 1029
1028 1549
1027 1028
1027 1550
1026 1027
1026 1551
1025 1026
1025 1552
1024 1025
1024 1553
1023 1024
1023 1554
1022 1023
1022 1555
1021 1022
1021 1556
1020 1021
1020 1557
1019 1020
1019 1558
1018 1019
1018 1559
1017 1018
1017 1560
1016 1017
1016 1561
1015 1016
1015 1562
1014 1015
1014 1563
1013 1014
1013 1564
1012 1013
1012 1565
1011 1012
1011 1566
1010 1011
1010 1567
1009 1010
1009 1568
1008 1009
1008 1569
1007 1008
1007 1570
1006 1007
1006 1571
1005 1006
1005 1572
1004 1005
1004 1573
1003 1004
1003 1574
1002 1003
1002 1575
1001 1002
1001 1576
1000 1001
1000 1577
999 1000
999 1578
998 999
998 1579
997 998
997 1580
996 997
996 1581
995 996
995 1582
994 995
994 1583
993 994
993 1584
992 993
992 1585
991 992
991 1586
990 991
990 1587
989 990
989 1588
988 989
988 1589
987 988
987 1590
986 987
986 1591
985 986
985 1592
984 985
984 1593
983 984
983 1594
982 983
982 1595
981 982
981 1596
980 981
980 1597
979 980
979 1598
978 979
978 1599
977 978
977 1600
976 977
976 1601
975 976
975 1602
974 975
974 1603
973 974
973 1604
972 973
972 1605
971 972
971 1606
970 971
970 1607
969 970
969 1608
968 969
968 1609
967 968
967 1610
966 967
966 1611
965 966
965 1612
964 965
964 1613
963 964
963 1614
962 963
962 1615
961 962
961 1616
960 961
960 1617
959 960
959 1618
958 959
958 1619
957 958
957 1620
956 957
956 1621
955 956
955 1622
954 955
954 1623
953 954
953 1624
952 953
952 1625
951 952
951 1626
950 951
950 1627
949 950
949 1628
948 949
948 1629
947 948
947 1630
946 947
946 1631
945 946
945 1632
944 945
944 1633
943 944
943 1634
942 943
942 1635
941 942
941 1636
940 941
940 1637
939 940
939 1638
938 939
938 1639
937 938
937 1640
936 937
936 1641
935 936
935 1642
934 935
934 1643
933 934
933 1644
932 933
932 1645
931 932
931 1646
930 931
930 1647
929 930
929 1648
928 929
928 1649
927 928
927 1650
926 927
926 1651
925 926
925 1652
924 925
924 1653
923 924
923 1654
922 923
922 1655
921 922
921 1656
920 921
920 1657
919 920
919 1658
918 919
918 1659
917 918
917 1660
916 917
916 1661
915 916
915 1662
914 915
914 1663
913 914
913 1664
912 913
912 1665
911 912
911 1666
910 911
910 1667
909 910
909 1668
908 909
908 1669
907 908
907 1670
906 907
906 1671
905 906
905 1672
904 905
904 1673
903 904
903 1674
902 903
902 1675
901 902
901 1676
900 901
900 1677
899 900
899 1678
898 899
898 1679
897 898
897 1680
896 897
896 1681
895 896
895 1682
894 895
894 1683
893 894
893 1684
892 893
892 1685
891 892
891 1686
890 891
890 1687
889 890
889 1688
888 889
888 1689
887 888
887 1690
886 887
886 1691
885 886
885 1692
884 885
884 1693
883 884
883 1694
882 883
882 1695
881 882
881 1696
880 881
880 1697
879 880
879 1698
878 879
878 1699
877 878
877 1700
876 877
876 1701
875 876
875 1702
874 875
874 1703
873 874
873 1704
872 873
872 1705
871 872
871 1706
870 871
870 1707
869 870
869 1708
868 869
868 1709
867 868
867 1710
866 867
866 1711
865 866
865 1712
864 865
864 1713
863 864
863 1714
862 863
862 1715
861 862
861 1716
860 861
860 1717
859 860
859 1718
858 859
858 1719
857 858
857 1720
856 857
856 1721
855 856
855 1722
854 855
854 1723
853 854
853 1724
852 853
852 1725
851 852
851 1726
850 851
850 1727
849 850
849 1728
848 849
848 1729
847 848
847 1730
846 847
846 1731
845 846
845 1732
844 845
844 1733
843 844
843 1734
842 843
842 1735
841 842
841 1736
840 841
840 1737
839 840
839 1738
838 839
838 1739
837 838
837 1740
836 837
836 1741
835 836
835 1742
834 835
834 1743
833 834
833 1744
832 833
832 1745
831 832
831 1746
830 831
830 1747
829 830
829 1748
828 829
828 1749
827 828
827 1750
826 827
826 1751
825 826
825 1752
824 825
824 1753
823 824
823 1754
822 823
822 1755
821 822
821 1756
820 821
820 1757
819 820
819 1758
818 819
818 1759
817 818
817 1760
816 817
816 1761
815 816
815 1762
814 815
814 1763
813 814
813 1764
812 813
812 1765
811 812
811 1766
810 811
810 1767
809 810
809 1768
808 809
808 1769
807 808
807 1770
806 807
806 1771
805 806
805 1772
804 805
804 1773
803 804
803 1774
802 803
802 1775
801 802
801 1776
800 801
800 1777
799 800
799 1778
798 799
798 1779
797 798
797 1780
796 797
796 1781
795 796
795 1782
794 795
794 1783
793 794
793 1784
792 793
792 1785
791 792
791 1786
790 791
790 1787
789 790
789 1788
788 789
788 1789
787 788
787 1790
786 787
786 1791
785 786
785 1792
784 785
784 1793
783 784
783 1794
782 783
782 1795
781 782
781 1796
780 781
780 1797
779 780
779 1798
778 779
778 1799
777 778
777 1800
776 777
776 1801
775 776
775 1802
774 775
774 1803
773 774
773 1804
772 773
772 1805
771 772
771 1806
770 771
770 1807
769 770
769 1808
768 769
768 1809
767 768
767 1810
766 767
766 1811
765 766
765 1812
764 765
764 1813
763 764
763 1814
762 763
762 1815
761 762
761 1816
760 761
760 1817
759 760
759 1818
758 759
758 1819
757 758
757 1820
756 757
756 1821
755 756
755 1822
754 755
754 1823
753 754
753 1824
752 753
752 1825
751 752
751 1826
750 751
750 1827
749 750
749 1828
748 749
748 1829
747 748
747 1830
746 747
746 1831
745 746
745 1832
744 745
744 1833
743 744
743 1834
742 743
742 1835
741 742
741 1836
740 741
740 1837
739 740
739 1838
738 739
738 1839
737 738
737 1840
736 737
736 1841
735 736
735 1842
734 735
734 1843
733 734
733 1844
732 733
732 1845
731 732
731 1846
730 731
730 1847
729 730
729 1848
728 729
728 1849
727 728
727 1850
726 727
726 1851
725 726
725 1852
724 725
724 1853
723 724
723 1854
722 723
722 1855
721 722
721 1856
720 721
720 1857
719 720
719 1858
718 719
718 1859
717 718
717 1860
716 717
716 1861
715 716
715 1862
714 715
714 1863
713 714
713 1864
712 713
712 1865
711 712
711 1866
710 711
710 1867
709 710
709 1868
708 709
708 1869
707 708
707 1870
706 707
706 1871
705 706
705 1872
704 705
704 1873
703 704
703 1874
702 703
702 1875
701 702
701 1876
700 701
700 1877
699 700
699 1878
698 699
698 1879
697 698
697 1880
696 697
696 1881
695 696
695 1882
694 695
694 1883
693 694
693 1884
692 693
692 1885
691 692
691 1886
690 691
690 1887
689 690
689 1888
688 689
688 1889
687 688
687 1890
686 687
686 1891
685 686
685 1892
684 685
684 1893
683 684
683 1894
682 683
682 1895
681 682
681 1896
680 681
680 1897
679 680
679 1898
678 679
678 1899
677 678
677 1900
676 677
676 1901
675 676
675 1902
674 675
674 1903
673 674
673 1904
672 673
672 1905
671 672
671 1906
670 671
670 1907
669 670
669 1908
668 669
668 1909
667 668
667 1910
666 667
666 1911
665 666
665 1912
664 665
664 1913
663 664
663 1914
662 663
662 1915
661 662
661 1916
660 661
660 1917
659 660
659 1918
658 659
658 1919
657 658
657 1920
656 657
656 1921
655 656
655 1922
654 655
654 1923
653 654
653 1924
652 653
652 1925
651 652
651 1926
650 651
650 1927
649 650
649 1928
648 649
648 1929
647 648
647 1930
646 647
646 1931
645 646
645 1932
644 645
644 1933
643 644
643 1934
642 643
642 1935
641 642
641 1936
640 641
640 1937
639 640
639 1938
638 639
638 1939
637 638
637 1940
636 637
636 1941
635 636
635 1942
634 635
634 1943
633 634
633 1944
632 633
632 1945
631 632
631 1946
630 631
630 1947
629 630
629 1948
628 629
628 1949
627 628
627 1950
626 627
626 1951
625 626
625 1952
624 625
624 1953
623 624
623 1954
622 623
622 1955
621 622
621 1956
620 621
620 1957
619 620
619 1958
618 619
618 1959
617 618
617 1960
616 617
616 1961
615 616
615 1962
614 615
614 1963
613 614
613 1964
612 613
612 1965
611 612
611 1966
610 611
610 1967
609 610
609 1968
608 609
608 1969
607 608
607 1970
606 607
606 1971
605 606
605 1972
604 605
604 1973
603 604
603 1974
602 603
602 1975
601 602
601 1976
600 601
600 1977
599 600
599 1978
598 599
598 1979
597 598
597 1980
596 597
596 1981
595 596
595 1982
594 595
594 1983
593 594
593 1984
592 593
592 1985
591 592
591 1986
590 591
590 1987
589 590
589 1988
588 589
588 1989
587 588
587 1990
586 587
586 1991
585 586
585 1992
584 585
584 1993
583 584
583 1994
582 583
582 1995
581 582
581 1996
580 581
580 1997
579 580
579 1998
578 579
578 1999
577 578
577 2000
576 577
576 2001
575 576
575 2002
574 575
574 2003
573 574
573 2004
572 573
572 2005
571 572
571 2006
570 571
570 2007
569 570
569 2008
568 569
568 2009
567 568
567 2010
566 567
566 2011
565 566
565 2012
564 565
564 2013
563 564
563 2014
562 563
562 2015
561 562
561 2016
560 561
560 2017
559 560
559 2018
558 559
558 2019
557 558
557 2020
556 557
556 2021
555 556
555 2022
554 555
554 2023
553 554
553 2024
552 553
552 2025
551 552
551 2026
550 551
550 2027
549 550
549 2028
548 549
548 2029
547 548
547 2030
546 547
546 2031
545 546
545 2032
544 545
544 2033
543 544
543 2034
542 543
542 2035
541 542
541 2036
540 541
540 2037
539 540
539 2038
538 539
538 2039
537 538
537 2040
536 537
536 2041
535 536
535 2042
534 535
534 2043
533 534
533 2044
532 533
532 2045
531 532
531 2046
530 531
530 2047
529 530
529 2048
528 529
528 2049
527 528
527 2050
526 527
526 2051
525 526
525 2052
524 525
524 2053
523 524
523 2054
522 523
522 2055
521 522
521 2056
520 521
520 2057
519 520
519 2058
518 519
518 2059
517 518
517 2060
516 517
516 2061
515 516
515 2062
514 515
514 2063
513 514
513 2064
512 513
512 2065
511 512
511 2066
510 511
510 2067
509 510
509 2068
508 509
508 2069
507 508
507 2070
506 507
506 2071
505 506
505 2072
504 505
504 2073
503 504
503 2074
502 503
502 2075
501 502
501 2076
500 501
500 2077
499 500
499 2078
498 499
498 2079
497 498
497 2080
496 497
496 2081
495 496
495 2082
494 495
494 2083
493 494
493 2084
492 493
492 2085
491 492
491 2086
490 491
490 2087
489 490
489 2088
488 489
488 2089
487 488
487 2090
486 487
486 2091
485 486
485 2092
484 485
484 2093
483 484
483 2094
482 483
482 2095
481 482
481 2096
480 481
480 2097
479 480
479 2098
478 479
478 2099
477 478
477 2100
476 477
476 2101
475 476
475 2102
474 475
474 2103
473 474
473 2104
472 473
472 2105
471 472
471 2106
470 471
470 2107
469 470
469 2108
468 469
468 2109
467 468
467 2110
466 467
466 2111
465 466
465 2112
464 465
464 2113
463 464
463 2114
462 463
462 2115
461 462
461 2116
460 461
460 2117
459 460
459 2118
458 459
458 2119
457 458
457 2120
456 457
456 2121
455 456
455 2122
454 455
454 2123
453 454
453 2124
452 453
452 2125
451 452
451 2126
450 451
450 2127
449 450
449 2128
448 449
448 2129
447 448
447 2130
446 447
446 2131
445 446
445 2132
444 445
444 2133
443 444
443 2134
442 443
442 2135
441 442
441 2136
440 441
440 2137
439 440
439 2138
438 439
438 2139
437 438
437 2140
436 437
436 2141
435 436
435 2142
434 435
434 2143
433 434
433 2144
432 433
432 2145
431 432
431 2146
430 431
430 2147
429 430
429 2148
428 429
428 2149
427 428
427 2150
426 427
426 2151
425 426
425 2152
424 425
424 2153
423 424
423 2154
422 423
422 2155
421 422
421 2156
420 421
420 2157
419 420
419 2158
418 419
418 2159
417 418
417 2160
416 417
416 2161
415 416
415 2162
414 415
414 2163
413 414
413 2164
412 413
412 2165
411 412
411 2166
410 411
410 2167
409 410
409 2168
408 409
408 2169
407 408
407 2170
406 407
406 2171
405 406
405 2172
404 405
404 2173
403 404
403 2174
402 403
402 2175
401 402
401 2176
400 401
400 2177
399 400
399 2178
398 399
398 2179
397 398
397 2180
396 397
396 2181
395 396
395 2182
394 395
394 2183
393 394
393 2184
392 393
392 2185
391 392
391 2186
390 391
390 2187
389 390
389 2188
388 389
388 2189
387 388
387 2190
386 387
386 2191
385 386
385 2192
384 385
384 2193
383 384
383 2194
382 383
382 2195
381 382
381 2196
380 381
380 2197
379 380
379 2198
378 379
378 2199
377 378
377 2200
376 377
376 2201
375 376
375 2202
374 375
374 2203
373 374
373 2204
372 373
372 2205
371 372
371 2206
370 371
370 2207
369 370
369 2208
368 369
368 2209
367 368
367 2210
366 367
366 2211
365 366
365 2212
364 365
364 2213
363 364
363 2214
362 363
362 2215
361 362
361 2216
360 361
360 2217
359 360
359 2218
358 359
358 2219
357 358
357 2220
356 357
356 2221
355 356
355 2222
354 355
354 2223
353 354
353 2224
352 353
352 2225
351 352
351 2226
350 351
350 2227
349 350
349 2228
348 349
348 2229
347 348
347 2230
346 347
346 2231
345 346
345 2232
344 345
344 2233
343 344
343 2234
342 343
342 2235
341 342
341 2236
340 341
340 2237
339 340
339 2238
338 339
338 2239
337 338
337 2240
336 337
336 2241
335 336
335 2242
334 335
334 2243
333 334
333 2244
332 333
332 2245
331 332
331 2246
330 331
330 2247
329 330
329 2248
328 329
328 2249
327 328
327 2250
326 327
326 2251
325 326
325 2252
324 325
324 2253
323 324
323 2254
322 323
322 2255
321 322
321 2256
320 321
320 2257
319 320
319 2258
318 319
318 2259
317 318
317 2260
316 317
316 2261
315 316
315 2262
314 315
314 2263
313 314
313 2264
312 313
312 2265
311 312
311 2266
310 311
310 2267
309 310
309 2268
308 309
308 2269
307 308
307 2270
306 307
306 2271
305 306
305 2272
304 305
304 2273
303 304
303 2274
302 303
302 2275
301 302
301 2276
300 301
300 2277
299 300
299 2278
298 299
298 2279
297 298
297 2280
296 297
296 2281
295 296
295 2282
294 295
294 2283
293 294
293 2284
292 293
292 2285
291 292
291 2286
290 291
290 2287
289 290
289 2288
288 289
288 2289
287 288
287 2290
286 287
286 2291
285 286
285 2292
284 285
284 2293
283 284
283 2294
282 283
282 2295
281 282
281 2296
280 281
280 2297
279 280
279 2298
278 279
278 2299
277 278
277 2300
276 277
276 2301
275 276
275 2302
274 275
274 2303
273 274
273 2304
272 273
272 2305
271 272
271 2306
270 271
270 2307
269 270
269 2308
268 269
268 2309
267 268
267 2310
266 267
266 2311
265 266
265 2312
264 265
264 2313
263 264
263 2314
262 263
262 2315
261 262
261 2316
260 261
260 2317
259 260
259 2318
258 259
258 2319
257 258
257 2320
256 257
256 2321
255 256
255 2322
254 255
254 2323
253 254
253 2324
252 253
252 2325
251 252
251 2326
250 251
250 2327
249 250
249 2328
248 249
248 2329
247 248
247 2330
246 247
246 2331
245 246
245 2332
244 245
244 2333
243 244
243 2334
242 243
242 2335
241 242
241 2336
240 241
240 2337
239 240
239 2338
238 239
238 2339
237 238
237 2340
236 237
236 2341
235 236
235 2342
234 235
234 2343
233 234
233 2344
232 233
232 2345
231 232
231 2346
230 231
230 2347
229 230
229 2348
228 229
228 2349
227 228
227 2350
226 227
226 2351
225 226
225 2352
224 225
224 2353
223 224
223 2354
222 223
222 2355
221 222
221 2356
220 221
220 2357
219 220
219 2358
218 219
218 2359
217 218
217 2360
216 217
216 2361
215 216
215 2362
214 215
214 2363
213 214
213 2364
212 213
212 2365
211 212
211 2366
210 211
210 2367
209 210
209 2368
208 209
208 2369
207 208
207 2370
206 207
206 2371
205 206
205 2372
204 205
204 2373
203 204
203 2374
202 203
202 2375
201 202
201 2376
200 201
200 2377
199 200
199 2378
198 199
198 2379
197 198
197 2380
196 197
196 2381
195 196
195 2382
194 195
194 2383
193 194
193 2384
192 193
192 2385
191 192
191 2386
190 191
190 2387
189 190
189 2388
188 189
188 2389
187 188
187 2390
186 187
186 2391
185 186
185 2392
184 185
184 2393
183 184
183 2394
182 183
182 2395
181 182
181 2396
180 181
180 2397
179 180
179 2398
178 179
178 2399
177 178
177 2400
176 177
176 2401
175 176
175 2402
174 175
174 2403
173 174
173 2404
172 173
172 2405
171 172
171 2406
170 171
170 2407
169 170
169 2408
168 169
168 2409
167 168
167 2410
166 167
166 2411
165 166
165 2412
164 165
164 2413
163 164
163 2414
162 163
162 2415
161 162
161 2416
160 161
160 2417
159 160
159 2418
158 159
158 2419
157 158
157 2420
156 157
156 2421
155 156
155 2422
154 155
154 2423
153 154
153 2424
152 153
152 2425
151 152
151 2426
150 151
150 2427
149 150
149 2428
148 149
148 2429
147 148
147 2430
146 147
146 2431
145 146
145 2432
144 145
144 2433
143 144
143 2434
142 143
142 2435
141 142
141 2436
140 141
140 2437
139 140
139 2438
138 139
138 2439
137 138
137 2440
136 137
136 2441
135 136
135 2442
134 135
134 2443
133 134
133 2444
132 133
132 2445
131 132
131 2446
130 131
130 2447
129 130
129 2448
128 129
128 2449
127 128
127 2450
126 127
126 2451
125 126
125 2452
124 125
124 2453
123 124
123 2454
122 123
122 2455
121 122
121 2456
120 121
120 2457
119 120
119 2458
118 119
118 2459
117 118
117 2460
116 117
116 2461
115 116
115 2462
114 115
114 2463
113 114
113 2464
112 113
112 2465
111 112
111 2466
110 111
110 2467
109 110
109 2468
108 109
108 2469
107 108
107 2470
106 107
106 2471
105 106
105 2472
104 105
104 2473
103 104
103 2474
102 103
102 2475
101 102
101 2476
100 101
100 2477
99 100
99 2478
98 99
98 2479
97 98
97 2480
96 97
96 2481
95 96
95 2482
94 95
94 2483
93 94
93 2484
92 93
92 2485
91 92
91 2486
90 91
90 2487
89 90
89 2488
88 89
88 2489
87 88
87 2490
86 87
86 2491
85 86
85 2492
84 85
84 2493
83 84
83 2494
82 83
82 2495
81 82
81 2496
80 81
80 2497
79 80
79 2498
78 79
78 2499
77 78
77 2500
76 77
76 2501
75 76
75 2502
74 75
74 2503
73 74
73 2504
72 73
72 2505
71 72
71 2506
70 71
70 2507
69 70
69 2508
68 69
68 2509
67 68
67 2510
66 67
66 2511
65 66
65 2512
64 65
64 2513
63 64
63 2514
62 63
62 2515
61 62
61 2516
60 61
60 2517
59 60
59 2518
58 59
58 2519
57 58
57 2520
56 57
56 2521
55 56
55 2522
54 55
54 2523
53 54
53 2524
52 53
52 2525
51 52
51 2526
50 51
50 2527
49 50
49 2528
48 49
48 2529
47 48
47 2530
46 47
46 2531
45 46
45 2532
44 45
44 2533
43 44
43 2534
42 43
42 2535
41 42
41 2536
40 41
40 2537
39 40
39 2538
38 39
38 2539
37 38
37 2540
36 37
36 2541
35 36
35 2542
34 35
34 2543
33 34
33 2544
32 33
32 2545
31 32
31 2546
30 31
30 2547
29 30
29 2548
28 29
28 2549
27 28
27 2550
26 27
26 2551
25 26
25 2552
24 25
24 2553
23 24
23 2554
22 23
22 2555
21 22
21 2556
20 21
20 2557
19 20
19 2558
18 19
18 2559
17 18
17 2560
16 17
16 2561
15 16
15 2562
14 15
14 2563
13 14
13 2564
12 13
12 2565
11 12
11 2566
10 11
10 2567
9 10
9 2568
8 9
8 2569
7 8
7 2570
6 7
6 2571
5 6
5 2572
4 5
4 2573
3 4
3 2574
2 3
2 2575
1 2
1 2757
