2877 26425592
576 1
576 2576
576 2577
576 2578
576 2579
575 576
575 2580
575 2581
575 2582
575 2583
574 575
574 2584
574 2585
574 2586
574 2587
573 574
573 2588
573 2589
573 2590
573 2591
572 573
572 2592
572 2593
572 2594
572 2595
571 572
571 2596
571 2597
571 2598
571 2599
570 571
570 2600
570 2601
570 2602
570 2603
569 570
569 2604
569 2605
569 2606
569 2607
568 569
568 2608
568 2609
568 2610
568 2611
567 568
567 2612
567 2613
567 2614
567 2615
566 567
566 2616
566 2617
566 2618
566 2619
565 566
565 2620
565 2621
565 2622
565 2623
564 565
564 2624
564 2625
564 2626
564 2627
563 564
563 2628
563 2629
563 2630
563 2631
562 563
562 2632
562 2633
562 2634
562 2635
561 562
561 2636
561 2637
561 2638
561 2639
560 561
560 2640
560 2641
560 2642
560 2643
559 560
559 2644
559 2645
559 2646
559 2647
558 559
558 2648
558 2649
558 2650
558 2651
557 558
557 2652
557 2653
557 2654
557 2655
556 557
556 2656
556 2657
556 2658
556 2659
555 556
555 2660
555 2661
555 2662
555 2663
554 555
554 2664
554 2665
554 2666
554 2667
553 554
553 2668
553 2669
553 2670
553 2671
552 553
552 2672
552 2673
552 2674
552 2675
551 552
551 2676
551 2677
551 2678
551 2679
550 551
550 2680
550 2681
550 2682
550 2683
549 550
549 2684
549 2685
549 2686
549 2687
548 549
548 2688
548 2689
548 2690
548 2691
547 548
547 2692
547 2693
547 2694
547 2695
546 547
546 2696
546 2697
546 2698
546 2699
545 546
545 2700
545 2701
545 2702
545 2703
544 545
544 2704
544 2705
544 2706
544 2707
543 544
543 2708
543 2709
543 2710
543 2711
542 543
542 2712
542 2713
542 2714
542 2715
541 542
541 2716
541 2717
541 2718
541 2719
540 541
540 2720
540 2721
540 2722
540 2723
539 540
539 2724
539 2725
539 2726
539 2727
538 539
538 2728
538 2729
538 2730
538 2731
537 538
537 2732
537 2733
537 2734
537 2735
536 537
536 2736
536 2737
536 2738
536 2739
535 536
535 2740
535 2741
535 2742
535 2743
534 535
534 2744
534 2745
534 2746
534 2747
533 534
533 2748
533 2749
533 2750
533 2751
532 533
532 2752
532 2753
532 2754
532 2755
531 532
531 2756
531 2757
531 2738
531 2739
530 531
530 2718
530 2719
530 2792
530 2793
529 530
529 2878
529 2879
529 577
529 578
528 529
528 579
528 580
528 581
528 582
527 528
527 583
527 584
527 585
527 586
526 527
526 587
526 588
526 589
526 590
525 526
525 591
525 592
525 593
525 594
524 525
524 595
524 596
524 597
524 598
523 524
523 599
523 600
523 601
523 602
522 523
522 603
522 604
522 605
522 606
521 522
521 607
521 608
521 609
521 610
520 521
520 611
520 612
520 613
520 614
519 520
519 615
519 616
519 617
519 618
518 519
518 619
518 620
518 621
518 622
517 518
517 623
517 624
517 625
517 626
516 517
516 627
516 628
516 629
516 630
515 516
515 631
515 632
515 633
515 634
514 515
514 635
514 636
514 637
514 638
513 514
513 639
513 640
513 641
513 642
512 513
512 643
512 644
512 645
512 646
511 512
511 647
511 648
511 649
511 650
510 511
510 651
510 652
510 653
510 654
509 510
509 655
509 656
509 657
509 658
508 509
508 659
508 660
508 661
508 662
507 508
507 663
507 664
507 665
507 666
506 507
506 667
506 668
506 669
506 670
505 506
505 671
505 672
505 673
505 674
504 505
504 675
504 676
504 677
504 678
503 504
503 679
503 680
503 681
503 682
502 503
502 683
502 684
502 685
502 686
501 502
501 687
501 688
501 689
501 690
500 501
500 691
500 692
500 693
500 694
499 500
499 695
499 696
499 697
499 698
498 499
498 699
498 700
498 701
498 702
497 498
497 703
497 704
497 705
497 706
496 497
496 707
496 708
496 709
496 710
495 496
495 711
495 712
495 713
495 714
494 495
494 715
494 716
494 717
494 718
493 494
493 719
493 720
493 721
493 722
492 493
492 723
492 724
492 725
492 726
491 492
491 727
491 728
491 729
491 730
490 491
490 731
490 732
490 733
490 734
489 490
489 735
489 736
489 737
489 738
488 489
488 739
488 740
488 741
488 742
487 488
487 743
487 744
487 745
487 746
486 487
486 747
486 748
486 749
486 750
485 486
485 751
485 752
485 753
485 754
484 485
484 755
484 756
484 757
484 758
483 484
483 759
483 760
483 761
483 762
482 483
482 763
482 764
482 765
482 766
481 482
481 767
481 768
481 769
481 770
480 481
480 771
480 772
480 773
480 774
479 480
479 775
479 776
479 777
479 778
478 479
478 779
478 780
478 781
478 782
477 478
477 783
477 784
477 785
477 786
476 477
476 787
476 788
476 789
476 790
475 476
475 791
475 792
475 793
475 794
474 475
474 795
474 796
474 797
474 798
473 474
473 799
473 800
473 801
473 802
472 473
472 803
472 804
472 805
472 806
471 472
471 807
471 808
471 809
471 810
470 471
470 811
470 812
470 813
470 814
469 470
469 815
469 816
469 817
469 818
468 469
468 819
468 820
468 821
468 822
467 468
467 823
467 824
467 825
467 826
466 467
466 827
466 828
466 829
466 830
465 466
465 831
465 832
465 833
465 834
464 465
464 835
464 836
464 837
464 838
463 464
463 839
463 840
463 841
463 842
462 463
462 843
462 844
462 845
462 846
461 462
461 847
461 848
461 849
461 850
460 461
460 851
460 852
460 853
460 854
459 460
459 855
459 856
459 857
459 858
458 459
458 859
458 860
458 861
458 862
457 458
457 863
457 864
457 865
457 866
456 457
456 867
456 868
456 869
456 870
455 456
455 871
455 872
455 873
455 874
454 455
454 875
454 876
454 877
454 878
453 454
453 879
453 880
453 881
453 882
452 453
452 883
452 884
452 885
452 886
451 452
451 887
451 888
451 889
451 890
450 451
450 891
450 892
450 893
450 894
449 450
449 895
449 896
449 897
449 898
448 449
448 899
448 900
448 901
448 902
447 448
447 903
447 904
447 905
447 906
446 447
446 907
446 908
446 909
446 910
445 446
445 911
445 912
445 913
445 914
444 445
444 915
444 916
444 917
444 918
443 444
443 919
443 920
443 921
443 922
442 443
442 923
442 924
442 925
442 926
441 442
441 927
441 928
441 929
441 930
440 441
440 931
440 932
440 933
440 934
439 440
439 935
439 936
439 937
439 938
438 439
438 939
438 940
438 941
438 942
437 438
437 943
437 944
437 945
437 946
436 437
436 947
436 948
436 949
436 950
435 436
435 951
435 952
435 953
435 954
434 435
434 955
434 956
434 957
434 958
433 434
433 959
433 960
433 961
433 962
432 433
432 963
432 964
432 965
432 966
431 432
431 967
431 968
431 969
431 970
430 431
430 971
430 972
430 973
430 974
429 430
429 975
429 976
429 977
429 978
428 429
428 979
428 980
428 981
428 982
427 428
427 983
427 984
427 985
427 986
426 427
426 987
426 988
426 989
426 990
425 426
425 991
425 992
425 993
425 994
424 425
424 995
424 996
424 997
424 998
423 424
423 999
423 1000
423 1001
423 1002
422 423
422 1003
422 1004
422 1005
422 1006
421 422
421 1007
421 1008
421 1009
421 1010
420 421
420 1011
420 1012
420 1013
420 1014
419 420
419 1015
419 1016
419 1017
419 1018
418 419
418 1019
418 1020
418 1021
418 1022
417 418
417 1023
417 1024
417 1025
417 1026
416 417
416 1027
416 1028
416 1029
416 1030
415 416
415 1031
415 1032
415 1033
415 1034
414 415
414 1035
414 1036
414 1037
414 1038
413 414
413 1039
413 1040
413 1041
413 1042
412 413
412 1043
412 1044
412 1045
412 1046
411 412
411 1047
411 1048
411 1049
411 1050
410 411
410 1051
410 1052
410 1053
410 1054
409 410
409 1055
409 1056
409 1057
409 1058
408 409
408 1059
408 1060
408 1061
408 1062
407 408
407 1063
407 1064
407 1065
407 1066
406 407
406 1067
406 1068
406 1069
406 1070
405 406
405 1071
405 1072
405 1073
405 1074
404 405
404 1075
404 1076
404 1077
404 1078
403 404
403 1079
403 1080
403 1081
403 1082
402 403
402 1083
402 1084
402 1085
402 1086
401 402
401 1087
401 1088
401 1089
401 1090
400 401
400 1091
400 1092
400 1093
400 1094
399 400
399 1095
399 1096
399 1097
399 1098
398 399
398 1099
398 1100
398 1101
398 1102
397 398
397 1103
397 1104
397 1105
397 1106
396 397
396 1107
396 1108
396 1109
396 1110
395 396
395 1111
395 1112
395 1113
395 1114
394 395
394 1115
394 1116
394 1117
394 1118
393 394
393 1119
393 1120
393 1121
393 1122
392 393
392 1123
392 1124
392 1125
392 1126
391 392
391 1127
391 1128
391 1129
391 1130
390 391
390 1131
390 1132
390 1133
390 1134
389 390
389 1135
389 1136
389 1137
389 1138
388 389
388 1139
388 1140
388 1141
388 1142
387 388
387 1143
387 1144
387 1145
387 1146
386 387
386 1147
386 1148
386 1149
386 1150
385 386
385 1151
385 1152
385 1153
385 1154
384 385
384 1155
384 1156
384 1157
384 1158
383 384
383 1159
383 1160
383 1161
383 1162
382 383
382 1163
382 1164
382 1165
382 1166
381 382
381 1167
381 1168
381 1169
381 1170
380 381
380 1171
380 1172
380 1173
380 1174
379 380
379 1175
379 1176
379 1177
379 1178
378 379
378 1179
378 1180
378 1181
378 1182
377 378
377 1183
377 1184
377 1185
377 1186
376 377
376 1187
376 1188
376 1189
376 1190
375 376
375 1191
375 1192
375 1193
375 1194
374 375
374 1195
374 1196
374 1197
374 1198
373 374
373 1199
373 1200
373 1201
373 1202
372 373
372 1203
372 1204
372 1205
372 1206
371 372
371 1207
371 1208
371 1209
371 1210
370 371
370 1211
370 1212
370 1213
370 1214
369 370
369 1215
369 1216
369 1217
369 1218
368 369
368 1219
368 1220
368 1221
368 1222
367 368
367 1223
367 1224
367 1225
367 1226
366 367
366 1227
366 1228
366 1229
366 1230
365 366
365 1231
365 1232
365 1233
365 1234
364 365
364 1235
364 1236
364 1237
364 1238
363 364
363 1239
363 1240
363 1241
363 1242
362 363
362 1243
362 1244
362 1245
362 1246
361 362
361 1247
361 1248
361 1249
361 1250
360 361
360 1251
360 1252
360 1253
360 1254
359 360
359 1255
359 1256
359 1257
359 1258
358 359
358 1259
358 1260
358 1261
358 1262
357 358
357 1263
357 1264
357 1265
357 1266
356 357
356 1267
356 1268
356 1269
356 1270
355 356
355 1271
355 1272
355 1273
355 1274
354 355
354 1275
354 1276
354 1277
354 1278
353 354
353 1279
353 1280
353 1281
353 1282
352 353
352 1283
352 1284
352 1285
352 1286
351 352
351 1287
351 1288
351 1289
351 1290
350 351
350 1291
350 1292
350 1293
350 1294
349 350
349 1295
349 1296
349 1297
349 1298
348 349
348 1299
348 1300
348 1301
348 1302
347 348
347 1303
347 1304
347 1305
347 1306
346 347
346 1307
346 1308
346 1309
346 1310
345 346
345 1311
345 1312
345 1313
345 1314
344 345
344 1315
344 1316
344 1317
344 1318
343 344
343 1319
343 1320
343 1321
343 1322
342 343
342 1323
342 1324
342 1325
342 1326
341 342
341 1327
341 1328
341 1329
341 1330
340 341
340 1331
340 1332
340 1333
340 1334
339 340
339 1335
339 1336
339 1337
339 1338
338 339
338 1339
338 1340
338 1341
338 1342
337 338
337 1343
337 1344
337 1345
337 1346
336 337
336 1347
336 1348
336 1349
336 1350
335 336
335 1351
335 1352
335 1353
335 1354
334 335
334 1355
334 1356
334 1357
334 1358
333 334
333 1359
333 1360
333 1361
333 1362
332 333
332 1363
332 1364
332 1365
332 1366
331 332
331 1367
331 1368
331 1369
331 1370
330 331
330 1371
330 1372
330 1373
330 1374
329 330
329 1375
329 1376
329 1377
329 1378
328 329
328 1379
328 1380
328 1381
328 1382
327 328
327 1383
327 1384
327 1385
327 1386
326 327
326 1387
326 1388
326 1389
326 1390
325 326
325 1391
325 1392
325 1393
325 1394
324 325
324 1395
324 1396
324 1397
324 1398
323 324
323 1399
323 1400
323 1401
323 1402
322 323
322 1403
322 1404
322 1405
322 1406
321 322
321 1407
321 1408
321 1409
321 1410
320 321
320 1411
320 1412
320 1413
320 1414
319 320
319 1415
319 1416
319 1417
319 1418
318 319
318 1419
318 1420
318 1421
318 1422
317 318
317 1423
317 1424
317 1425
317 1426
316 317
316 1427
316 1428
316 1429
316 1430
315 316
315 1431
315 1432
315 1433
315 1434
314 315
314 1435
314 1436
314 1437
314 1438
313 314
313 1439
313 1440
313 1441
313 1442
312 313
312 1443
312 1444
312 1445
312 1446
311 312
311 1447
311 1448
311 1449
311 1450
310 311
310 1451
310 1452
310 1453
310 1454
309 310
309 1455
309 1456
309 1457
309 1458
308 309
308 1459
308 1460
308 1461
308 1462
307 308
307 1463
307 1464
307 1465
307 1466
306 307
306 1467
306 1468
306 1469
306 1470
305 306
305 1471
305 1472
305 1473
305 1474
304 305
304 1475
304 1476
304 1477
304 1478
303 304
303 1479
303 1480
303 1481
303 1482
302 303
302 1483
302 1484
302 1485
302 1486
301 302
301 1487
301 1488
301 1489
301 1490
300 301
300 1491
300 1492
300 1493
300 1494
299 300
299 1495
299 1496
299 1497
299 1498
298 299
298 1499
298 1500
298 1501
298 1502
297 298
297 1503
297 1504
297 1505
297 1506
296 297
296 1507
296 1508
296 1509
296 1510
295 296
295 1511
295 1512
295 1513
295 1514
294 295
294 1515
294 1516
294 1517
294 1518
293 294
293 1519
293 1520
293 1521
293 1522
292 293
292 1523
292 1524
292 1525
292 1526
291 292
291 1527
291 1528
291 1529
291 1530
290 291
290 1531
290 1532
290 1533
290 1534
289 290
289 1535
289 1536
289 1537
289 1538
288 289
288 1539
288 1540
288 1541
288 1542
287 288
287 1543
287 1544
287 1545
287 1546
286 287
286 1547
286 1548
286 1549
286 1550
285 286
285 1551
285 1552
285 1553
285 1554
284 285
284 1555
284 1556
284 1557
284 1558
283 284
283 1559
283 1560
283 1561
283 1562
282 283
282 1563
282 1564
282 1565
282 1566
281 282
281 1567
281 1568
281 1569
281 1570
280 281
280 1571
280 1572
280 1573
280 1574
279 280
279 1575
279 1576
279 1577
279 1578
278 279
278 1579
278 1580
278 1581
278 1582
277 278
277 1583
277 1584
277 1585
277 1586
276 277
276 1587
276 1588
276 1589
276 1590
275 276
275 1591
275 1592
275 1593
275 1594
274 275
274 1595
274 1596
274 1597
274 1598
273 274
273 1599
273 1600
273 1601
273 1602
272 273
272 1603
272 1604
272 1605
272 1606
271 272
271 1607
271 1608
271 1609
271 1610
270 271
270 1611
270 1612
270 1613
270 1614
269 270
269 1615
269 1616
269 1617
269 1618
268 269
268 1619
268 1620
268 1621
268 1622
267 268
267 1623
267 1624
267 1625
267 1626
266 267
266 1627
266 1628
266 1629
266 1630
265 266
265 1631
265 1632
265 1633
265 1634
264 265
264 1635
264 1636
264 1637
264 1638
263 264
263 1639
263 1640
263 1641
263 1642
262 263
262 1643
262 1644
262 1645
262 1646
261 262
261 1647
261 1648
261 1649
261 1650
260 261
260 1651
260 1652
260 1653
260 1654
259 260
259 1655
259 1656
259 1657
259 1658
258 259
258 1659
258 1660
258 1661
258 1662
257 258
257 1663
257 1664
257 1665
257 1666
256 257
256 1667
256 1668
256 1669
256 1670
255 256
255 1671
255 1672
255 1673
255 1674
254 255
254 1675
254 1676
254 1677
254 1678
253 254
253 1679
253 1680
253 1681
253 1682
252 253
252 1683
252 1684
252 1685
252 1686
251 252
251 1687
251 1688
251 1689
251 1690
250 251
250 1691
250 1692
250 1693
250 1694
249 250
249 1695
249 1696
249 1697
249 1698
248 249
248 1699
248 1700
248 1701
248 1702
247 248
247 1703
247 1704
247 1705
247 1706
246 247
246 1707
246 1708
246 1709
246 1710
245 246
245 1711
245 1712
245 1713
245 1714
244 245
244 1715
244 1716
244 1717
244 1718
243 244
243 1719
243 1720
243 1721
243 1722
242 243
242 1723
242 1724
242 1725
242 1726
241 242
241 1727
241 1728
241 1729
241 1730
240 241
240 1731
240 1732
240 1733
240 1734
239 240
239 1735
239 1736
239 1737
239 1738
238 239
238 1739
238 1740
238 1741
238 1742
237 238
237 1743
237 1744
237 1745
237 1746
236 237
236 1747
236 1748
236 1749
236 1750
235 236
235 1751
235 1752
235 1753
235 1754
234 235
234 1755
234 1756
234 1757
234 1758
233 234
233 1759
233 1760
233 1761
233 1762
232 233
232 1763
232 1764
232 1765
232 1766
231 232
231 1767
231 1768
231 1769
231 1770
230 231
230 1771
230 1772
230 1773
230 1774
229 230
229 1775
229 1776
229 1777
229 1778
228 229
228 1779
228 1780
228 1781
228 1782
227 228
227 1783
227 1784
227 1785
227 1786
226 227
226 1787
226 1788
226 1789
226 1790
225 226
225 1791
225 1792
225 1793
225 1794
224 225
224 1795
224 1796
224 1797
224 1798
223 224
223 1799
223 1800
223 1801
223 1802
222 223
222 1803
222 1804
222 1805
222 1806
221 222
221 1807
221 1808
221 1809
221 1810
220 221
220 1811
220 1812
220 1813
220 1814
219 220
219 1815
219 1816
219 1817
219 1818
218 219
218 1819
218 1820
218 1821
218 1822
217 218
217 1823
217 1824
217 1825
217 1826
216 217
216 1827
216 1828
216 1829
216 1830
215 216
215 1831
215 1832
215 1833
215 1834
214 215
214 1835
214 1836
214 1837
214 1838
213 214
213 1839
213 1840
213 1841
213 1842
212 213
212 1843
212 1844
212 1845
212 1846
211 212
211 1847
211 1848
211 1849
211 1850
210 211
210 1851
210 1852
210 1853
210 1854
209 210
209 1855
209 1856
209 1857
209 1858
208 209
208 1859
208 1860
208 1861
208 1862
207 208
207 1863
207 1864
207 1865
207 1866
206 207
206 1867
206 1868
206 1869
206 1870
205 206
205 1871
205 1872
205 1873
205 1874
204 205
204 1875
204 1876
204 1877
204 1878
203 204
203 1879
203 1880
203 1881
203 1882
202 203
202 1883
202 1884
202 1885
202 1886
201 202
201 1887
201 1888
201 1889
201 1890
200 201
200 1891
200 1892
200 1893
200 1894
199 200
199 1895
199 1896
199 1897
199 1898
198 199
198 1899
198 1900
198 1901
198 1902
197 198
197 1903
197 1904
197 1905
197 1906
196 197
196 1907
196 1908
196 1909
196 1910
195 196
195 1911
195 1912
195 1913
195 1914
194 195
194 1915
194 1916
194 1917
194 1918
193 194
193 1919
193 1920
193 1921
193 1922
192 193
192 1923
192 1924
192 1925
192 1926
191 192
191 1927
191 1928
191 1929
191 1930
190 191
190 1931
190 1932
190 1933
190 1934
189 190
189 1935
189 1936
189 1937
189 1938
188 189
188 1939
188 1940
188 1941
188 1942
187 188
187 1943
187 1944
187 1945
187 1946
186 187
186 1947
186 1948
186 1949
186 1950
185 186
185 1951
185 1952
185 1953
185 1954
184 185
184 1955
184 1956
184 1957
184 1958
183 184
183 1959
183 1960
183 1961
183 1962
182 183
182 1963
182 1964
182 1965
182 1966
181 182
181 1967
181 1968
181 1969
181 1970
180 181
180 1971
180 1972
180 1973
180 1974
179 180
179 1975
179 1976
179 1977
179 1978
178 179
178 1979
178 1980
178 1981
178 1982
177 178
177 1983
177 1984
177 1985
177 1986
176 177
176 1987
176 1988
176 1989
176 1990
175 176
175 1991
175 1992
175 1993
175 1994
174 175
174 1995
174 1996
174 1997
174 1998
173 174
173 1999
173 2000
173 2001
173 2002
172 173
172 2003
172 2004
172 2005
172 2006
171 172
171 2007
171 2008
171 2009
171 2010
170 171
170 2011
170 2012
170 2013
170 2014
169 170
169 2015
169 2016
169 2017
169 2018
168 169
168 2019
168 2020
168 2021
168 2022
167 168
167 2023
167 2024
167 2025
167 2026
166 167
166 2027
166 2028
166 2029
166 2030
165 166
165 2031
165 2032
165 2033
165 2034
164 165
164 2035
164 2036
164 2037
164 2038
163 164
163 2039
163 2040
163 2041
163 2042
162 163
162 2043
162 2044
162 2045
162 2046
161 162
161 2047
161 2048
161 2049
161 2050
160 161
160 2051
160 2052
160 2053
160 2054
159 160
159 2055
159 2056
159 2057
159 2058
158 159
158 2059
158 2060
158 2061
158 2062
157 158
157 2063
157 2064
157 2065
157 2066
156 157
156 2067
156 2068
156 2069
156 2070
155 156
155 2071
155 2072
155 2073
155 2074
154 155
154 2075
154 2076
154 2077
154 2078
153 154
153 2079
153 2080
153 2081
153 2082
152 153
152 2083
152 2084
152 2085
152 2086
151 152
151 2087
151 2088
151 2089
151 2090
150 151
150 2091
150 2092
150 2093
150 2094
149 150
149 2095
149 2096
149 2097
149 2098
148 149
148 2099
148 2100
148 2101
148 2102
147 148
147 2103
147 2104
147 2105
147 2106
146 147
146 2107
146 2108
146 2109
146 2110
145 146
145 2111
145 2112
145 2113
145 2114
144 145
144 2115
144 2116
144 2117
144 2118
143 144
143 2119
143 2120
143 2121
143 2122
142 143
142 2123
142 2124
142 2125
142 2126
141 142
141 2127
141 2128
141 2129
141 2130
140 141
140 2131
140 2132
140 2133
140 2134
139 140
139 2135
139 2136
139 2137
139 2138
138 139
138 2139
138 2140
138 2141
138 2142
137 138
137 2143
137 2144
137 2145
137 2146
136 137
136 2147
136 2148
136 2149
136 2150
135 136
135 2151
135 2152
135 2153
135 2154
134 135
134 2155
134 2156
134 2157
134 2158
133 134
133 2159
133 2160
133 2161
133 2162
132 133
132 2163
132 2164
132 2165
132 2166
131 132
131 2167
131 2168
131 2169
131 2170
130 131
130 2171
130 2172
130 2173
130 2174
129 130
129 2175
129 2176
129 2177
129 2178
128 129
128 2179
128 2180
128 2181
128 2182
127 128
127 2183
127 2184
127 2185
127 2186
126 127
126 2187
126 2188
126 2189
126 2190
125 126
125 2191
125 2192
125 2193
125 2194
124 125
124 2195
124 2196
124 2197
124 2198
123 124
123 2199
123 2200
123 2201
123 2202
122 123
122 2203
122 2204
122 2205
122 2206
121 122
121 2207
121 2208
121 2209
121 2210
120 121
120 2211
120 2212
120 2213
120 2214
119 120
119 2215
119 2216
119 2217
119 2218
118 119
118 2219
118 2220
118 2221
118 2222
117 118
117 2223
117 2224
117 2225
117 2226
116 117
116 2227
116 2228
116 2229
116 2230
115 116
115 2231
115 2232
115 2233
115 2234
114 115
114 2235
114 2236
114 2237
114 2238
113 114
113 2239
113 2240
113 2241
113 2242
112 113
112 2243
112 2244
112 2245
112 2246
111 112
111 2247
111 2248
111 2249
111 2250
110 111
110 2251
110 2252
110 2253
110 2254
109 110
109 2255
109 2256
109 2257
109 2258
108 109
108 2259
108 2260
108 2261
108 2262
107 108
107 2263
107 2264
107 2265
107 2266
106 107
106 2267
106 2268
106 2269
106 2270
105 106
105 2271
105 2272
105 2273
105 2274
104 105
104 2275
104 2276
104 2277
104 2278
103 104
103 2279
103 2280
103 2281
103 2282
102 103
102 2283
102 2284
102 2285
102 2286
101 102
101 2287
101 2288
101 2289
101 2290
100 101
100 2291
100 2292
100 2293
100 2294
99 100
99 2295
99 2296
99 2297
99 2298
98 99
98 2299
98 2300
98 2301
98 2302
97 98
97 2303
97 2304
97 2305
97 2306
96 97
96 2307
96 2308
96 2309
96 2310
95 96
95 2311
95 2312
95 2313
95 2314
94 95
94 2315
94 2316
94 2317
94 2318
93 94
93 2319
93 2320
93 2321
93 2322
92 93
92 2323
92 2324
92 2325
92 2326
91 92
91 2327
91 2328
91 2329
91 2330
90 91
90 2331
90 2332
90 2333
90 2334
89 90
89 2335
89 2336
89 2337
89 2338
88 89
88 2339
88 2340
88 2341
88 2342
87 88
87 2343
87 2344
87 2345
87 2346
86 87
86 2347
86 2348
86 2349
86 2350
85 86
85 2351
85 2352
85 2353
85 2354
84 85
84 2355
84 2356
84 2357
84 2358
83 84
83 2359
83 2360
83 2361
83 2362
82 83
82 2363
82 2364
82 2365
82 2366
81 82
81 2367
81 2368
81 2369
81 2370
80 81
80 2371
80 2372
80 2373
80 2374
79 80
79 2375
79 2376
79 2377
79 2378
78 79
78 2379
78 2380
78 2381
78 2382
77 78
77 2383
77 2384
77 2385
77 2386
76 77
76 2387
76 2388
76 2389
76 2390
75 76
75 2391
75 2392
75 2393
75 2394
74 75
74 2395
74 2396
74 2397
74 2398
73 74
73 2399
73 2400
73 2401
73 2402
72 73
72 2403
72 2404
72 2405
72 2406
71 72
71 2407
71 2408
71 2409
71 2410
70 71
70 2411
70 2412
70 2413
70 2414
69 70
69 2415
69 2416
69 2417
69 2418
68 69
68 2419
68 2420
68 2421
68 2422
67 68
67 2423
67 2424
67 2425
67 2426
66 67
66 2427
66 2428
66 2429
66 2430
65 66
65 2431
65 2432
65 2433
65 2434
64 65
64 2435
64 2436
64 2437
64 2438
63 64
63 2439
63 2440
63 2441
63 2442
62 63
62 2443
62 2444
62 2445
62 2446
61 62
61 2447
61 2448
61 2449
61 2450
60 61
60 2451
60 2452
60 2453
60 2454
59 60
59 2455
59 2456
59 2457
59 2458
58 59
58 2459
58 2460
58 2461
58 2462
57 58
57 2463
57 2464
57 2465
57 2466
56 57
56 2467
56 2468
56 2469
56 2470
55 56
55 2471
55 2472
55 2473
55 2474
54 55
54 2475
54 2476
54 2477
54 2478
53 54
53 2479
53 2480
53 2481
53 2482
52 53
52 2483
52 2484
52 2485
52 2486
51 52
51 2487
51 2488
51 2489
51 2490
50 51
50 2491
50 2492
50 2493
50 2494
49 50
49 2495
49 2496
49 2497
49 2498
48 49
48 2499
48 2500
48 2501
48 2502
47 48
47 2503
47 2504
47 2505
47 2506
46 47
46 2507
46 2508
46 2509
46 2510
45 46
45 2511
45 2512
45 2513
45 2514
44 45
44 2515
44 2516
44 2517
44 2518
43 44
43 2519
43 2520
43 2521
43 2522
42 43
42 2523
42 2524
42 2525
42 2526
41 42
41 2527
41 2528
41 2529
41 2530
40 41
40 2531
40 2532
40 2533
40 2534
39 40
39 2535
39 2536
39 2537
39 2538
38 39
38 2539
38 2540
38 2541
38 2542
37 38
37 2543
37 2544
37 2545
37 2546
36 37
36 2547
36 2548
36 2549
36 2550
35 36
35 2551
35 2552
35 2553
35 2554
34 35
34 2555
34 2556
34 2557
34 2558
33 34
33 2559
33 2560
33 2561
33 2562
32 33
32 2563
32 2564
32 2565
32 2566
31 32
31 2567
31 2568
31 2569
31 2570
30 31
30 2571
30 2572
30 2573
30 2574
29 30
29 2575
29 2576
29 2577
29 2578
28 29
28 2579
28 2580
28 2581
28 2582
27 28
27 2583
27 2584
27 2585
27 2586
26 27
26 2587
26 2588
26 2589
26 2590
25 26
25 2591
25 2592
25 2593
25 2594
24 25
24 2595
24 2596
24 2597
24 2598
23 24
23 2599
23 2600
23 2601
23 2602
22 23
22 2603
22 2604
22 2605
22 2606
21 22
21 2607
21 2608
21 2609
21 2610
20 21
20 2611
20 2612
20 2613
20 2614
19 20
19 2615
19 2616
19 2617
19 2618
18 19
18 2619
18 2620
18 2621
18 2622
17 18
17 2623
17 2624
17 2625
17 2626
16 17
16 2627
16 2628
16 2629
16 2630
15 16
15 2631
15 2632
15 2633
15 2634
14 15
14 2635
14 2636
14 2637
14 2638
13 14
13 2639
13 2640
13 2641
13 2642
12 13
12 2643
12 2644
12 2645
12 2646
11 12
11 2647
11 2648
11 2649
11 2650
10 11
10 2651
10 2652
10 2653
10 2654
9 10
9 2655
9 2656
9 2657
9 2658
8 9
8 2659
8 2660
8 2661
8 2662
7 8
7 2663
7 2664
7 2665
7 2666
6 7
6 2667
6 2668
6 2669
6 2670
5 6
5 2671
5 2672
5 2673
5 2674
4 5
4 2675
4 2676
4 2677
4 2678
3 4
3 2679
3 2680
3 2681
3 2682
2 3
2 2683
2 2684
1 2
1 2685
1 2686
2687 2878
