2992 81471772
1496 2687
1496 2688
1495 1496
1495 2689
1494 1495
1494 2690
1493 1494
1493 2691
1492 1493
1492 2692
1491 1492
1491 2693
1490 1491
1490 2694
1489 1490
1489 2695
1488 1489
1488 2696
1487 1488
1487 2697
1486 1487
1486 2698
1485 1486
1485 2699
1484 1485
1484 2700
1483 1484
1483 2701
1482 1483
1482 2702
1481 1482
1481 2703
1480 1481
1480 2704
1479 1480
1479 2705
1478 1479
1478 2706
1477 1478
1477 2707
1476 1477
1476 2708
1475 1476
1475 2709
1474 1475
1474 2710
1473 1474
1473 2711
1472 1473
1472 2712
1471 1472
1471 2713
1470 1471
1470 2714
1469 1470
1469 2715
1468 1469
1468 2716
1467 1468
1467 2717
1466 1467
1466 2718
1465 1466
1465 2719
1464 1465
1464 2720
1463 1464
1463 2721
1462 1463
1462 2722
1461 1462
1461 2723
1460 1461
1460 2724
1459 1460
1459 2725
1458 1459
1458 2726
1457 1458
1457 2727
1456 1457
1456 2728
1455 1456
1455 2729
1454 1455
1454 2730
1453 1454
1453 2731
1452 1453
1452 2732
1451 1452
1451 2733
1450 1451
1450 2734
1449 1450
1449 2735
1448 1449
1448 2736
1447 1448
1447 2737
1446 1447
1446 2738
1445 1446
1445 2739
1444 1445
1444 2740
1443 1444
1443 2741
1442 1443
1442 2742
1441 1442
1441 2743
1440 1441
1440 2744
1439 1440
1439 2745
1438 1439
1438 2746
1437 1438
1437 2747
1436 1437
1436 2748
1435 1436
1435 2749
1434 1435
1434 2750
1433 1434
1433 2751
1432 1433
1432 2752
1431 1432
1431 2753
1430 1431
1430 2754
1429 1430
1429 2755
1428 1429
1428 2756
1427 1428
1427 2757
1426 1427
1426 2758
1425 1426
1425 2759
1424 1425
1424 2760
1423 1424
1423 2761
1422 1423
1422 2762
1421 1422
1421 2763
1420 1421
1420 2764
1419 1420
1419 2765
1418 1419
1418 2766
1417 1418
1417 2767
1416 1417
1416 2768
1415 1416
1415 2769
1414 1415
1414 2770
1413 1414
1413 2771
1412 1413
1412 2772
1411 1412
1411 2773
1410 1411
1410 2774
1409 1410
1409 2775
1408 1409
1408 2776
1407 1408
1407 2777
1406 1407
1406 2778
1405 1406
1405 2779
1404 1405
1404 2780
1403 1404
1403 2781
1402 1403
1402 2782
1401 1402
1401 2783
1400 1401
1400 2784
1399 1400
1399 2785
1398 1399
1398 2786
1397 1398
1397 2787
1396 1397
1396 2788
1395 1396
1395 2789
1394 1395
1394 2790
1393 1394
1393 2791
1392 1393
1392 2792
1391 1392
1391 2793
1390 1391
1390 2794
1389 1390
1389 2795
1388 1389
1388 2796
1387 1388
1387 2797
1386 1387
1386 2798
1385 1386
1385 2799
1384 1385
1384 2800
1383 1384
1383 2801
1382 1383
1382 2802
1381 1382
1381 2803
1380 1381
1380 2804
1379 1380
1379 2805
1378 1379
1378 2806
1377 1378
1377 2807
1376 1377
1376 2808
1375 1376
1375 2809
1374 1375
1374 2810
1373 1374
1373 2811
1372 1373
1372 2812
1371 1372
1371 2813
1370 1371
1370 2814
1369 1370
1369 2815
1368 1369
1368 2816
1367 1368
1367 2817
1366 1367
1366 2818
1365 1366
1365 2819
1364 1365
1364 2820
1363 1364
1363 2821
1362 1363
1362 2822
1361 1362
1361 2823
1360 1361
1360 2824
1359 1360
1359 2825
1358 1359
1358 2826
1357 1358
1357 2827
1356 1357
1356 2828
1355 1356
1355 2829
1354 1355
1354 2830
1353 1354
1353 2831
1352 1353
1352 2832
1351 1352
1351 2833
1350 1351
1350 2834
1349 1350
1349 2835
1348 1349
1348 2836
1347 1348
1347 2837
1346 1347
1346 2838
1345 1346
1345 2839
1344 1345
1344 2840
1343 1344
1343 2841
1342 1343
1342 2842
1341 1342
1341 2843
1340 1341
1340 2844
1339 1340
1339 2845
1338 1339
1338 2846
1337 1338
1337 2847
1336 1337
1336 2848
1335 1336
1335 2849
1334 1335
1334 2850
1333 1334
1333 2851
1332 1333
1332 2852
1331 1332
1331 2853
1330 1331
1330 2854
1329 1330
1329 2855
1328 1329
1328 2856
1327 1328
1327 2857
1326 1327
1326 2858
1325 1326
1325 2859
1324 1325
1324 2860
1323 1324
1323 2861
1322 1323
1322 2862
1321 1322
1321 2863
1320 1321
1320 2864
1319 1320
1319 2865
1318 1319
1318 2866
1317 1318
1317 2867
1316 1317
1316 2868
1315 1316
1315 2869
1314 1315
1314 2870
1313 1314
1313 2871
1312 1313
1312 2872
1311 1312
1311 2873
1310 1311
1310 2874
1309 1310
1309 2875
1308 1309
1308 2876
1307 1308
1307 2877
1306 1307
1306 2878
1305 1306
1305 1497
1304 1305
1304 1498
1303 1304
1303 1499
1302 1303
1302 1500
1301 1302
1301 1501
1300 1301
1300 1502
1299 1300
1299 1503
1298 1299
1298 1504
1297 1298
1297 1505
1296 1297
1296 1506
1295 1296
1295 1507
1294 1295
1294 1508
1293 1294
1293 1509
1292 1293
1292 1510
1291 1292
1291 1511
1290 1291
1290 1512
1289 1290
1289 1513
1288 1289
1288 1514
1287 1288
1287 1515
1286 1287
1286 1516
1285 1286
1285 1517
1284 1285
1284 1518
1283 1284
1283 1519
1282 1283
1282 1520
1281 1282
1281 1521
1280 1281
1280 1522
1279 1280
1279 1523
1278 1279
1278 1524
1277 1278
1277 1525
1276 1277
1276 1526
1275 1276
1275 1527
1274 1275
1274 1528
1273 1274
1273 1529
1272 1273
1272 1530
1271 1272
1271 1531
1270 1271
1270 1532
1269 1270
1269 1533
1268 1269
1268 1534
1267 1268
1267 1535
1266 1267
1266 1536
1265 1266
1265 1537
1264 1265
1264 1538
1263 1264
1263 1539
1262 1263
1262 1540
1261 1262
1261 1541
1260 1261
1260 1542
1259 1260
1259 1543
1258 1259
1258 1544
1257 1258
1257 1545
1256 1257
1256 1546
1255 1256
1255 1547
1254 1255
1254 1548
1253 1254
1253 1549
1252 1253
1252 1550
1251 1252
1251 1551
1250 1251
1250 1552
1249 1250
1249 1553
1248 1249
1248 1554
1247 1248
1247 1555
1246 1247
1246 1556
1245 1246
1245 1557
1244 1245
1244 1558
1243 1244
1243 1559
1242 1243
1242 1560
1241 1242
1241 1561
1240 1241
1240 1562
1239 1240
1239 1563
1238 1239
1238 1564
1237 1238
1237 1565
1236 1237
1236 1566
1235 1236
1235 1567
1234 1235
1234 1568
1233 1234
1233 1569
1232 1233
1232 1570
1231 1232
1231 1571
1230 1231
1230 1572
1229 1230
1229 1573
1228 1229
1228 1574
1227 1228
1227 1575
1226 1227
1226 1576
1225 1226
1225 1577
1224 1225
1224 1578
1223 1224
1223 1579
1222 1223
1222 1580
1221 1222
1221 1581
1220 1221
1220 1582
1219 1220
1219 1583
1218 1219
1218 1584
1217 1218
1217 1585
1216 1217
1216 1586
1215 1216
1215 1587
1214 1215
1214 1588
1213 1214
1213 1589
1212 1213
1212 1590
1211 1212
1211 1591
1210 1211
1210 1592
1209 1210
1209 1593
1208 1209
1208 1594
1207 1208
1207 1595
1206 1207
1206 1596
1205 1206
1205 1597
1204 1205
1204 1598
1203 1204
1203 1599
1202 1203
1202 1600
1201 1202
1201 1601
1200 1201
1200 1602
1199 1200
1199 1603
1198 1199
1198 1604
1197 1198
1197 1605
1196 1197
1196 1606
1195 1196
1195 1607
1194 1195
1194 1608
1193 1194
1193 1609
1192 1193
1192 1610
1191 1192
1191 1611
1190 1191
1190 1612
1189 1190
1189 1613
1188 1189
1188 1614
1187 1188
1187 1615
1186 1187
1186 1616
1185 1186
1185 1617
1184 1185
1184 1618
1183 1184
1183 1619
1182 1183
1182 1620
1181 1182
1181 1621
1180 1181
1180 1622
1179 1180
1179 1623
1178 1179
1178 1624
1177 1178
1177 1625
1176 1177
1176 1626
1175 1176
1175 1627
1174 1175
1174 1628
1173 1174
1173 1629
1172 1173
1172 1630
1171 1172
1171 1631
1170 1171
1170 1632
1169 1170
1169 1633
1168 1169
1168 1634
1167 1168
1167 1635
1166 1167
1166 1636
1165 1166
1165 1637
1164 1165
1164 1638
1163 1164
1163 1639
1162 1163
1162 1640
1161 1162
1161 1641
1160 1161
1160 1642
1159 1160
1159 1643
1158 1159
1158 1644
1157 1158
1157 1645
1156 1157
1156 1646
1155 1156
1155 1647
1154 1155
1154 1648
1153 1154
1153 1649
1152 1153
1152 1650
1151 1152
1151 1651
1150 1151
1150 1652
1149 1150
1149 1653
1148 1149
1148 1654
1147 1148
1147 1655
1146 1147
1146 1656
1145 1146
1145 1657
1144 1145
1144 1658
1143 1144
1143 1659
1142 1143
1142 1660
1141 1142
1141 1661
1140 1141
1140 1662
1139 1140
1139 1663
1138 1139
1138 1664
1137 1138
1137 1665
1136 1137
1136 1666
1135 1136
1135 1667
1134 1135
1134 1668
1133 1134
1133 1669
1132 1133
1132 1670
1131 1132
1131 1671
1130 1131
1130 1672
1129 1130
1129 1673
1128 1129
1128 1674
1127 1128
1127 1675
1126 1127
1126 1676
1125 1126
1125 1677
1124 1125
1124 1678
1123 1124
1123 1679
1122 1123
1122 1680
1121 1122
1121 1681
1120 1121
1120 1682
1119 1120
1119 1683
1118 1119
1118 1684
1117 1118
1117 1685
1116 1117
1116 1686
1115 1116
1115 1687
1114 1115
1114 1688
1113 1114
1113 1689
1112 1113
1112 1690
1111 1112
1111 1691
1110 1111
1110 1692
1109 1110
1109 1693
1108 1109
1108 1694
1107 1108
1107 1695
1106 1107
1106 1696
1105 1106
1105 1697
1104 1105
1104 1698
1103 1104
1103 1699
1102 1103
1102 1700
1101 1102
1101 1701
1100 1101
1100 1702
1099 1100
1099 1703
1098 1099
1098 1704
1097 1098
1097 1705
1096 1097
1096 1706
1095 1096
1095 1707
1094 1095
1094 1708
1093 1094
1093 1709
1092 1093
1092 1710
1091 1092
1091 1711
1090 1091
1090 1712
1089 1090
1089 1713
1088 1089
1088 1714
1087 1088
1087 1715
1086 1087
1086 1716
1085 1086
1085 1717
1084 1085
1084 1718
1083 1084
1083 1719
1082 1083
1082 1720
1081 1082
1081 1721
1080 1081
1080 1722
1079 1080
1079 1723
1078 1079
1078 1724
1077 1078
1077 1725
1076 1077
1076 1726
1075 1076
1075 1727
1074 1075
1074 1728
1073 1074
1073 1729
1072 1073
1072 1730
1071 1072
1071 1731
1070 1071
1070 1732
1069 1070
1069 1733
1068 1069
1068 1734
1067 1068
1067 1735
1066 1067
1066 1736
1065 1066
1065 1737
1064 1065
1064 1738
1063 1064
1063 1739
1062 1063
1062 1740
1061 1062
1061 1741
1060 1061
1060 1742
1059 1060
1059 1743
1058 1059
1058 1744
1057 1058
1057 1745
1056 1057
1056 1746
1055 1056
1055 1747
1054 1055
1054 1748
1053 1054
1053 1749
1052 1053
1052 1750
1051 1052
1051 1751
1050 1051
1050 1752
1049 1050
1049 1753
1048 1049
1048 1754
1047 1048
1047 1755
1046 1047
1046 1756
1045 1046
1045 1757
1044 1045
1044 1758
1043 1044
1043 1759
1042 1043
1042 1760
1041 1042
1041 1761
1040 1041
1040 1762
1039 1040
1039 1763
1038 1039
1038 1764
1037 1038
1037 1765
1036 1037
1036 1766
1035 1036
1035 1767
1034 1035
1034 1768
1033 1034
1033 1769
1032 1033
1032 1770
1031 1032
1031 1771
1030 1031
1030 1772
1029 1030
1029 1773
1028 1029
1028 1774
1027 1028
1027 1775
1026 1027
1026 1776
1025 1026
1025 1777
1024 1025
1024 1778
1023 1024
1023 1779
1022 1023
1022 1780
1021 1022
1021 1781
1020 1021
1020 1782
1019 1020
1019 1783
1018 1019
1018 1784
1017 1018
1017 1785
1016 1017
1016 1786
1015 1016
1015 1787
1014 1015
1014 1788
1013 1014
1013 1789
1012 1013
1012 1790
1011 1012
1011 1791
1010 1011
1010 1792
1009 1010
1009 1793
1008 1009
1008 1794
1007 1008
1007 1795
1006 1007
1006 1796
1005 1006
1005 1797
1004 1005
1004 1798
1003 1004
1003 1799
1002 1003
1002 1800
1001 1002
1001 1801
1000 1001
1000 1802
999 1000
999 1803
998 999
998 1804
997 998
997 1805
996 997
996 1806
995 996
995 1807
994 995
994 1808
993 994
993 1809
992 993
992 1810
991 992
991 1811
990 991
990 1812
989 990
989 1813
988 989
988 1814
987 988
987 1815
986 987
986 1816
985 986
985 1817
984 985
984 1818
983 984
983 1819
982 983
982 1820
981 982
981 1821
980 981
980 1822
979 980
979 1823
978 979
978 1824
977 978
977 1825
976 977
976 1826
975 976
975 1827
974 975
974 1828
973 974
973 1829
972 973
972 1830
971 972
971 1831
970 971
970 1832
969 970
969 1833
968 969
968 1834
967 968
967 1835
966 967
966 1836
965 966
965 1837
964 965
964 1838
963 964
963 1839
962 963
962 1840
961 962
961 1841
960 961
960 1842
959 960
959 1843
958 959
958 1844
957 958
957 1845
956 957
956 1846
955 956
955 1847
954 955
954 1848
953 954
953 1849
952 953
952 1850
951 952
951 1851
950 951
950 1852
949 950
949 1853
948 949
948 1854
947 948
947 1855
946 947
946 1856
945 946
945 1857
944 945
944 1858
943 944
943 1859
942 943
942 1860
941 942
941 1861
940 941
940 1862
939 940
939 1863
938 939
938 1864
937 938
937 1865
936 937
936 1866
935 936
935 1867
934 935
934 1868
933 934
933 1869
932 933
932 1870
931 932
931 1871
930 931
930 1872
929 930
929 1873
928 929
928 1874
927 928
927 1875
926 927
926 1876
925 926
925 1877
924 925
924 1878
923 924
923 1879
922 923
922 1880
921 922
921 1881
920 921
920 1882
919 920
919 1883
918 919
918 1884
917 918
917 1885
916 917
916 1886
915 916
915 1887
914 915
914 1888
913 914
913 1889
912 913
912 1890
911 912
911 1891
910 911
910 1892
909 910
909 1893
908 909
908 1894
907 908
907 1895
906 907
906 1896
905 906
905 1897
904 905
904 1898
903 904
903 1899
902 903
902 1900
901 902
901 1901
900 901
900 1902
899 900
899 1903
898 899
898 1904
897 898
897 1905
896 897
896 1906
895 896
895 1907
894 895
894 1908
893 894
893 1909
892 893
892 1910
891 892
891 1911
890 891
890 1912
889 890
889 1913
888 889
888 1914
887 888
887 1915
886 887
886 1916
885 886
885 1917
884 885
884 1918
883 884
883 1919
882 883
882 1920
881 882
881 1921
880 881
880 1922
879 880
879 1923
878 879
878 1924
877 878
877 1925
876 877
876 1926
875 876
875 1927
874 875
874 1928
873 874
873 1929
872 873
872 1930
871 872
871 1931
870 871
870 1932
869 870
869 1933
868 869
868 1934
867 868
867 1935
866 867
866 1936
865 866
865 1937
864 865
864 1938
863 864
863 1939
862 863
862 1940
861 862
861 1941
860 861
860 1942
859 860
859 1943
858 859
858 1944
857 858
857 1945
856 857
856 1946
855 856
855 1947
854 855
854 1948
853 854
853 1949
852 853
852 1950
851 852
851 1951
850 851
850 1952
849 850
849 1953
848 849
848 1954
847 848
847 1955
846 847
846 1956
845 846
845 1957
844 845
844 1958
843 844
843 1959
842 843
842 1960
841 842
841 1961
840 841
840 1962
839 840
839 1963
838 839
838 1964
837 838
837 1965
836 837
836 1966
835 836
835 1967
834 835
834 1968
833 834
833 1969
832 833
832 1970
831 832
831 1971
830 831
830 1972
829 830
829 1973
828 829
828 1974
827 828
827 1975
826 827
826 1976
825 826
825 1977
824 825
824 1978
823 824
823 1979
822 823
822 1980
821 822
821 1981
820 821
820 1982
819 820
819 1983
818 819
818 1984
817 818
817 1985
816 817
816 1986
815 816
815 1987
814 815
814 1988
813 814
813 1989
812 813
812 1990
811 812
811 1991
810 811
810 1992
809 810
809 1993
808 809
808 1994
807 808
807 1995
806 807
806 1996
805 806
805 1997
804 805
804 1998
803 804
803 1999
802 803
802 2000
801 802
801 2001
800 801
800 2002
799 800
799 2003
798 799
798 2004
797 798
797 2005
796 797
796 2006
795 796
795 2007
794 795
794 2008
793 794
793 2009
792 793
792 2010
791 792
791 2011
790 791
790 2012
789 790
789 2013
788 789
788 2014
787 788
787 2015
786 787
786 2016
785 786
785 2017
784 785
784 2018
783 784
783 2019
782 783
782 2020
781 782
781 2021
780 781
780 2022
779 780
779 2023
778 779
778 2024
777 778
777 2025
776 777
776 2026
775 776
775 2027
774 775
774 2028
773 774
773 2029
772 773
772 2030
771 772
771 2031
770 771
770 2032
769 770
769 2033
768 769
768 2034
767 768
767 2035
766 767
766 2036
765 766
765 2037
764 765
764 2038
763 764
763 2039
762 763
762 2040
761 762
761 2041
760 761
760 2042
759 760
759 2043
758 759
758 2044
757 758
757 2045
756 757
756 2046
755 756
755 2047
754 755
754 2048
753 754
753 2049
752 753
752 2050
751 752
751 2051
750 751
750 2052
749 750
749 2053
748 749
748 2054
747 748
747 2055
746 747
746 2056
745 746
745 2057
744 745
744 2058
743 744
743 2059
742 743
742 2060
741 742
741 2061
740 741
740 2062
739 740
739 2063
738 739
738 2064
737 738
737 2065
736 737
736 2066
735 736
735 2067
734 735
734 2068
733 734
733 2069
732 733
732 2070
731 732
731 2071
730 731
730 2072
729 730
729 2073
728 729
728 2074
727 728
727 2075
726 727
726 2076
725 726
725 2077
724 725
724 2078
723 724
723 2079
722 723
722 2080
721 722
721 2081
720 721
720 2082
719 720
719 2083
718 719
718 2084
717 718
717 2085
716 717
716 2086
715 716
715 2087
714 715
714 2088
713 714
713 2089
712 713
712 2090
711 712
711 2091
710 711
710 2092
709 710
709 2093
708 709
708 2094
707 708
707 2095
706 707
706 2096
705 706
705 2097
704 705
704 2098
703 704
703 2099
702 703
702 2100
701 702
701 2101
700 701
700 2102
699 700
699 2103
698 699
698 2104
697 698
697 2105
696 697
696 2106
695 696
695 2107
694 695
694 2108
693 694
693 2109
692 693
692 2110
691 692
691 2111
690 691
690 2112
689 690
689 2113
688 689
688 2114
687 688
687 2115
686 687
686 2116
685 686
685 2117
684 685
684 2118
683 684
683 2119
682 683
682 2120
681 682
681 2121
680 681
680 2122
679 680
679 2123
678 679
678 2124
677 678
677 2125
676 677
676 2126
675 676
675 2127
674 675
674 2128
673 674
673 2129
672 673
672 2130
671 672
671 2131
670 671
670 2132
669 670
669 2133
668 669
668 2134
667 668
667 2135
666 667
666 2136
665 666
665 2137
664 665
664 2138
663 664
663 2139
662 663
662 2140
661 662
661 2141
660 661
660 2142
659 660
659 2143
658 659
658 2144
657 658
657 2145
656 657
656 2146
655 656
655 2147
654 655
654 2148
653 654
653 2149
652 653
652 2150
651 652
651 2151
650 651
650 2152
649 650
649 2153
648 649
648 2154
647 648
647 2155
646 647
646 2156
645 646
645 2157
644 645
644 2158
643 644
643 2159
642 643
642 2160
641 642
641 2161
640 641
640 2162
639 640
639 2163
638 639
638 2164
637 638
637 2165
636 637
636 2166
635 636
635 2167
634 635
634 2168
633 634
633 2169
632 633
632 2170
631 632
631 2171
630 631
630 2172
629 630
629 2173
628 629
628 2174
627 628
627 2175
626 627
626 2176
625 626
625 2177
624 625
624 2178
623 624
623 2179
622 623
622 2180
621 622
621 2181
620 621
620 2182
619 620
619 2183
618 619
618 2184
617 618
617 2185
616 617
616 2186
615 616
615 2187
614 615
614 2188
613 614
613 2189
612 613
612 2190
611 612
611 2191
610 611
610 2192
609 610
609 2193
608 609
608 2194
607 608
607 2195
606 607
606 2196
605 606
605 2197
604 605
604 2198
603 604
603 2199
602 603
602 2200
601 602
601 2201
600 601
600 2202
599 600
599 2203
598 599
598 2204
597 598
597 2205
596 597
596 2206
595 596
595 2207
594 595
594 2208
593 594
593 2209
592 593
592 2210
591 592
591 2211
590 591
590 2212
589 590
589 2213
588 589
588 2214
587 588
587 2215
586 587
586 2216
585 586
585 2217
584 585
584 2218
583 584
583 2219
582 583
582 2220
581 582
581 2221
580 581
580 2222
579 580
579 2223
578 579
578 2224
577 578
577 2225
576 577
576 2226
575 576
575 2227
574 575
574 2228
573 574
573 2229
572 573
572 2230
571 572
571 2231
570 571
570 2232
569 570
569 2233
568 569
568 2234
567 568
567 2235
566 567
566 2236
565 566
565 2237
564 565
564 2238
563 564
563 2239
562 563
562 2240
561 562
561 2241
560 561
560 2242
559 560
559 2243
558 559
558 2244
557 558
557 2245
556 557
556 2246
555 556
555 2247
554 555
554 2248
553 554
553 2249
552 553
552 2250
551 552
551 2251
550 551
550 2252
549 550
549 2253
548 549
548 2254
547 548
547 2255
546 547
546 2256
545 546
545 2257
544 545
544 2258
543 544
543 2259
542 543
542 2260
541 542
541 2261
540 541
540 2262
539 540
539 2263
538 539
538 2264
537 538
537 2265
536 537
536 2266
535 536
535 2267
534 535
534 2268
533 534
533 2269
532 533
532 2270
531 532
531 2271
530 531
530 2272
529 530
529 2273
528 529
528 2274
527 528
527 2275
526 527
526 2276
525 526
525 2277
524 525
524 2278
523 524
523 2279
522 523
522 2280
521 522
521 2281
520 521
520 2282
519 520
519 2283
518 519
518 2284
517 518
517 2285
516 517
516 2286
515 516
515 2287
514 515
514 2288
513 514
513 2289
512 513
512 2290
511 512
511 2291
510 511
510 2292
509 510
509 2293
508 509
508 2294
507 508
507 2295
506 507
506 2296
505 506
505 2297
504 505
504 2298
503 504
503 2299
502 503
502 2300
501 502
501 2301
500 501
500 2302
499 500
499 2303
498 499
498 2304
497 498
497 2305
496 497
496 2306
495 496
495 2307
494 495
494 2308
493 494
493 2309
492 493
492 2310
491 492
491 2311
490 491
490 2312
489 490
489 2313
488 489
488 2314
487 488
487 2315
486 487
486 2316
485 486
485 2317
484 485
484 2318
483 484
483 2319
482 483
482 2320
481 482
481 2321
480 481
480 2322
479 480
479 2323
478 479
478 2324
477 478
477 2325
476 477
476 2326
475 476
475 2327
474 475
474 2328
473 474
473 2329
472 473
472 2330
471 472
471 2331
470 471
470 2332
469 470
469 2333
468 469
468 2334
467 468
467 2335
466 467
466 2336
465 466
465 2337
464 465
464 2338
463 464
463 2339
462 463
462 2340
461 462
461 2341
460 461
460 2342
459 460
459 2343
458 459
458 2344
457 458
457 2345
456 457
456 2346
455 456
455 2347
454 455
454 2348
453 454
453 2349
452 453
452 2350
451 452
451 2351
450 451
450 2352
449 450
449 2353
448 449
448 2354
447 448
447 2355
446 447
446 2356
445 446
445 2357
444 445
444 2358
443 444
443 2359
442 443
442 2360
441 442
441 2361
440 441
440 2362
439 440
439 2363
438 439
438 2364
437 438
437 2365
436 437
436 2366
435 436
435 2367
434 435
434 2368
433 434
433 2369
432 433
432 2370
431 432
431 2371
430 431
430 2372
429 430
429 2373
428 429
428 2374
427 428
427 2375
426 427
426 2376
425 426
425 2377
424 425
424 2378
423 424
423 2379
422 423
422 2380
421 422
421 2381
420 421
420 2382
419 420
419 2383
418 419
418 2384
417 418
417 2385
416 417
416 2386
415 416
415 2387
414 415
414 2388
413 414
413 2389
412 413
412 2390
411 412
411 2391
410 411
410 2392
409 410
409 2393
408 409
408 2394
407 408
407 2395
406 407
406 2396
405 406
405 2397
404 405
404 2398
403 404
403 2399
402 403
402 2400
401 402
401 2401
400 401
400 2402
399 400
399 2403
398 399
398 2404
397 398
397 2405
396 397
396 2406
395 396
395 2407
394 395
394 2408
393 394
393 2409
392 393
392 2410
391 392
391 2411
390 391
390 2412
389 390
389 2413
388 389
388 2414
387 388
387 2415
386 387
386 2416
385 386
385 2417
384 385
384 2418
383 384
383 2419
382 383
382 2420
381 382
381 2421
380 381
380 2422
379 380
379 2423
378 379
378 2424
377 378
377 2425
376 377
376 2426
375 376
375 2427
374 375
374 2428
373 374
373 2429
372 373
372 2430
371 372
371 2431
370 371
370 2432
369 370
369 2433
368 369
368 2434
367 368
367 2435
366 367
366 2436
365 366
365 2437
364 365
364 2438
363 364
363 2439
362 363
362 2440
361 362
361 2441
360 361
360 2442
359 360
359 2443
358 359
358 2444
357 358
357 2445
356 357
356 2446
355 356
355 2447
354 355
354 2448
353 354
353 2449
352 353
352 2450
351 352
351 2451
350 351
350 2452
349 350
349 2453
348 349
348 2454
347 348
347 2455
346 347
346 2456
345 346
345 2457
344 345
344 2458
343 344
343 2459
342 343
342 2460
341 342
341 2461
340 341
340 2462
339 340
339 2463
338 339
338 2464
337 338
337 2465
336 337
336 2466
335 336
335 2467
334 335
334 2468
333 334
333 2469
332 333
332 2470
331 332
331 2471
330 331
330 2472
329 330
329 2473
328 329
328 2474
327 328
327 2475
326 327
326 2476
325 326
325 2477
324 325
324 2478
323 324
323 2479
322 323
322 2480
321 322
321 2481
320 321
320 2482
319 320
319 2483
318 319
318 2484
317 318
317 2485
316 317
316 2486
315 316
315 2487
314 315
314 2488
313 314
313 2489
312 313
312 2490
311 312
311 2491
310 311
310 2492
309 310
309 2493
308 309
308 2494
307 308
307 2495
306 307
306 2496
305 306
305 2497
304 305
304 2498
303 304
303 2499
302 303
302 2500
301 302
301 2501
300 301
300 2502
299 300
299 2503
298 299
298 2504
297 298
297 2505
296 297
296 2506
295 296
295 2507
294 295
294 2508
293 294
293 2509
292 293
292 2510
291 292
291 2511
290 291
290 2512
289 290
289 2513
288 289
288 2514
287 288
287 2515
286 287
286 2516
285 286
285 2517
284 285
284 2518
283 284
283 2519
282 283
282 2520
281 282
281 2521
280 281
280 2522
279 280
279 2523
278 279
278 2524
277 278
277 2525
276 277
276 2526
275 276
275 2527
274 275
274 2528
273 274
273 2529
272 273
272 2530
271 272
271 2531
270 271
270 2532
269 270
269 2533
268 269
268 2534
267 268
267 2535
266 267
266 2536
265 266
265 2537
264 265
264 2538
263 264
263 2539
262 263
262 2540
261 262
261 2541
260 261
260 2542
259 260
259 2543
258 259
258 2544
257 258
257 2545
256 257
256 2546
255 256
255 2547
254 255
254 2548
253 254
253 2549
252 253
252 2550
251 252
251 2551
250 251
250 2552
249 250
249 2553
248 249
248 2554
247 248
247 2555
246 247
246 2556
245 246
245 2557
244 245
244 2558
243 244
243 2559
242 243
242 2560
241 242
241 2561
240 241
240 2562
239 240
239 2563
238 239
238 2564
237 238
237 2565
236 237
236 2566
235 236
235 2567
234 235
234 2568
233 234
233 2569
232 233
232 2570
231 232
231 2571
230 231
230 2572
229 230
229 2573
228 229
228 2574
227 228
227 2575
226 227
226 2576
225 226
225 2577
224 225
224 2578
223 224
223 2579
222 223
222 2580
221 222
221 2581
220 221
220 2582
219 220
219 2583
218 219
218 2584
217 218
217 2585
216 217
216 2586
215 216
215 2587
214 215
214 2588
213 214
213 2589
212 213
212 2590
211 212
211 2591
210 211
210 2592
209 210
209 2593
208 209
208 2594
207 208
207 2595
206 207
206 2596
205 206
205 2597
204 205
204 2598
203 204
203 2599
202 203
202 2600
201 202
201 2601
200 201
200 2602
199 200
199 2603
198 199
198 2604
197 198
197 2605
196 197
196 2606
195 196
195 2607
194 195
194 2608
193 194
193 2609
192 193
192 2610
191 192
191 2611
190 191
190 2612
189 190
189 2613
188 189
188 2614
187 188
187 2615
186 187
186 2616
185 186
185 2617
184 185
184 2618
183 184
183 2619
182 183
182 2620
181 182
181 2621
180 181
180 2622
179 180
179 2623
178 179
178 2624
177 178
177 2625
176 177
176 2626
175 176
175 2627
174 175
174 2628
173 174
173 2629
172 173
172 2630
171 172
171 2631
170 171
170 2632
169 170
169 2633
168 169
168 2634
167 168
167 2635
166 167
166 2636
165 166
165 2637
164 165
164 2638
163 164
163 2639
162 163
162 2640
161 162
161 2641
160 161
160 2642
159 160
159 2643
158 159
158 2644
157 158
157 2645
156 157
156 2646
155 156
155 2647
154 155
154 2648
153 154
153 2649
152 153
152 2650
151 152
151 2651
150 151
150 2652
149 150
149 2653
148 149
148 2654
147 148
147 2655
146 147
146 2656
145 146
145 2657
144 145
144 2658
143 144
143 2659
142 143
142 2660
141 142
141 2661
140 141
140 2662
139 140
139 2663
138 139
138 2664
137 138
137 2665
136 137
136 2666
135 136
135 2667
134 135
134 2668
133 134
133 2669
132 133
132 2670
131 132
131 2671
130 131
130 2672
129 130
129 2673
128 129
128 2674
127 128
127 2675
126 127
126 2676
125 126
125 2677
124 125
124 2678
123 124
123 2679
122 123
122 2680
121 122
121 2681
120 121
120 2682
119 120
119 2683
118 119
118 2684
117 118
117 2685
116 117
116 2686
115 116
115 2687
114 115
114 2688
113 114
113 2689
112 113
112 2690
111 112
111 2691
110 111
110 2692
109 110
109 2693
108 109
108 2694
107 108
107 2695
106 107
106 2696
105 106
105 2697
104 105
104 2698
103 104
103 2699
102 103
102 2700
101 102
101 2701
100 101
100 2702
99 100
99 2703
98 99
98 2704
97 98
97 2705
96 97
96 2706
95 96
95 2707
94 95
94 2708
93 94
93 2709
92 93
92 2710
91 92
91 2711
90 91
90 2712
89 90
89 2713
88 89
88 2714
87 88
87 2715
86 87
86 2716
85 86
85 2717
84 85
84 2718
83 84
83 2719
82 83
82 2720
81 82
81 2721
80 81
80 2722
79 80
79 2723
78 79
78 2724
77 78
77 2725
76 77
76 2726
75 76
75 2727
74 75
74 2728
73 74
73 2729
72 73
72 2730
71 72
71 2731
70 71
70 2732
69 70
69 2733
68 69
68 2734
67 68
67 2735
66 67
66 2736
65 66
65 2737
64 65
64 2738
63 64
63 2739
62 63
62 2740
61 62
61 2741
60 61
60 2742
59 60
59 2743
58 59
58 2744
57 58
57 2745
56 57
56 2746
55 56
55 2747
54 55
54 2748
53 54
53 2749
52 53
52 2750
51 52
51 2751
50 51
50 2752
49 50
49 2753
48 49
48 2754
47 48
47 2755
46 47
46 2756
45 46
45 2757
44 45
44 2758
43 44
43 2759
42 43
42 2760
41 42
41 2761
40 41
40 2762
39 40
39 2763
38 39
38 2764
37 38
37 2765
36 37
36 2766
35 36
35 2767
34 35
34 2768
33 34
33 2769
32 33
32 2770
31 32
31 2771
30 31
30 2772
29 30
29 2773
28 29
28 2774
27 28
27 2775
26 27
26 2776
25 26
25 2777
24 25
24 2778
23 24
23 2779
22 23
22 2780
21 22
21 2781
20 21
20 2782
19 20
19 2783
18 19
18 2784
17 18
17 2785
16 17
16 2786
15 16
15 2787
14 15
14 2788
13 14
13 2789
12 13
12 2790
11 12
11 2791
10 11
10 2792
9 10
9 2793
8 9
8 2794
7 8
7 2795
6 7
6 2796
5 6
5 2797
4 5
4 2798
3 4
3 2799
2 3
2 2800
1 2
1 2993
