1
1
1
1
1
1
1
1
2
2
2
2
1
1
1
1
1
1
1
1
1
1
1
1
2
1
1
1
1
1
1
1
2
1
1
2
2
1
1
1
1
1
1
1
1
1
1
1
3 1
4 1
3 1
2 2
3 3
3 1
6
6
6
6
6
6
6
6
6
6
6
6
6
6
6
6
6
6
6
5
5
5
5
5
6
6
6
6
6
6
6
6
6
6
6
5
5
6
6
6
6
6
6
6
6
6
6
6
6
6
6
6
6
7 4
6 4
5 2
5 1
7 6
5 1
5 2
2 5
4 1
6 6
5 6
3 5
5 1
6 6
5 6
7 6
11
11
11
11
11
11
11
11
11
11
11
11
11
11
11
11
11
11
11
11
11
11
11
11
11
11
11
11
11
11
11
11
11
11
11
11
11
11
11
11
11
11
11
11
11
11
11
11
11
11
11
11
11
11
11
11
11
11
11
11
11
11
11
11
11
11
11
11
11
11
11
11
11
11
11
11
11
11
11
11
11
11
11
11
11
11
11
11
11
11
11
11
11
11
11
11
11
11
11
11
11
11
11
11
11
11
11
11
11
11
11
11
11
11
11
11
11
11
11
11
11
11
11
11
11
11
11
11
11
11
11
11
11
11
11
11
11
11
11
11
11
11
11
11
11
11
11
11
11
11
11
11
11
11
11
11
11
11
11
11
11
11
11
11
11
11
11
11
11
11
11
11
15 12
7 3
13 10
11 2
3 2
11 7
3 5
8 13
6 3
6 4
12 12
8 8
2 11
5 1
15 13
14 10
1 8
9 7
4 11
11 1
13 9
5 14
1 8
1 13
9 10
2 9
12
12
12
12
12
12
12
12
12
12
12
12
12
12
12
12
12
12
12
12
12
12
12
12
12
12
12
12
12
12
12
12
12
12
12
12
12
12
12
12
12
12
12
12
12
12
12
12
12
12
12
12
12
12
12
15 1
11 1
10 15
16 4
17 1
10 5
16 12
14 3
4 1
14 9
10 2
17 14
5 3
3 3
14 16
6 7
18 7
13 2
19 15
5 4
18 11
17 15
7 11
5 16
13 4
9 3
11 1
15 6
13 1
14 4
8 16
7 13
13 14
16 10
14
14
14
14
14
14
14
14
14
14
14
14
14
14
14
14
14
14
14
14
14
14
14
14
14
14
14
14
14
14
14
14
14
14
14
14
14
14
14
14
14
14
14
14
14
14
14
14
14
14
14
14
14
14
14
14
14
14
14
14
14
14
14
14
14
14
14
14
14
14
14
14
14
14
14
14
14
14
14
14
14
14
14
14
14
14
14
14
14
14
14
14
14
14
14
14
14
14
14
14
14
14
14
14
14
14
14
14
14
14
14
14
14
14
14
14
14
14
14
14
14
14
14
14
14
14
14
14
14
14
14
14
14
14
14
14
14
14
14
14
14
14
14
14
14
14
14
14
14
14
14
14
14
14
14
14
14
14
14
14
14
14
14
14
14
14
14
14
14
14
14
14
14
14
14
14
14
14
14
14
14
14
14
14
14
14
14
14
14
14
14
14
14
14
14
14
14
14
14
14
14
14
14
14
14
14
14
14
14
14
14
14
14
14
14
14
14
14
14
14
14
14
14
14
14
14
14
14
14
14
14
14
14
14
14
14
14
14
14
14
14
14
14
14
14
14
14
14
14
14
14
14
14
14
14
14
14
14
14
14
14
14
14
14
14
14
14
14
14
14
14
14
14
14
14
14
14
14
14
14
14
14
14
14
14
14
14
14
14
14
14
14
14
14
14
14
14
14
14
14
14
14
14
14
14
14
14
14
14
14
14
14
14
14
19 13
2 19
1 20
11 6
8 2
3 20
14 15
15 4
17 4
19 1
21 17
5 17
4 8
19 21
2 7
20 21
15 2
4 8
2 7
21 17
21 3
9 21
1 20
16 10
16 4
20 3
18 21
14 15
15 4
7 21
6 7
18 3
1 1
7 3
20 11
8 16
1 20
5 17
2 17
1 19
7 6
4 19
8 3
8 3
26
26
26
26
26
26
26
26
26
26
26
26
26
26
26
26
26
26
26
26
26
26
26
26
26
26
26
26
26
26
26
26
26
26
26
26
26
26
26
26
26
26
26
26
26
26
26
26
26
26
26
26
26
26
26
26
26
26
26
26
26
26
26
14 25
12 11
15 11
7 1
19 7
19 26
26 1
13 9
1 27
26 14
26 8
12 5
10 12
26 13
7 22
18 23
24 29
13 17
8 1
9 9
9 14
19 30
2 5
16 11
8 15
4 16
8 1
24 17
16 17
26 6
22 2
4 7
21 9
24 4
18 1
2 18
24 6
13 25
15 1
15 13
16 3
19 17
25 21
12 12
17 7
25 21
18 12
4 12
17 3
12 15
25 21
7 4
12 10
34
34
34
34
34
34
34
34
34
34
34
34
34
34
34
34
34
34
34
34
34
34
34
34
34
34
34
34
34
34
34
34
34
34
34
34
34
34
34
34
34
34
34
34
34
34
34
34
34
34
34
34
34
34
34
34
34
34
34
34
34
34
34
34
34
34
34
34
34
34
34
34
34
34
34
34
34
34
34
34
34
34
34
34
34
34
34
34
34
34
34
34
34
34
34
34
34
34
34
34
34
34
34
34
34
34
34
34
34
34
34
34
34
34
34
34
34
34
34
34
34
34
34
34
34
34
34
34
34
34
34
34
34
34
34
34
34
34
34
34
34
34
34
34
34
34
34
34
34
34
34
34
34
34
34
34
34
34
34
34
34
34
34
34
34
34
34
34
34
34
34
34
34
34
34
34
34
34
34
34
34
34
34
34
34
34
34
34
34
34
34
34
34
34
34
34
34
34
34
34
34
34
34
34
34
34
34
34
34
34
34
34
34
34
34
34
34
34
34
34
34
34
34
34
34
34
34
34
34
34
34
34
34
34
34
34
34
34
34
34
34
34
34
34
34
34
34
34
34
34
34
34
34
34
34
34
34
34
34
34
34
34
34
34
34
34
34
34
34
34
34
34
34
34
34
34
34
34
34
34
34
34
34
34
34
34
34
34
34
34
34
34
34
34
34
34
34
34
34
34
34
34
34
34
34
34
34
34
34
34
34
34
34
34
34
34
34
34
34
34
34
34
34
34
34
34
34
34
34
34
34
34
34
34
34
34
34
34
34
34
34
34
34
34
34
34
34
34
34
34
34
34
34
34
34
34
34
34
34
34
34
34
34
34
34
34
34
34
34
34
34
34
34
34
34
34
34
34
34
34
34
34
34
34
34
34
34
34
34
34
34
34
34
34
34
34
34
34
34
34
34
34
34
34
34
34
34
18 6
7 8
5 17
3 15
23 25
29 22
24 22
32 27
16 5
14 25
19 5
30 28
11 33
16 11
17 3
10 17
14 8
29 26
9 15
19 29
30 22
32 29
10 12
7 11
26 32
23 32
8 1
5 9
3 6
6 2
1 27
3 32
24 33
29 10
16 16
7 9
17 26
8 8
3 1
13 4
18 4
15 32
12 10
13 14
11 11
29 27
29 21
23 17
9 10
14 10
12 12
1 19
32 33
24 28
15 28
9 1
17 31
16 12
3 16
32 27
23 26
7 5
23 22
12 27
22 33
23 30
5 9
8 15
6 19
14 23
33
33
33
33
33
33
33
33
33
33
33
33
33
33
33
33
33
33
33
33
33
33
33
33
33
33
33
33
33
33
33
33
33
33
33
33
33
33
33
33
33
33
33
33
33
33
33
33
33
33
33
33
33
33
33
33
33
33
33
33
33
33
33
33
33
33
33
33
33
33
33
33
33
33
33
33
33
33
33
33
33
33
33
33
33
33
33
33
33
33
33
33
33
33
33
33
33
33
33
33
33
33
33
33
33
33
33
33
33
33
33
33
33
33
33
33
33
33
33
33
33
33
33
33
33
33
33
33
33
33
33
33
33
33
33
33
33
33
33
33
33
33
33
33
33
33
33
33
33
33
33
33
33
33
33
33
33
33
33
33
33
33
33
33
33
33
33
33
33
33
33
33
33
33
33
33
33
33
33
33
33
33
33
33
33
33
33
33
33
33
33
33
33
33
33
33
33
33
33
33
33
33
33
33
33
33
33
33
33
33
33
33
33
33
33
33
33
33
33
33
33
33
33
33
33
33
33
33
33
33
33
33
33
33
4 9
32 16
30 18
1 20
35 6
15 31
6 2
29 3
4 10
23 19
12 21
12 28
27 8
3 13
6 21
27 26
23 15
14 32
30 26
29 26
18 2
24 21
8 31
5 33
34 22
1 23
22 34
5 23
13 21
9 18
6 29
26 1
1 17
7 20
29 25
36 21
21 5
10 30
16 21
12 21
29 36
18 1
7 22
31 25
7 5
11 24
4 9
25 34
8 32
19 27
33 35
15 24
19 5
10 2
30 18
14 32
32 13
8 1
7 33
13 28
6 34
35 16
23 27
31 33
24 32
26 28
6 26
9 17
8 16
3 36
14 5
29 23
12 1
38
38
38
38
38
38
38
38
38
38
38
38
38
38
38
38
38
38
38
38
38
38
38
38
38
38
38
38
38
38
38
38
38
38
38
38
38
38
38
38
38
38
38
38
38
38
38
38
38
38
38
38
38
38
38
38
38
38
38
38
38
38
38
38
38
38
38
38
38
38
38
38
38
38
38
38
38
38
38
38
38
38
38
38
38
38
38
38
38
38
38
38
38
38
38
38
38
38
38
38
38
38
38
38
38
38
38
38
38
38
38
38
38
38
38
38
38
38
38
38
38
38
38
38
38
38
38
38
38
38
38
38
38
38
38
38
38
38
38
38
38
38
38
38
38
38
38
38
38
38
38
38
38
38
38
38
38
38
38
38
38
38
38
38
38
38
38
38
38
38
38
38
38
38
38
38
38
38
38
38
38
38
38
38
38
38
38
38
38
38
38
38
38
38
4 18
11 44
13 18
6 7
28 43
19 2
12 7
9 39
3 29
14 42
5 23
2 3
9 25
36 44
25 16
6 13
24 42
22 4
21 38
22 7
1 30
26 19
26 38
10 32
4 44
35 10
25 39
4 18
32 10
1 14
6 7
2 31
14 38
10 13
29 39
38 1
7 27
6 16
3 35
30 34
23 1
42 1
39 8
33 16
4 18
3 12
42 8
3 10
21 20
3 40
35 8
3 38
8 18
4 42
24 1
42 19
4 41
27 39
8 9
32 42
21 36
6 33
25 3
6 22
6 7
23 43
19 40
4 5
2 28
15 38
29 26
1 33
14 13
18 2
22 7
31 30
3 9
28 30
3 22
40 30
21 39
17 27
5 7
41 44
23 30
3 39
5 12
9 38
6 16
44
44
44
44
44
44
44
44
44
44
44
44
44
44
44
44
44
44
44
44
44
44
44
44
44
44
44
44
44
44
44
44
44
44
44
44
44
44
44
44
44
44
44
44
44
44
44
44
44
44
44
44
44
44
44
44
44
44
44
44
44
44
44
44
44
44
44
44
44
44
44
44
44
44
44
44
44
44
44
44
44
44
44
44
44
44
44
44
44
44
44
44
44
44
44
44
44
44
44
44
44
44
44
44
44
44
44
44
44
44
44
44
44
44
44
44
44
44
44
44
44
44
44
44
44
44
44
44
44
44
44
44
44
44
44
44
44
44
44
44
44
44
44
44
44
44
44
44
44
44
44
44
44
44
44
44
44
44
44
44
44
44
44
44
44
44
44
44
44
44
44
44
44
44
44
44
44
44
44
44
44
44
44
44
44
44
44
44
44
44
44
44
44
44
44
44
44
44
44
44
44
44
44
44
44
44
44
44
44
44
44
44
44
44
44
44
44
44
44
44
44
44
44
44
44
44
44
44
44
44
44
44
44
44
44
44
44
44
44
44
44
44
44
44
44
44
44
44
44
44
44
44
44
44
44
44
44
44
44
44
44
44
44
44
44
44
44
44
44
44
44
44
44
44
44
44
44
44
44
44
44
44
44
44
44
44
44
44
44
44
44
44
44
44
44
44
44
44
44
44
44
44
44
44
44
44
44
44
44
44
44
44
44
44
44
44
44
44
44
44
44
44
44
44
44
44
44
44
44
44
44
44
44
44
44
44
44
44
44
44
44
44
44
44
44
44
44
44
44
44
44
44
44
44
44
44
44
44
44
44
44
44
44
44
44
44
44
44
44
44
44
44
44
44
44
44
44
44
44
44
44
44
44
44
44
44
44
44
44
44
44
44
44
44
44
44
44
44
44
44
44
44
44
44
44
44
44
44
44
44
44
44
44
44
44
44
44
44
44
44
44
44
44
44
44
44
44
44
44
44
44
44
44
44
44
44
44
44
44
44
44
44
44
44
44
44
44
44
44
44
44
44
44
44
44
44
44
44
44
44
44
44
44
44
44
44
44
44
44
44
44
44
44
44
44
44
44
44
44
44
44
44
44
44
44
44
44
44
44
44
44
44
44
44
44
44
44
44
44
44
44
44
44
44
44
44
44
44
44
44
44
44
44
44
44
44
44
44
44
44
44
44
44
44
44
44
44
44
44
44
44
44
44
44
44
44
44
44
44
44
44
44
44
44
44
44
44
44
44
44
44
44
44
44
44
44
44
44
44
44
44
44
44
44
44
44
44
44
44
44
44
44
44
44
44
44
44
44
44
44
44
44
44
44
44
44
44
44
44
44
44
44
44
44
44
44
44
44
25 27
44 22
16 19
16 38
30 24
32 48
28 9
15 23
31 31
27 2
43 23
32 29
11 18
43 26
12 12
4 37
37 43
8 10
33 2
34 20
25 36
7 8
13 11
35 46
27 39
33 21
23 38
14 23
24 3
36 23
3 48
15 37
34 38
26 38
36 49
44 24
39 2
24 17
37 15
45 5
11 30
13 48
14 30
46 5
15 29
4 46
5 3
38 32
18 3
24 47
7 14
39 20
8 7
45 5
16 48
40 34
46 40
23 14
45 11
38 22
35 7
10 34
27 15
34 21
37 31
3 30
38 39
45 23
15 2
43 9
15 23
23 21
25 38
6 18
31 17
6 35
45 36
18 28
28 35
3 2
6 20
45 28
13 14
15 2
19 5
34 12
17 18
45 46
4 18
3 49
9 14
25 17
46 14
21 25
51
51
51
51
51
51
51
51
51
51
51
51
51
51
51
51
51
51
51
51
51
51
51
51
51
51
51
51
51
51
51
51
51
51
51
51
51
51
51
51
51
51
51
51
51
51
51
51
51
51
51
51
51
51
51
51
51
51
51
51
51
51
51
51
51
51
51
51
51
51
51
51
51
51
51
51
51
51
51
51
51
51
51
51
51
51
51
51
51
51
51
51
51
51
51
51
51
51
51
51
51
51
51
51
51
51
51
51
51
51
51
51
51
51
51
51
51
51
51
51
51
51
51
51
51
51
51
51
51
51
51
51
51
51
51
51
51
51
51
51
51
51
51
51
51
51
51
51
51
51
51
51
51
51
51
51
51
51
51
51
51
51
51
51
51
51
51
51
51
51
51
51
51
51
51
51
51
51
51
51
51
51
51
51
51
51
51
51
51
51
51
51
51
51
47 1
53 31
16 51
47 23
50 11
24 17
18 3
25 29
38 49
18 41
55 47
51 44
25 17
28 10
31 20
43 11
51 28
12 29
51 28
30 3
52 5
8 46
55 24
22 14
3 34
44 9
3 51
54 22
22 31
53 54
48 17
32 10
29 50
34 7
26 8
13 53
39 5
35 10
19 18
30 1
42 22
19 40
41 23
53 16
54 27
29 40
50 4
13 40
13 21
13 11
43 35
53 5
4 29
38 1
1 54
35 49
4 51
34 12
46 12
35 11
7 10
1 41
6 52
14 47
43 6
20 14
17 53
39 49
18 54
10 49
21 45
12 54
18 16
48 18
43 10
18 23
37 21
3 51
53 3
19 40
14 38
2 48
42 39
42 7
18 34
9 46
11 51
23 9
18 47
1 54
24 6
36 3
6 2
54 45
5 9
52 2
1 8
13 40
33 9
48 50
55 1
16 53
14 25
13 35
24 7
19 48
14 23
7 5
24 3
55 22
54
54
54
54
54
54
54
54
54
54
54
54
54
54
54
54
54
54
54
54
54
54
54
54
54
54
54
54
54
54
54
54
54
54
54
54
54
54
54
54
54
54
54
54
54
54
54
54
54
54
54
54
54
54
54
54
54
54
54
54
54
54
54
54
54
54
54
54
54
54
54
54
54
54
54
54
54
54
54
54
54
54
54
54
54
54
54
54
54
54
54
54
54
54
54
54
54
54
54
54
54
54
54
54
54
54
54
54
54
54
54
54
54
54
54
54
54
54
54
54
54
54
54
54
54
54
54
54
54
54
54
54
54
54
54
54
54
54
54
54
54
54
54
54
54
54
54
54
54
54
54
54
54
54
54
54
54
54
54
54
54
54
54
54
54
54
54
54
54
54
54
54
54
54
54
54
54
54
54
54
54
54
54
54
54
54
54
54
54
54
54
54
54
54
54
54
54
54
54
54
54
54
54
54
54
54
54
54
54
54
54
54
54
54
54
54
54
54
54
54
54
54
54
54
54
54
54
54
54
54
54
54
54
54
54
54
54
54
54
54
54
54
54
54
54
54
54
54
54
54
54
54
54
54
54
54
54
54
54
54
54
54
54
54
54
54
54
54
54
54
54
54
54
54
54
54
54
54
54
54
54
54
54
54
54
54
54
54
54
54
54
54
54
54
54
54
54
54
54
54
54
54
54
54
54
54
54
54
54
54
54
54
54
54
54
54
54
54
54
54
54
54
54
54
54
54
54
54
54
54
54
54
54
54
54
54
54
54
54
54
54
54
54
54
54
54
54
54
54
54
54
54
54
54
54
54
54
54
54
54
54
54
54
54
54
54
54
54
54
54
54
54
54
54
54
54
54
54
54
54
54
54
54
54
54
54
54
54
54
54
54
54
54
54
54
54
54
54
54
23 58
31 29
5 38
4 50
28 56
47 17
44 38
13 18
50 15
15 31
12 41
27 54
24 31
55 2
15 19
58 31
8 19
27 17
33 29
28 4
16 31
21 37
46 54
18 23
14 55
29 44
19 1
1 5
52 27
1 32
20 35
2 9
35 4
4 21
47 7
1 53
59 6
30 52
15 29
21 11
46 54
48 13
11 45
8 26
33 23
52 16
14 33
47 33
9 3
5 27
12 23
38 42
3 54
17 32
37 48
47 34
10 53
34 44
54 16
13 48
23 26
10 34
2 9
26 28
37 56
58 51
17 58
46 50
36 13
56 14
15 22
33 37
1 5
55 24
3 46
9 17
41 43
15 52
35 33
8 59
31 59
51 38
32 53
50 57
23 33
50 32
35 53
54 17
2 24
6 46
42 56
7 57
20 57
11 28
15 34
50 29
54 7
2 46
44 15
46 25
23 32
42 32
53 35
14 31
60 4
45 14
33 53
25 44
40 33
47 34
57 8
11 49
25 50
21 27
60
60
60
60
60
60
60
60
60
60
60
60
60
60
60
60
60
60
60
60
60
60
60
60
60
60
60
60
60
60
60
60
60
60
60
60
60
60
60
60
60
60
60
60
60
60
60
60
60
60
60
60
60
60
60
60
60
60
60
60
60
60
60
60
60
60
60
60
60
60
60
60
60
60
60
60
60
60
60
60
60
60
60
60
60
60
60
60
60
60
60
60
60
60
60
60
60
60
60
60
60
60
60
60
60
60
60
60
60
60
60
60
60
60
60
60
60
60
60
60
60
60
60
60
60
60
60
60
60
60
60
60
60
60
60
60
60
60
60
60
60
60
60
60
60
60
60
60
60
60
60
60
60
60
60
60
60
60
60
60
60
60
60
60
60
60
60
60
60
60
60
60
60
60
60
60
60
60
60
60
60
60
60
60
60
60
60
60
60
60
60
60
60
60
60
60
60
60
60
60
60
60
60
60
60
60
60
60
60
60
60
60
60
60
60
60
60
60
60
60
60
60
60
60
60
60
60
60
60
60
60
60
60
60
60
60
60
60
60
60
60
60
60
60
60
60
60
60
60
60
60
60
60
60
60
60
60
60
60
60
60
60
60
60
60
60
60
60
60
60
60
60
60
60
60
60
60
60
60
60
60
60
60
60
60
60
60
60
60
60
60
60
60
60
60
60
60
60
60
60
60
60
60
60
60
60
60
60
60
60
60
60
60
60
60
60
60
60
60
60
60
60
60
60
60
60
60
60
60
60
60
60
60
60
60
60
60
60
60
60
60
60
60
60
60
60
60
60
60
60
60
60
60
60
60
60
60
60
60
60
60
60
60
60
60
60
60
60
60
60
60
60
60
60
60
60
60
60
60
60
60
60
60
60
60
60
60
60
60
60
60
60
60
60
60
60
60
60
60
60
60
60
60
60
60
60
60
60
60
60
60
60
60
60
60
60
60
60
60
60
60
60
60
60
60
60
60
60
60
60
60
60
60
60
60
60
60
60
60
60
60
60
60
60
60
60
60
60
60
60
60
60
60
60
60
60
60
60
60
60
60
60
60
60
60
60
60
60
60
60
60
60
60
60
60
60
60
60
60
60
60
60
60
60
60
60
60
60
60
60
60
60
60
60
60
60
60
60
60
60
60
60
60
60
60
60
60
60
60
60
60
60
60
60
60
60
60
60
60
60
60
60
60
60
60
60
60
60
60
60
60
60
60
60
60
60
60
60
60
60
60
60
60
60
60
60
60
60
60
60
60
60
60
60
60
60
60
60
60
60
60
60
60
60
60
60
60
60
60
60
60
60
60
60
60
60
60
60
60
60
60
60
60
60
60
60
60
60
60
60
60
60
60
60
60
60
60
60
60
60
60
60
60
60
60
60
60
60
60
60
60
60
60
60
60
60
60
60
60
60
60
60
60
60
60
60
60
60
60
60
60
60
60
60
60
60
60
60
60
60
60
60
60
60
60
60
60
60
60
60
60
60
60
60
60
60
60
60
60
60
60
60
60
60
60
60
60
60
60
60
60
60
60
60
60
60
60
60
60
60
60
60
60
60
60
60
60
60
60
60
60
60
60
60
60
60
60
60
60
60
60
60
60
60
60
60
60
60
60
60
60
60
60
60
60
60
60
60
60
60
60
60
60
60
60
60
60
60
60
60
60
60
60
60
60
60
60
60
60
60
60
60
60
60
60
60
60
60
60
60
60
60
60
60
60
60
60
60
60
60
60
60
60
60
60
60
60
60
60
60
60
60
60
60
60
60
60
60
60
60
60
60
60
60
60
60
60
60
60
60
60
60
60
60
60
60
60
60
60
60
60
60
60
60
60
60
60
60
23 34
37 20
15 12
8 35
63 32
7 20
5 12
8 53
38 30
18 30
53 28
63 42
9 38
19 28
52 30
23 50
2 31
63 45
8 10
59 43
10 30
15 22
58 49
22 11
55 31
22 33
54 32
63 34
17 34
58 6
22 33
28 59
16 47
44 60
51 33
8 31
24 24
15 35
44 39
29 52
34 10
53 10
63 48
13 52
13 26
6 21
43 13
43 27
37 9
16 28
9 37
14 12
21 31
55 7
56 30
17 10
35 22
21 15
29 45
56 40
58 24
2 7
6 30
18 11
23 25
47 44
52 17
44 62
21 28
51 24
19 42
29 27
8 22
62 61
8 2
17 5
1 16
20 27
12 37
14 39
21 31
9 38
13 55
18 10
61 30
35 57
48 15
49 36
47 22
48 32
45 43
25 3
56 38
43 11
9 60
33 46
9 19
2 53
37 29
63 47
15 24
6 19
43 58
43 7
46 60
57 59
48 20
22 46
34 56
39 1
54 62
2 18
31 33
8 3
40 34
29 42
51 24
56 27
57 42
58 62
8 9
61 26
17 50
23 16
37 23
21 52
36 58
63 49
42 40
58
58
58
58
58
58
58
58
58
58
58
58
58
58
58
58
58
58
58
58
58
58
58
58
58
58
58
58
58
58
58
58
58
58
58
58
58
58
58
58
58
58
58
58
58
58
58
58
58
58
58
58
58
58
58
58
58
58
58
58
58
58
58
58
58
58
58
58
58
58
58
58
58
58
58
58
58
58
58
58
58
58
58
58
58
58
58
58
58
58
58
58
58
58
58
58
58
58
58
58
58
58
58
58
58
58
58
58
58
58
58
58
58
58
58
58
58
58
58
58
58
58
58
58
58
58
58
58
58
58
58
58
58
58
58
58
58
58
58
58
58
58
58
58
58
58
58
58
58
58
58
58
58
58
58
58
58
58
58
58
58
58
58
58
58
58
58
58
58
58
58
58
58
58
58
58
58
58
58
58
58
58
58
58
58
58
58
58
58
58
58
58
58
58
58
58
58
58
40 1
23 14
58 39
65 59
39 6
23 9
16 5
15 7
65 60
33 40
3 4
3 4
64 64
57 38
66 50
36 2
23 20
57 60
58 17
17 2
47 11
53 40
38 2
49 2
39 6
26 19
5 2
51 50
51 33
43 12
18 20
59 63
48 52
44 5
66 58
14 8
63 63
41 5
44 1
64 31
8 2
56 60
8 1
5 3
56 58
47 27
64 54
64 56
39 5
11 11
31 2
57 63
43 1
61 5
36 24
24 1
35 1
65 66
15 6
65 45
47 44
48 40
37 54
3 1
5 2
7 4
27 4
39 51
66 44
49 8
45 8
12 36
65 59
46 27
22 3
61 63
23 18
19 16
60 23
54 62
38 2
40 7
30 4
62 47
4 6
36 3
43 63
12 3
55 25
53 61
41 5
44 1
40 4
43 29
25 12
6 3
55 36
38 2
51 54
47 41
1 7
26 3
44 32
48 65
43 1
54 46
57 43
33 24
11 2
53 51
56 63
39 5
2 6
57 65
10 5
61 29
60 64
61 30
64 62
43 1
47 23
28 3
55 46
2 1
29 42
45 49
18 3
18 20
10 6
45 61
4 4
19 2
54 54
63
63
63
63
63
63
63
63
63
63
63
63
63
63
63
63
63
63
63
63
63
63
63
63
63
63
63
63
63
63
63
63
63
63
63
63
63
63
63
63
63
63
63
63
63
63
63
63
63
63
63
63
63
63
63
63
63
63
63
63
63
63
63
63
63
63
63
63
63
63
63
63
63
63
63
63
63
63
63
63
63
63
63
63
63
63
63
63
63
63
63
63
63
63
63
63
63
63
63
63
63
63
63
63
63
63
63
63
63
63
63
63
63
63
63
63
63
63
63
63
63
63
63
63
63
63
63
63
63
63
63
63
63
63
63
63
63
63
63
63
63
63
63
63
63
63
63
63
63
63
63
63
63
63
63
63
63
63
63
63
63
63
63
63
63
63
63
63
63
63
63
63
63
63
63
63
63
63
63
63
63
63
63
63
63
63
63
63
63
63
63
63
63
63
63
63
63
63
63
63
63
63
63
63
63
63
63
63
63
63
63
63
63
63
63
63
63
63
63
63
63
63
63
63
63
63
63
63
63
63
63
63
63
63
63
63
63
63
63
63
63
63
63
63
63
63
63
63
63
63
63
63
63
63
63
63
63
63
63
63
63
63
63
63
63
63
63
63
63
63
63
63
63
63
63
63
63
63
63
63
63
63
63
63
63
63
63
63
63
63
63
63
63
63
63
63
63
63
63
63
63
63
63
63
63
63
63
63
63
63
63
63
63
63
63
63
63
63
63
63
63
63
63
63
63
63
63
63
63
63
63
63
63
63
63
63
63
63
63
63
63
63
63
63
63
63
63
63
63
63
63
63
63
63
63
63
63
63
63
63
63
63
63
63
63
63
63
63
63
63
63
63
63
63
63
63
63
63
63
63
63
63
63
63
63
63
63
63
63
63
63
63
63
63
63
63
63
63
63
63
63
63
63
63
63
63
63
63
63
63
63
63
63
63
63
63
63
63
63
63
63
63
63
63
63
63
63
63
63
63
63
63
63
63
63
63
63
63
63
63
63
63
63
63
63
63
63
63
63
63
63
63
63
63
63
63
63
63
63
63
63
63
63
63
63
63
63
63
63
63
63
63
63
63
63
63
63
63
63
63
63
63
63
63
63
63
63
63
63
63
63
63
63
63
63
63
63
63
63
63
63
63
63
63
63
63
63
63
63
63
63
63
63
63
63
63
63
63
63
63
63
63
63
63
63
63
63
63
63
63
63
63
63
63
63
63
63
63
63
63
63
63
63
63
63
63
63
63
63
63
63
63
63
63
63
63
63
63
63
63
63
63
63
63
63
63
63
63
63
63
63
63
63
63
63
63
63
63
63
63
63
63
63
63
63
63
63
63
63
63
63
63
63
63
63
63
63
63
63
63
63
63
63
63
63
63
63
63
63
29 20
51 63
29 3
67 64
27 16
61 1
2 12
65 33
12 25
11 7
24 61
20 8
28 59
35 9
13 4
3 12
58 47
7 3
44 55
39 49
23 66
48 66
26 16
34 43
56 57
20 24
21 2
7 61
27 32
11 24
14 25
8 64
21 14
7 31
62 57
68 43
25 3
67 41
51 5
24 3
72 40
47 58
71 40
22 27
46 54
6 10
71 39
52 45
23 26
61 3
18 32
16 30
15 7
54 62
35 63
27 63
66 50
25 59
3 10
24 12
7 61
49 13
28 19
35 18
27 1
5 36
1 39
62 40
62 43
63 43
5 36
67 1
65 37
38 16
23 61
72 32
4 19
56 64
24 1
42 50
3 70
18 47
10 69
32 42
8 17
7 66
27 60
5 27
61 71
21 33
26 10
2 12
40 2
23 17
33 30
25 33
13 30
1 19
9 71
25 3
59 35
44 48
18 62
72 28
19 1
12 11
1 8
16 59
59 68
9 3
8 2
70 41
25 3
18 32
14 16
70 50
7 2
72 2
32 71
28 12
16 9
19 1
2 14
16 28
14 4
72 62
55 70
26 12
51 66
23 30
13 41
23 28
67 57
37 36
21 5
1 16
19 28
25 2
67 16
17 26
23 28
77
77
77
77
77
77
77
77
77
77
77
77
77
77
77
77
77
77
77
77
77
77
77
77
77
77
77
77
77
77
77
77
77
77
77
77
77
77
77
77
77
77
77
77
77
77
77
77
77
77
77
77
77
77
77
77
77
77
77
77
77
77
77
77
77
77
77
77
77
77
77
77
77
77
77
77
77
77
77
77
77
77
77
77
77
77
77
77
77
77
77
77
77
77
77
77
77
77
77
77
77
77
77
77
77
77
77
77
77
77
77
77
77
77
77
77
77
77
77
77
77
77
77
77
77
77
77
77
77
77
77
77
77
77
77
77
77
77
77
77
77
77
77
77
77
77
77
77
77
77
77
77
77
77
77
77
77
77
77
77
77
77
77
77
77
77
77
77
77
77
77
77
77
77
77
77
77
77
77
77
77
77
77
77
77
77
77
77
77
77
77
77
77
77
77
77
77
77
77
77
77
77
77
77
77
77
77
77
77
77
77
77
77
77
77
77
77
77
77
77
77
77
77
77
77
77
77
77
77
77
77
77
77
77
77
77
77
77
77
77
77
77
77
77
77
77
77
77
77
77
77
77
77
77
77
77
77
77
77
77
77
77
77
77
77
77
77
77
77
77
77
77
77
77
77
77
77
77
77
2 7
68 13
50 78
48 1
2 3
58 4
56 47
70 30
74 15
14 4
22 3
61 78
72 74
45 78
10 78
4 77
20 73
69 20
17 8
7 1
47 1
61 2
34 1
29 2
37 5
62 27
44 5
69 23
50 34
63 77
33 7
68 35
28 2
3 77
31 1
21 1
65 56
70 2
59 19
55 71
10 1
12 75
46 77
30 1
46 77
17 5
75 55
36 43
46 77
72 71
31 78
24 2
48 1
67 76
34 3
55 76
12 2
49 3
73 24
38 2
71 2
46 50
71 18
74 32
72 4
31 1
55 48
59 47
72 14
74 1
43 4
71 46
73 25
1 3
6 5
45 78
72 29
64 37
31 1
13 2
63 21
71 24
7 75
45 8
3 40
72 4
69 21
5 1
75 3
60 74
27 2
10 78
61 71
25 6
33 4
25 2
64 3
39 78
67 55
74 25
73 77
51 78
20 6
45 1
68 71
32 5
16 3
59 62
12 7
12 2
58 76
7 77
26 6
57 62
38 2
68 9
73 14
63 20
76 10
42 4
19 77
61 7
21 77
73 77
65 75
65 78
55 54
46 77
57 78
46 77
65 45
71 38
50 40
70 1
4 77
62 31
40 2
46 9
13 2
72 75
63 74
38 1
34 1
39 8
32 5
31 5
5 1
49 73
76 29
3 77
68 72
68 77
46 77
47 76
45 3
28 2
52 42
69 49
20 75
69 70
83
83
83
83
83
83
83
83
83
83
83
83
83
83
83
83
83
83
83
83
83
83
83
83
83
83
83
83
83
83
83
83
83
83
83
83
83
83
83
83
83
83
83
83
83
83
83
83
83
83
83
83
83
83
83
83
83
83
83
83
83
83
83
83
83
83
83
83
83
83
83
83
83
83
83
83
83
83
83
83
83
83
83
83
83
83
83
83
83
83
83
83
83
83
83
83
83
83
83
83
83
83
83
83
83
83
83
83
83
83
83
83
83
83
83
83
83
83
83
83
83
83
83
83
83
83
83
83
83
83
83
83
83
83
83
83
83
83
83
83
83
83
83
83
83
83
83
83
83
83
83
83
83
83
83
83
83
83
83
83
83
83
83
83
83
83
83
83
83
83
83
83
83
83
83
83
83
83
83
83
83
83
83
83
83
83
83
83
83
83
83
83
83
83
83
83
83
83
83
83
83
83
83
83
83
83
83
83
83
83
83
83
83
83
83
83
83
83
83
83
83
83
83
83
83
83
83
83
83
83
83
83
83
83
83
83
83
83
83
83
83
83
83
83
83
83
83
83
83
83
83
83
83
83
83
83
83
83
83
83
83
83
83
83
83
83
83
83
83
83
83
83
83
83
83
83
83
83
83
83
83
83
83
83
83
83
83
83
83
83
83
83
83
83
83
83
83
83
83
83
83
83
83
83
83
83
83
83
83
83
83
83
83
83
83
83
83
83
83
83
83
83
83
83
83
83
83
83
83
83
83
83
83
83
83
83
83
83
83
83
83
83
83
83
83
83
83
83
83
83
83
83
83
83
83
83
83
83
83
83
83
83
83
83
83
83
83
83
83
83
83
83
83
83
83
83
83
83
83
83
83
83
83
83
83
83
83
83
83
81 53
57 84
46 48
80 45
34 37
66 85
69 35
2 75
28 60
55 82
3 38
81 26
58 1
32 83
2 49
1 85
79 10
78 37
72 15
75 4
6 44
76 25
18 48
59 85
2 57
78 54
4 61
34 44
9 82
40 67
42 57
21 53
79 85
80 49
19 53
58 73
41 53
41 45
19 80
66 64
77 66
71 23
80 29
29 40
66 57
75 28
77 72
71 21
36 80
3 84
75 23
8 55
78 5
79 13
4 80
56 50
48 2
16 83
62 52
76 45
10 44
81 13
57 50
38 67
79 39
62 1
73 42
10 50
43 41
70 39
73 10
80 19
29 51
44 32
74 59
76 9
1 73
37 10
60 3
78 79
15 84
80 20
18 56
80 57
3 15
71 53
43 8
4 46
15 48
72 62
6 77
35 80
62 42
49 83
68 72
37 44
73 11
1 52
77 36
74 37
67 28
39 3
6 47
47 41
42 69
12 53
78 72
47 52
2 49
81 45
4 50
80 80
66 85
80 70
68 47
63 42
60 76
78 22
58 85
79 1
75 6
73 59
17 81
51 75
19 80
39 52
81 40
65 43
11 4
38 36
65 37
19 81
37 63
30 47
17 84
74 16
53 60
29 4
17 85
79 10
47 76
21 74
66 85
44 45
80 12
75 49
81 11
81 12
55 2
6 61
29 55
19 63
18 39
81 5
64 2
6 78
11 51
30 84
75 69
1 76
79 37
69 66
72 2
74 9
21 48
5 83
66 3
65 83
58 65
45 1
82
82
82
82
82
82
82
82
82
82
82
82
82
82
82
82
82
82
82
82
82
82
82
82
82
82
82
82
82
82
82
82
82
82
82
82
82
82
82
82
82
82
82
82
82
82
82
82
82
82
82
82
82
82
82
82
82
82
82
82
82
82
82
82
82
82
82
82
82
82
82
82
82
82
82
82
82
82
82
82
82
82
82
82
82
82
82
82
82
82
82
82
82
82
82
82
82
82
82
82
82
82
82
82
82
82
82
82
82
82
82
82
82
82
82
82
82
82
82
82
82
82
82
82
82
82
82
82
82
82
82
82
82
82
82
82
82
82
82
82
82
82
82
82
82
82
82
82
82
82
82
82
82
82
82
82
82
82
82
82
82
82
82
82
82
82
82
82
82
82
82
82
82
82
82
82
82
82
82
82
82
82
82
82
82
82
82
82
82
82
82
82
82
82
82
82
82
82
82
82
82
82
82
82
82
82
82
82
82
82
82
82
82
82
82
82
82
82
82
82
82
82
82
82
82
82
82
82
82
82
82
82
82
82
82
82
82
82
82
82
82
82
82
82
82
82
82
82
82
82
82
82
82
82
82
82
82
82
82
82
82
82
82
82
82
82
82
82
82
82
82
82
82
82
82
82
82
82
82
82
82
82
82
82
82
82
82
82
82
82
82
82
82
82
82
82
82
82
82
82
82
82
82
82
82
82
82
82
82
82
82
82
82
82
82
82
82
82
82
82
82
82
82
82
82
82
82
82
82
82
82
82
82
82
82
82
82
82
82
82
82
82
82
82
82
82
82
82
82
82
82
82
82
82
82
82
82
82
82
82
82
82
82
82
82
82
82
82
82
82
82
82
82
82
82
82
82
82
82
82
82
82
82
82
82
82
82
72 75
50 44
70 70
86 49
77 86
56 52
37 73
39 85
70 82
15 11
14 15
76 12
82 75
20 52
60 61
57 37
84 81
65 57
77 86
39 87
84 83
57 52
61 74
32 86
16 8
14 3
30 15
7 58
61 66
16 30
9 16
81 78
51 28
43 87
2 52
22 57
7 40
13 22
85 83
60 78
82 45
53 20
65 62
76 64
3 85
20 7
61 69
18 54
79 73
53 42
79 22
63 21
35 59
34 72
83 83
52 18
26 35
14 50
54 70
6 35
79 84
73 1
86 48
40 34
39 62
40 82
54 32
52 8
57 38
16 11
17 46
4 51
1 62
60 8
42 33
61 77
47 86
15 49
18 77
21 34
5 47
15 56
85 38
68 86
14 12
82 81
29 38
78 87
79 42
48 1
12 26
34 45
57 60
22 42
19 32
46 7
81 72
22 79
78 48
50 44
64 5
4 40
9 54
36 82
30 25
50 50
83 73
45 64
57 14
83 48
80 87
78 61
46 73
2 66
54 16
82 66
7 26
25 81
56 52
23 4
50 59
48 68
63 61
77 61
59 54
14 24
71 60
47 1
38 45
14 41
80 16
86 27
50 38
16 11
10 59
8 5
77 3
74 40
38 36
62 85
65 84
42 36
38 31
37 45
44 5
50 4
36 38
7 2
70 13
80 33
12 14
22 59
56 53
74 23
40 38
1 34
13 54
82 52
47 39
47 67
56 86
24 34
9 39
21 38
2 1
3 84
74 71
13 27
86 45
26 10
19 26
6 43
59 77
72 81
90
90
90
90
90
90
90
90
90
90
90
90
90
90
90
90
90
90
90
90
90
90
90
90
90
90
90
90
90
90
90
90
90
90
90
90
90
90
90
90
90
90
90
90
90
90
90
90
90
90
90
90
90
90
90
90
90
90
90
90
90
90
90
90
90
90
90
90
90
90
90
90
90
90
90
90
90
90
90
90
90
90
90
90
90
90
90
90
90
90
90
90
90
90
90
90
90
90
90
90
90
90
90
90
90
90
90
90
90
90
90
90
90
90
90
90
90
90
90
90
90
90
90
90
90
90
90
90
90
90
90
90
90
90
90
90
90
90
90
90
90
90
90
90
90
90
90
90
90
90
90
90
90
90
90
90
90
90
90
90
90
90
90
90
90
90
90
90
90
90
90
90
90
90
90
90
90
90
90
90
90
90
90
90
90
90
90
90
90
90
90
90
90
90
90
90
90
90
90
90
90
90
90
90
90
90
90
90
90
90
90
90
90
90
90
90
90
90
90
90
90
90
90
90
90
90
90
90
90
90
90
90
90
90
90
90
90
90
90
90
90
90
90
90
90
90
90
90
90
90
90
90
90
90
90
90
90
90
90
90
90
90
90
90
90
90
90
90
90
90
90
90
90
90
90
90
90
90
90
90
90
90
90
90
90
90
90
90
90
90
90
90
90
90
90
90
90
90
90
90
90
90
90
90
90
90
90
90
90
90
90
90
90
90
90
90
90
90
90
90
90
90
90
90
90
90
90
90
90
90
90
90
90
90
90
90
90
90
90
90
90
90
90
90
90
90
90
90
90
90
90
90
90
90
90
90
34 10
79 14
32 52
7 26
66 72
88 37
8 28
88 13
25 60
13 23
7 89
92 70
79 91
30 77
70 8
53 6
27 29
75 21
54 32
75 39
44 91
42 30
56 41
46 65
11 17
74 16
31 36
77 30
80 63
45 79
17 85
47 91
7 69
46 71
86 1
5 76
47 18
18 91
25 41
58 59
86 64
46 71
85 50
8 52
69 71
40 48
47 55
85 65
83 41
93 9
71 37
24 64
68 23
15 89
52 5
45 83
75 43
49 56
10 50
59 41
49 56
90 4
19 37
9 78
36 28
55 78
57 20
71 14
29 47
25 67
72 68
48 65
80 9
14 61
90 15
12 17
24 26
38 61
29 89
40 53
27 44
47 80
66 15
84 29
63 13
73 59
21 4
28 85
34 12
22 22
67 8
87 75
2 15
42 84
81 38
14 55
5 7
47 32
52 90
54 81
37 86
15 63
24 39
22 2
53 79
30 52
79 25
27 26
92 61
73 54
30 4
14 89
89 17
52 27
15 6
40 6
53 84
26 48
47 48
73 45
45 35
32 41
8 88
51 75
46 67
13 83
74 86
14 28
15 26
8 69
64 76
9 30
30 12
12 17
32 81
21 33
82 10
25 78
70 3
3 76
34 45
14 84
88 44
75 6
79 73
69 9
65 68
92 42
27 7
69 11
25 63
7 21
64 11
29 3
46 64
40 13
24 63
12 82
37 91
3 43
86 61
93 3
8 46
8 86
15 67
47 2
50 85
87 15
18 58
69 36
10 80
79 46
72 61
59 13
87 46
45 18
64 67
23 51
8 86
11 56
23 88
25 89
23 13
70 16
16 58
92
92
92
92
92
92
92
92
92
92
92
92
92
92
92
92
92
92
92
92
92
92
92
92
92
92
92
92
92
92
92
92
92
92
92
92
92
92
92
92
92
92
92
92
92
92
92
92
92
92
92
92
92
92
92
92
92
92
92
92
92
92
92
92
92
92
92
92
92
92
92
92
92
92
92
92
92
92
92
92
92
92
92
92
92
92
92
92
92
92
92
92
92
92
92
92
92
92
92
92
92
92
92
92
92
92
92
92
92
92
92
92
92
92
92
92
92
92
92
92
92
92
92
92
92
92
92
92
92
92
92
92
92
92
92
92
92
92
92
92
92
92
92
92
92
92
92
92
92
92
92
92
92
92
92
92
92
92
92
92
92
92
92
92
92
92
92
92
92
92
92
92
92
92
92
92
92
92
92
92
92
92
92
92
92
92
92
92
92
92
92
92
92
92
92
92
92
92
92
92
92
92
92
92
92
92
92
92
92
92
92
92
92
92
92
92
92
92
92
92
92
92
92
92
92
92
92
92
92
92
92
92
92
92
92
92
92
92
92
92
92
92
92
92
92
92
92
92
92
92
92
92
92
92
92
92
92
92
92
92
92
92
92
92
92
92
92
92
92
92
92
92
92
92
92
92
92
92
92
92
92
92
92
92
92
92
92
92
92
92
92
92
92
92
92
92
92
92
92
92
92
92
92
92
92
92
92
92
92
92
92
92
92
92
92
92
92
92
92
92
92
92
92
92
92
92
92
92
92
92
92
92
92
92
92
92
92
92
92
92
92
92
92
92
92
92
92
92
92
92
92
92
92
92
92
92
92
92
92
92
92
92
92
92
92
92
92
92
92
92
92
92
92
92
92
92
92
92
92
92
92
92
92
92
92
92
92
92
92
92
92
92
92
92
92
92
92
92
92
92
92
92
92
92
92
92
92
92
92
92
92
92
92
92
92
92
92
92
92
92
92
92
92
92
92
92
92
92
92
92
92
92
92
92
92
92
92
92
92
92
92
92
92
92
92
92
92
92
92
92
92
92
92
92
92
92
92
92
92
92
92
92
92
92
92
92
92
92
92
92
92
92
92
92
92
92
92
92
92
92
92
92
92
92
92
92
92
92
92
92
92
92
92
92
92
92
92
92
92
92
92
92
92
92
92
92
92
92
92
92
92
92
92
92
92
92
92
92
92
92
92
92
92
92
92
92
92
92
92
92
92
92
92
92
92
92
92
92
92
92
92
92
92
92
92
92
92
92
92
92
92
92
92
92
92
92
92
92
92
92
92
92
92
92
92
92
92
92
92
92
92
92
92
92
92
92
92
92
92
92
92
92
92
92
92
92
92
92
92
92
92
92
92
92
92
92
92
92
92
92
92
92
92
92
92
92
92
92
92
92
92
92
92
92
92
92
92
92
92
92
92
92
92
92
92
92
92
92
92
92
92
92
92
92
92
92
92
92
92
92
92
92
92
92
92
92
92
92
92
92
92
92
92
92
92
92
92
92
92
92
92
92
92
92
92
92
92
92
92
92
92
92
92
92
92
92
92
92
92
92
92
92
92
92
92
92
92
92
92
92
92
92
92
92
92
92
92
92
92
92
92
92
92
92
92
92
92
92
92
92
92
92
92
92
92
92
92
92
92
92
92
92
92
92
92
92
92
92
92
92
92
92
92
92
92
92
92
92
92
92
92
92
92
92
92
92
92
92
92
92
92
92
92
92
92
92
92
92
92
92
92
92
92
92
92
92
92
92
92
92
92
92
92
92
92
92
92
92
92
92
92
92
92
92
92
92
92
92
92
92
92
92
92
92
92
92
92
92
92
92
92
92
92
92
92
92
92
92
92
92
92
92
92
92
92
92
92
92
92
92
92
92
92
92
92
92
92
92
92
92
92
92
92
92
92
92
92
92
92
92
92
92
92
92
92
92
92
92
92
92
92
92
92
92
92
92
92
92
92
92
87 80
48 67
79 98
45 63
52 84
88 55
56 88
17 51
97 50
60 43
61 95
27 10
92 60
5 89
10 41
48 26
32 63
87 1
96 90
91 23
79 60
49 56
59 94
18 25
74 1
73 30
92 25
96 98
94 13
94 95
35 34
91 97
44 2
72 75
42 25
64 13
56 88
73 26
83 19
24 21
91 24
36 81
36 33
52 98
75 54
47 7
79 15
52 66
9 11
12 33
26 48
75 44
5 87
11 66
98 61
7 8
81 13
14 7
15 57
11 27
50 3
44 91
35 82
42 97
65 9
73 1
3 57
23 58
28 74
62 82
8 86
87 41
90 20
76 77
31 12
53 96
31 42
37 9
63 10
87 70
3 18
53 89
38 61
55 82
19 47
65 53
14 36
91 45
46 85
87 26
84 88
92 12
7 66
60 55
55 95
8 61
92 90
31 41
16 20
4 54
12 22
52 4
6 39
50 78
97 87
82 2
91 65
68 17
30 95
5 28
74 12
26 28
3 3
62 14
29 95
89 61
88 71
7 47
69 17
69 60
7 2
70 97
61 34
4 93
1 94
23 65
31 83
58 25
87 17
34 41
32 51
7 19
28 41
31 16
25 27
24 97
43 86
43 56
61 23
77 35
96 95
77 30
1 59
80 96
25 81
68 98
28 10
51 43
74 85
88 92
94 45
98 41
46 13
72 13
1 28
29 94
42 45
37 9
13 91
73 81
23 27
56 19
4 5
36 38
10 48
22 30
30 25
46 21
22 5
2 37
93 2
74 14
95 30
17 6
9 21
53 49
75 69
97 25
56 45
41 8
34 41
6 20
70 25
91 84
87 1
94 27
17 40
71 11
48 23
85 91
40 8
60 15
83 66
15 27
