12913554562470405537029992570950633479454864933644457790106851328647002149054733531595962300970954311944112027571157038060908559789889230070506175206613999
11414482550251532422756472682696566742866110298851708999277436697666231772171302722289548941180926780559924361710469031945453107803603263457222867391243001
11646131774944744513772638696552948008287930755048561694958724285801737699358571610206354597791346929299706114368961214399276786462269852092877870168493093
10300436501843601682455710343734669593494838388906945791863440649080857037184476024107816429657747033620347062077036423278548023649627680712974253698986717
12636866160870099909462888234360880935363686018146533958471383348761946372584118011845001930884845902967621387137220528070987844952252947664794767942795043
9552861592927820183249914577318257694255292813762013196577683323436884607470917961577163445107902047323593679788985294493531227677612817414971783086797481
11278922246736310668064407642880598250190582776745422749865911323241461512821881559841317492362872456119717508874320969435326882284676682349475311286487407
10851922042545560554854377158035054681310977733918096922734274730230260132967892654187585669366076466624875077968463201999970274077312806087000049751893543
13216618107300745947925025585605027494132300776132138233917849583760899054403782229679166954358909135513437391064219141521050552942501547722808487053911429
12186007273979241149974688618838148147442048120435888386980963992743729187421525046481285260842647566769691137226289496678702764729626831683395352378246987
12099527126712158562944761852643012539265069863409943674092054220355102722952334999445971625954610411371757840902278087482134231445712762952917068744044513
8942819925516124306106292926057664842841961115767159634790602990599553806177504377629644781162779001883175726047089589685382579250145398578579158790332333
11202964252290201413267484553599558369199488156978938019191338696847907899382494173046692876334135186171009209749881958510160929514089192367440680748161549
10290687585567282587418925086805515858674440598892408721328994169260531581491400090005378013900957746781294302258420671707887264983491336930013784403763949
11230099933908676808690538830744598775287818297679992036156294846366122940961862334414670602128308021491528484229758520068322858088018184402391212754703099
8175531001839161265688481752633324988343153990477425772999122663648389702124466573449500711785312370453152205726090571375375961059813176952597596334137841
12926503292140073361541952356805644604108689589625455947049366850602818380839398559840856390929444313424795952551893813537210648238991766205057130487815939
7749243682043021733864834540166976186856371082302309899708595749280394893680024898837603800224497959307469072734463115431666143519206969410168352092480899
11975008430386537485914127550679354952734669653045969133453198267030369253423826392828198856163382215048404503743551336637335425158457979185869699516473973
10883375779411881099708144744071021502424513762961933398891910299113363303042136335010797361742375667384846455756860570847294366104034563592300237745166361
11233987989533798546856208795985005426421274617617193844310598497974211137304524525333516100106667724272515465102466831691837484466759821139501991084354223
6861067958677886312325968758609236243999372482697564496923509880321062288009862190080168244217367566676369887813101607406562595652064841055215020815270197
12203239825007267241972938477453971828760319005647515492236240284158302759744186689424710639541102882820409357447076162299360160578020508641047064894367897
10862336220761805600009723242976397681865684851527496283001584272728275336443223603274655760182267061978870384165338575396648510230090708650797982348397927
13071380844412603043794727467921330861689605775255995570784160295127453255969646514041249540003357301803052001804121944124932212754071450593493534871849773
11897285012633857802731131934138443037977630268470550743223515752529133836604285382212023808532778514815213665793570107558669199189071665027260320221691387
12093607489780712361213101469093235835151106674683130589080777130257055618172474125394817344892931139523220591824077715207594130825963177125948794371466183
10516128380982910732862645245954595373410871326647207803268293403136372862196587999778181029574482029295353747783282798579763653007120795832113285353977009
12651098851112248445326559214181623981242058273741009917163331276013455742687951273406446400468889544857453700141880122976448293961874484558057066595350173
7515730440103040363263061517064484131395445222281708438157491927758171433299307107964843133917834769170789754335144779233751217411328689882181678658163541
13282725506600840924360295883481394488835317147557382349409882736894782719979818071061163168765972713207858129475195245985686875889415693398684799988422319
12556380683337442802168481486893573638275416677046332736345001635391544755989488997028932303759016357976581473340804357134883909862885783373095547043395753
12564372338938548188880695516658049358665361905357159414240126250599616103418404260872275575469533786218044747410279364212533438625835077987534822151380903
11795317444500306937296443701637670745746525063104042626600976573633031471379047119083862849534349538550078382348191081532534475137066828256989692139486629
11666321126168685890480500444363420526807125123893262282238192708512974979380923628063058473413452071524252631185247579050698251610416247952101433067649529
8820103167080391481150553351492846816813073889700052938654865850403213484891522630754850947365697031740134118737582981378629475662789462105305666341400903
11313246194097499144991575904945685355564108756067972744546711727663522598455664866712245603961026139103538643065303992867131070315948420751597866487750827
11182170702219302637010695707028127884062629226210024528005481967120697520800948666503866436853018097096994137751486548418599225152892243969019930960637439
12846885331832770817700737459235377183155313333316638858452777925914132025172349189099905274811600632687193750100785512845734414486132304647960636660270153
8390521707872464407459317315958666901209006331937860391365430992990446670534459229069797525605634200761024961967820847103184779249315642908878234622080893
11929988497844976924866414224709464393604929659511526742287449788807866982904126117805554905740853109299010939178879181392094244232762127056772470377356437
9481403232176281815444232201084807294501922027385433604596384275006218250310399221795429857568535125132822191963506638940947039123594770293609729809171643
11395933372953669254529149908469014225266263542459872749835824069356225086030639884265466271686910840265222451095427832229984514189549790459572004220189163
11278922246736310668064407642880598250190582776745422749865911323241461512821881559841317492362872456119717508874320969435326882284676682349475311286487407
12455277270127675199525633412151316408560782075458271003315317220996746129516336889233110187313785465191347114113635854117170868795171196024561538233850747
10614434620795316458708060580693867342374138545524440352429461911811033469368859798450325802189364295451115465503090180122572708520887760141828905554670729
11825688188256897291094621479892385196617491319976116909731217571517177880239459032515712814914372639034917171722673569985902448457787926602300589690067489
11692768377701365645735045911721966655476324075361343632946621169492759139804051938202302400085008669864125092184183636014859969193927263888485167668938229
12038490539373052630670101353673262612090735957413646204074272804886548280031057482330179899030334440628041729960976437078437638971860233080350818206012273
8595177531089888026001480523530045437682889175707655344131914285645891948342170620617896061890099855648993200677058520283317880602572620870906149865446043
10773110159209297909907681325775031019623750596267772351008647336117443219259340404171767343329360332674956873345429596513026774716950550564678195565009947
8311736054999675236243561098956435378845983586899031511150818720996010562284447021043582780723390141772855917180380984306032601816672436489828644417374697
10068412101861591083343339449240733710103657955115901131353510922297805903192797745399097138863755449432499184832059517791770869913888073494701859730138623
7008747327127921234759316944298244178149262009741451437397715212658804811863080266957282940622026320995709630983506159829975653410151167435637317644241723
12531415359390415458020804767939849150392885359661712666812430675005213868463999815871835567946027482486834672574330055730759339025642321786311042272072213
10773110159209297909907681325775031019623750596267772351008647336117443219259340404171767343329360332674956873345429596513026774716950550564678195565009947
12739575350358417029924568144712091813665313144875432648210181525018682631432596558547428422097922491066026942570442476916276000427863734761605662122333643
12638864747795253675205704993479423769617489495998759935495205490353196969237999250361009743098341050004119380874960064588517648640402956850989089997939597
11729099694282460974911730204571682010475692502057003432680385621575423184580149222550168809160574157193596271752643496864658304138999817584056406250845813
9731355910121990206428393422338204300858991914737517406115970146378960225409663907569511888600682231503832213330070658212607194533810551728429243578010739
10300228696086728243867664753516094868938659066489140140737059109141727327041862887077247421793248122440559887109526047100873686485608257795589180548854849
8849882556526882531099507029114630596406824843473061374343619029334894954766786754899682779768100253275983652008574525469546903951384295591630250512385981
10707664211097304756759569153582997148238875712939426905215894292421710493278807593168206801482210842472016844652342460318525063148481488589892414285079889
10268415341199985820272892601965765988346350109952355393785355679530560578972276543598930493517278492096128941681288444801585952365153200625374237865801709
