1038297455
586705245
1426896919
783450963
4248593
1080030535
1956241571
1523189922
366223889
3724342573
1967094135
1137444390
2259615215
2392917074
2045315794
347515806
758680721
13088796
261997981
734220179
1157252344
1565213487
494914590
866680075
238685163
1787938261
1615947556
940485670
1028769024
838143059
857739388
1858269054
1600909909
1772953150
1297117006
307547247
1693348583
1538992275
1396023590
2100627244
126814702
1961603817
737092239
377305307
697436322
401266923
852768690
1466027302
19172990
664788982
1517944911
1650324872
786182932
1213486716
2166422935
1154408397
2085417824
1141438033
470517986
951846637
1715512995
12237375
435085854
1562898131
1013633274
1359306759
995901683
1785641666
675512617
757524118
2007739188
743874019
2041797592
1360012450
1773586285
175426392
1331632930
1638958851
1066118697
2544123857
1202195608
1596425640
69313630
3604159954
2170477402
172740898
209990211
993168155
1409447931
409347373
2544663249
312435860
2057841160
128265353
2077475742
3345589935
999316204
326251300
2069614454
2183253486
