100
1351201472 1233280959 177533 593869 1455930811
911812511 475318285 938059 625187 2465291161
2759037124 1362338356 986569 736361 3800658577
611736699 612248451 231893 884831 1307617921
169348510 59305538 559883 541537 2077910519
133952439 1515179372 479041 817951 2173312261
435760678 920828568 550993 956003 3800658577
253062009 743314787 468439 343381 1705112207
498537422 1212600298 210499 187507 1715514001
1814041800 2960585769 363061 407233 3821642287
631077281 1640510181 209371 23227 1996889339
2258535776 2277476693 594401 731327 3572572441
1294501434 1141631320 652997 65957 2525743147
470347330 1542351907 330133 97859 2561856643
1122678127 1655386339 520423 33149 2435586731
2006802962 2160964964 442601 603101 2275826117
1768850921 613579223 210557 93497 2361701473
1253618613 375271205 725161 186299 1523447957
1027476091 244857248 215353 538561 2127944113
661875489 662449488 73039 314329 1470563953
2231330837 491039999 278111 674731 2727241729
1867266222 1185393593 150707 384719 2113330757
2113405767 2365054567 379997 488827 2411819621
471746879 1729127672 522191 494617 2021002129
325758849 599781780 423281 779561 1577138663
509282194 1918705840 616321 666203 2539687957
273180510 982240903 861937 573253 1664414821
142508579 1307336216 368647 151579 2239547287
248480334 884776125 364303 165479 2539687957
2389132042 666852420 168247 138451 2619141479
1775294110 344226048 8821 816703 2131218767
2495523921 2601722867 776327 265117 2619141479
1051659593 990628759 359243 132403 1776129967
1149379167 2002701222 400997 460969 2951889313
17032531 1125836050 10243 365423 1628203201
229289544 1952872622 650917 5527 2821609597
616142170 719015034 256813 571069 2057233853
220564314 731267137 262643 667859 1860026369
1062823851 1812334020 691151 978643 2057233853
564916704 2113509778 289859 334493 2758262191
1138380552 594509691 428539 342679 2561856643
1716022063 1066235528 363941 362371 2231887969
1858831394 2583866470 964499 571841 2851251541
1064878318 1668356646 919859 55259 1841517803
3353801068 2999992088 961141 195131 3358474579
356257555 1186011282 45869 899749 1773400913
2147862747 2644455696 208001 755869 3156924907
1421888712 299580920 317651 247141 1888435903
965493169 691557239 688957 97927 1911350449
1006020669 887655713 937243 60139 2275826117
2396905001 348984930 434647 665179 3320703901
893547700 472742998 569729 823981 1664414821
2432960442 3814102688 992357 471593 3821642287
1480015994 1366496605 336901 294001 1755754331
1627466476 698324335 892169 616171 2789635489
123774873 1304369354 365839 167393 1346015201
2596468217 55331805 164023 894407 2686995859
1979667258 1659913340 602729 807403 2077910519
198776926 1834443030 813091 628913 1888435903
541671295 1349619831 992591 826711 1705112207
247350512 98071340 536687 528097 2107250273
461349077 1613084387 663071 947621 2255177039
1185584937 360485734 471403 137993 1914291791
18182460 206981206 511193 216911 2124378083
952831980 475508085 68687 992723 1575860219
490836038 2134930402 390367 970999 2404415231
1094712943 1234018257 69401 28541 1744718207
1791719476 271329687 556399 64151 2004714337
1355043726 1025597457 169777 793981 1459132511
559051900 1144306269 760447 967061 1528055377
1094344329 2036722036 727351 904999 2404415231
44667081 306944309 778049 946801 1647852727
3269167132 1438470211 311027 419189 3340541419
2468350499 2726835890 730033 225919 2821609597
2319304757 1773764498 31081 493931 2835596011
1138659520 865203351 914359 88969 2173312261
2235116800 929203648 347141 509693 2789635489
1586336421 1858062915 112397 59417 2619141479
920616356 782234373 838813 436217 1901922823
294351981 637880515 744649 59399 3121420933
1025538708 1006913480 513917 503123 1764563153
10394693 853980318 297371 733273 1664414821
794015821 2960785318 191861 483863 3138654523
1471918732 4015315470 389999 28837 4043306569
512278197 540977561 568237 364921 2686995859
1541310140 1440289959 402379 120041 2127944113
161559518 553735023 656951 701177 2686995859
91466908 590561275 754027 48751 1470563953
206854790 1898934592 784481 999049 2104012447
1606581191 1433805258 722723 175649 2951889313
2899542104 2707847061 649361 909241 3340541419
3269221657 3105944191 610439 102181 3553813843
983014546 1723671579 406873 457739 2113330757
1767682202 1957987848 846037 204871 2131218767
1456804315 1221195752 832121 910307 2251711921
688370996 1057714284 775157 515153 3572572441
2849631333 460247382 304223 868997 2851251541
82833611 399953370 636563 258827 1773400913
1767728383 1280815672 214129 15737 2260120823
652290927 1831839768 907793 769619 2255177039
