4
2 4 4 2
0 0 0 0
0 0 0 1
1 2 1 1 0 2 1 10 1 2dsaigao 1 0 20
2 1 1 1 0 0 1 10 1 faceking
2 1 1 1 0 3 1 10 1 rabiribi 1
1 3 1 1 0 1 1 10 1 toolihai
1 5 4 4
0 0 0 0 0
1 1 2 2 0 3 1 1 100 onepunch 1 2
1 2 1 1 1 0 1 1 100 toolihai
1 3 1 1 1 0 1 1 100 toolihai
1 4 2 1 1 0 1 1 100 toolihai
1 4 1 4
0 0 0 0
1 1 1 1 0 3 3 2 2 backward 2
10 10 10 20
0 0 0 1 0 1 0 0 0 1
0 0 0 0 0 0 0 0 0 1
0 1 0 0 1 0 0 1 0 0
0 0 0 0 0 1 0 0 0 0
0 0 0 0 0 1 0 0 0 1
0 1 0 0 0 0 0 0 0 0
1 0 0 0 1 0 1 0 1 1
0 0 0 0 0 0 0 0 0 1
0 0 1 0 1 1 0 1 0 1
1 0 0 0 0 0 0 0 0 0
10 9 8 0 0 1 6 7 2 viuganda
5 3 10 0 1 1 6 3 7 toolihai
2 7 6 3 0 3 7 3 1 faceking
5 7 10 9 1 3 9 8 8 rabiribi 10
6 10 1 1 0 1 11 7 7 backward 9
2 3 8 5 0 3 2 9 4 onepunch 6 1
1 7 8 2 0 3 11 2 5 hupraise
9 9 4 3 1 3 12 4 9 gugugugu
2 1 10 6 1 2 6 6 2 2dsaigao 9 9 9
10 10 10 5 1 1 12 4 8 firework 4
