50 60 20
000000000000000000000000010000000000000000000010000000000000
000000000000000000000000000000000000000000000000010000000000
000000000000000000000000000000000000000000010000000000001000
000000000000000000000000000000000100000000000000010000000000
000000000100000000000000000000000000000000000000000000000000
000000000000000100000000000000000000000000000000000000100000
000000000000000000000000000000000000000000000000000000000000
000000000000000000000000000000000010000000000000000000000000
000000000100000000000000000000000000000000100000000000000000
000010000000000000000000000000000000010000000000000000000000
000000000001000000000000000000000000000000000000000000000000
000000000000000000000000000000000000000000000000000000000000
000000000000000000001000000000001000000000000000000000010000
000000000100010000000000000000000000000001000000000000000000
000000000000000000000000000000000000000000000000000000000000
000000000000001000001101000000000000000000000000000000000000
000000000010000000000000000000010000000000000000000000000001
000000010000000000000000000000000000000000000000000000000000
000000000000000000000000000000000000000000000000000000000000
000000000000000000000000000000001000000000000000001000000000
000000000000000000000100000000000000000010000000000000000000
000000000000000000000010000000000000000000010000000000000000
000000001000100000000001000000000000000000000000000000000000
000000000000000000000000000000000000000000000000000000000000
000110000000000000000000000100000000000000000000001000000000
000000000000000000000000000000000000000000000000001000000000
000000000000000000000000000000000000000000100000000000000000
000000000001000000000000000000000100000000000000000000000000
000000000100000000000000000000000000000000000000000000000000
000000000000000000000000000000000000000000000000000000000000
000000000000000000000000000000000000000000100000000000000000
000000000000000000000000000000000011010000000000000000000000
000000000000000000000000000000100000000000000000000000000000
000100000000000000000000000000000000000000000000000000000000
000000000000100000000000000000000000000000000000000000000000
000000000000000010100000000000000100000000000000000000000001
000000000000010000000000000000000000000000000000000000100000
000000000000000000000000000000000000000000000000000000000000
000000000000000000000001001000000000000000000000000000000000
000000000000000000000000000000000000000000000000000000000000
000010000000000000000000000000001001001000000000000000100000
000000000000000000000000000000000010000000000000000000000000
000000100000000000000000000000000000000000000000000000000000
000000000000000000000000000000000000000000000000000000000000
000000000000000000000000000000000000000000000000000000000000
001000000100000000000000000000000000000010000000000000100000
000000000000000100000000000000000010000000000000000000000000
000000000000000001000000000000000000000000000000000000000000
000000000000010000000000010000000000100000000000000000000100
000000000000000000000000000000000000000001000000000000000000
wawswadswwddaawdwdww
