60 50 500
00000000000000000000001000000000000000000100000000
00000000000000000000000010000000001000000000000000
00000000000000000000000000000000000000000000100000
00000000000000000000000000001000000000000010000000
00000000010000000000000000000000000000000000000000
00000000000000000000000000000000000000000000000000
00000000000000000000000000000000000001000000000000
00000000000000000000000000100010000000001000000000
00000000000000000000000100000000000000000000000000
00000000000000000000000000000000000000000000000000
00000000000000000000000000000000000000000000000000
00000000000100000000000000000000000000000000000000
00000000000001000000000000000000000100000000000000
00000000000000000000000000000000000000000000000001
00000000000100000000000000000000000000000000000000
00000000000001000000000000000000000000000000000000
00000000000010000000100000000000000010000001000000
00000000000000000000000000001000000000000000000000
01000000000000011000001000000000000000000100000000
00000000001000000010010000000000000000000000000000
00000000000000000000000000000010000000000000000000
00000000000000000000000000000000000000000000000000
00000000000000000000000000000000000000010001000000
00000000000000000000000000000000000000000000000000
00000000000000000000000000000000000000000000000000
00000000000000000000000000000000000000001000000000
00000000000000000000000000000000000000000000000000
00000000000000000010000000000001000000100000000000
00010000010010000000000000000000000000000000000000
00000000000000000000000000000000000000000000000000
00000001000100000000000000000000000000000000000000
00100000100000000000000000000000000000000000000000
00000000000000000000000000000000000000000000000000
00000000000000000000000000000000000000001000000000
00000000000000000000000000000000000000000000000000
00000000000000000000000000000000000000100000000000
00001000000000000000000000000000000000000001000000
00000000000000000000000000000000000000000000000000
00000000000000000000000000000000000000000000000000
00000000000000000000000000000000000000000000000000
00000000000000000000000000000000000001000000000000
00001000000010000000000000000000000000000000000000
00000000000000010000000000000000001000000000000000
00000000000000100000000000100000000010000000000000
00000000000000000000000000000001000000000000000000
00000000000000000000000000000000000000000001000000
00000000000000000000000000000000000000000000000000
00000000000000000000000000000000000000010000000000
00000000000000100000010000000000000000000000000000
00000000000000000000000000010000000000000000000000
00000000000000000000000010000000000000000000000000
00000000000000000000000000000000000000000000000000
00000000000000000000100000000000000000000000000000
00000100000000000000000000000010000000000000000000
00010000000010000000000000000000000000000000000000
00000000000000000000000010000000000000000000000000
00000000100000000000000000000000000000000000000100
00000000000000000000000000000000000000000001000000
00000000000000000000000000000000000000000000000000
00000000000000000000000000000000000000000000000000
wswswwwasadwswwdasaddwdsssawsdaswdswsdasddsdwwawswwwsdaaswaadwwddsdswsadwddwdssssssawdwsdawdwsaswdasssawwawsdsdwassaaaswawdasawasadddsdwwdsdwwwasswdawaawwwawadasaadaadsdaawasadaadwasdasdwaswwaaaswwwawdwwssasdwwdasasasswassswdawwdawaawddawaawwswswdwwwsswswssddssaswsdswssasdaddwadsasadaawdsdwassddwwdsssawdsdwddsawdsaassdwsaaassaswdasdwdawasswsdawadswsdssaawsdawsawdwswsassswswddwaaawwwwsdasdwadwwdsawawwwwddwdsassdsawwwadwasdasadwawdawswddwasaswwswddwdaadswddswsddsdsasddwwwaaawdsddssswaswaawdsdwswaa
