300 300 500
100000000000000001000000000000000010000000010000000000000000010010010100000000000000000000000100010000000100000000010001000000000001000100000000000000000000000000000000001000000100001000000000000000000000000000010000000000000000000000000000000000001000000000000010001000000000100100000001000000001000
000010110000010000001000000000000000000000100100000100000010001000000000000100000000000000000000000000000000000000000000000000000000100000001000000000000001010100000000001000000000000000000000000000000000000000100000000000010100000000001000000000010001000001010010000000000000000010000100000000001000
000000001000000000000000000000000000000000010001010000000000100100000000000000000000000000000000000100001000001000000000010001010100000011000000100000000000000000001000000000000000000000000000100100000000000000001000000010010000000000100000000000000000000000001000000000100011000000000000000000000000
000000000000010000010000100000000000000000000000000000000100001000000000000010000010100100000010000001010000000000100100000000001010000100000000010001000000010000100000000000000000000000000001000000001000010000000000000000100010000000011000000000000000000000000000000001010000000000001000000000000000
000000000100000001000010000010000010000001000000000000000000000000000000000000000001000000100000100000000000001000010000010000000000000000000100000000000001000010000000010010000001000000110000000100000000000001000010010000010011001000000000000000000000000000000000001000000000000000000000000000000001
000100000100000000000000100000000000000000000100001000000000000000001001100000000000001000000000000001100000010000000000010000000000000000000000000000000001000000000000000000000001000001100010000000100001000101000000000010000100000000000000000010010100100000000000000000000000000010000000000000100000
000010001101000000000000000000001001001000000000000000000000000100000000000000000000010000100000001010000001000100000001000011000010000000000000000000001001000000100000000000000000000000000000100000000010000000000000000010010000100000000000010000000000100010000000010000000000000000000000010000000010
000000000000000000000000000010010100000100000000010100010000000000000000000000000000000101000000001100100000001000000010000001010100001000000000010000000000000000000000001000000000010000000000000000000000000000001000000000000000000100010000000000000000000000000000000000000000000001000000000000000000
000000000010100000000100001000000100000000000001000000000000001000000000000000000001000000000000000000000000000000001000001000000000000010000000000100001010000000000010100000000000100000100000000110010000010001000000100100100001100000000000000000000000000011000110000000000000000000000000000001000010
000100000100100000100000000000000000000100000000000000000010000001010000000000000000010000001010101000000000000000000000000100100000000000100010000001000000000010000010000000000000100000000000000100000000100001000000010010000000100000000000000000000000011000000100100000010000001000100001100000000000
000001000010000000000000000000000001000000000001010000000000000000001000000000000001010000000000000001000001000000010000010000000000000000100000000000000001000000000000000010000000000010000000010000010000001010001011000000000100000000000000100001000001100000010000100000000000010000000000100000000000
000000000001000000000000000000000010000001000000010011000011000000100000000000010010000000000101000001000000000100000000101000010000000010000000000000000000000000100100000001000000000000000000000100001000000000000001000000000000000000000010000000000000100010000000000100100010000000001101010000001000
001000001000000000000000000000000001000000000000000000000001110000000000010000000000001000011000000000001000000000000000100000010000000000100000000001000000000000000010000000000100000000000000000000100000000000000000011000000000000001000000000100000000000000000001000000000000000101000000100000001000
000000100000000000000000000000000100000000000100000000000000000000000000000000000000000100000000000000001010000100000000000000000000000000100000000000000100010000000000000000010000010100000010000000000010000000000000000001000000000000000000000000000000000000000000000001100000000000001000000000000000
000000000000000100000000000000010000000000000000000000100000000000000000000000000000000000000000000000100000000000001000000010000000000000011000000000000000001000000000000000010001010101000000010000001000000000000100001000000000100100000100000000010100000000000001000000001010001000000000000001000100
000000000000000010000000001000010000000000011000100000010000000000000000000000000001110000000000000000000010000100000000000010000001000000000000000000000000000000000001000000000000000100000010010010010000000000100000000100100001001100100000000001001001101000000000000000000001000000000000000000001000
000000000000011100000000110000101000000000000010000000000100000000000100000000000001000000000000010000000100000001000000100000001000100000000001000000000000010000000000000000000000000001000010000000100000000000000000000000000000000000000000000000000000000000000000000100000001100001000000000000000100
000000000000000000000000100000100000000010110000100000000000000000000010010000000000010010000000100000000000000000000000100000000000001000000000010000001000000000000000100000000000000000000000000000000011000000000100000010000100000000000001010010000000010000000100000000000000000000100000000000000000
000000000000000000000000000000000000000001010100001001000100000010000000000000000000001000000000010100000000000000000000001000010001001000000000001100000000000010010000000000000000001010000000000000000000000100000001000010000010000000010000000000000010000001000000000000001000010000000000000000000000
000000000000000000000000000000000000000000000000000000000000000000000000000000000100000000010010000001100100100000000000001001001010000000000010000010010000000000000000010000000000000000011001000100000000000000000000100000000010000000000000000000000010100010100000100000100000000000000010000010010000
001100000000010000000100000000000000000000000000000000000100000110010000000000000000000101000000000000000000001000000000000000000000000000000000000000100000000010001000000000000000000000000000100101001000010000000000000001000001000100000000000000000000001000000000000010000101011000000000010001000000
010000000000011000000000000000000000100001000000000000000000000000000001000000000110010001000000100000010010000000000010000000100000000000010000000000100100000000000100000000000000000000100000001000000011000000000000000001000010000000000100000100000000000000000000000000000100111000000000100010000000
100010000000000100000000000100100000000010001001011000100000000000000000000000000001000000101000100000000000000101100000000100000000000000000000000000100000000100000000000010000000000010000000000100000000100000001001000000000000010000100100000000000000100000000000000000000000000000001000010000000000
000000000000000001010100000110010000000000010100000001100000010000000000000000000000000000000000000000010000000100010000010010100100000000000000101000000100000000001001000000010000000010001100000100001001001000000000000000000000010000000000000010000100001001100000000000001000000000000010011000000000
000000000000000000100100000000001101000000000010000000000000000100000000010100000000001000000000000110000000000100000000000001000000000000000000010001000000000000000000000001010000000000001000000000000000000000000000010000000001000000000010000001000000000000001100000000000000000000000000000000000100
000000000010000001000100000010000100000000000000000000000000001000000000000000110000000000000000100000001000000000000000100000000000100000000110000100010000000101000000000000000000100000000000001011000000100001000000000000000000100001000000000100000010000000000001001000000000000000000000100000001010
000100000000000100000001000100101000000000000000000000010000000000100000000000100000000101000000100000000000010000000000001000000000010000000010100000100000000000000010000100000000000000010000000000000000000000000010010000000001000000000000000000000000000000000000100000010000000000000010000000000000
100000000000000000010000000010010000000010000000000001000000000000000000000000000100000000000000000000000000000000010100000000100010000010000000010100001000010000000100100000000000000000010000000000000000010001101001001000010000000000000000000000000000000000000000000000001001000000000000100000000010
100000000000000000000000000100000000000000000000100000000001000000000000000000000000000000010000000000000000010000000000100001000000100000000000000000000000000000000001000000000000010000000000000001001000000000010000010000000000000000001110000100000000000000000001000100000000000000001001000000000000
000001000010000000000000000000000000010000000110000000000000000000100000000000101010000010001000000000000000000100000000000100000000000001000000100000000000000001000000000000000000100000010000000000000010000000000000000000001000000000000001000100010110000000000000000100000000000000100100000000000000
000000000000000000000000000000000000000100000101000101000000000100000000000000000000000000000000000000000000000000000000001001000000000000000100000000000000000010000000000000000110000100000000000000000000000100000000000000000000000000001000100000010000000000100000000001110001000110000010010010001001
100000000000000000000000100000100000000000000001010000000000000010000001000100000000000000000010000000000000001101000000000000001001000000001001000000000000000000000000000000000000000100000010000000000010000000001000000000000000000000000000000000000000000001000000000000000000000000000000100000010000
000000000000000001000000110000000000000000100000000000000100100000000000000000000000000000000000001000000000000000000001000000010000000000000000000000000010000000000000000001000000000010110000000000000010000000101001000000000000000000000001000010000000000000000100000100010000000000001000000001000000
000000000000100100000000110001000100001000000000001010010000000000011000000000001001000000000000000000000010000000001010000000000000000000001000000100010000000000000001011000000100000000000000000000100000000000001000000010000000000010001100000000000110000000000000000001000000010000000000000000000000
000000000000000110000010000000001010000000000001000000000000000000001001000000010000000000010010000000000010000000010000000000000001000000000000000000000000000000001000000000000001000110000100000000010000000001000000001000000100000000000000000000000000111010000000000000001001000011000000001000000100
000000000000000000000000010000000000010000000000000000001000000000000100000000110000000010010010100000000100000000000001000000000001010100000010000000000000001000100000001000100010000000001000000100001000000000000000100000000000011000000100000000000010000000000010000100000000000000001000010100000000
000000000000010000100000000000000001010000000000000000000000100000000000000000001010000001000000000001000101000000010000000010010001000000000000000000000000000010000000000000000001000000000000000001001000000000000000000010000000000010000000000000000000000000010000000000000000010100000101000000000100
000000000000000000001001000000100000000000100001000000000001000000000000000000000000000000001000000000000000000000000000010010000000000000000000001000000000100000001010000000010000000000100000000000000000000000000000001001000000100000000001000001000000000000000000000010000000000000000001100010100000
000000000000000000000000000000000000000000000100000000000000000000000000000000000000000000001000000101000010000100000011100000000000000000000010100000000000100000000100010000000000010000000000000100000000001000000000000000000000100000000010000000010001000001010000000000000000000000000100100010000000
000000000000100100100100001000000000000000100000000010001000000001100010010000000000000000000000000000001000000000000000000000000000001010101000000000000010000000010001000100000001000000000001000000000000000001000000010000000000000000000000000000000001000000000000000010000000000010001000000100000000
000001000000000000000000000000000001000000001000000100101001011000011000000000001000010000010000000000000000000000000000010000000000000000000000010000000000000000000001000000000000000000000000000000000000000000000010100001100000000000000001100000100000000100000000100000000000000000000000110000000010
000000000000010001000001010000100000000000000000000000001000001000011000010000000010000000010010000000000000000010000000010001000000000000000100000000000000000000001100000000000100000000000000000000001000000100000100000100000100001000000010000000001000000000100010000000000000100110000000000000001000
010000000000000000000001000010000010000000100000000100000100000000000000100000011000000000010100100010100000010000000000000011000000000000011000000000000000000000000000000000000000000010000100010000000011000000000000000000000000000000000000110000000010100100000000000000000001000000000001000010000000
100000000100000000000000010010000000100000000000000000000000000000000000100001010000000000100100010000000000000000000000010100010000000000100010000000011000000000010000000000010000000001010000000000000000000000100010000000000000100000000000000000000000000010010000000000000000000001000000000010000000
000010000000000000000000010000000000000100000100000000000000000000000010000000000001101000000000100000000000000001100000000000000000010110000000000000000000010000000000000000000001010000000001010000000000000000000010000000000000000000000000000000000000000010000000001000000000001100000000001010010000
000000000000000000000100000000000000000000000000000000000010000010000000000000000000000111100000000000000010000000000000000000000000100100000000100000000000000110000000000000000000000000000100000000001000010001000000000100001010000100000000000010000000000000000100001100100000000000000000001001000000
001000001000000100000000000000000000010000000000100000000001000000000000100000000000000010000100000000000101000000000101000000000000000000000000000000001110000000100000000001010010000000000100010000000100100000000000000000001010100000000000001000001001001000000000010001000000000000000000000000001000
000001000000000000000000000000000000010100000000000100000000000000000000100000000000000001000000000000000010000000000111100000000000000000100001000100000000000000000001000000000000101000000000000000011000000000100000000000001001001000000000000000000100000000100000000111000000000001000000001010000000
000000000000000010000000010100000100000000010000000000001100000000001100000000000000000000000000001000000100001000000010000000100000100000000110000100001000000000000000000000001000000000010001001010000000000000000100000010000000000001000100000000000000000010010000000100001000000001000000000110001000
100000000000000000010000000000100000110100000100000000000000100000010000010000000100000000000000000000001000010000011000000000000010000000000010000000001100011000010000000000000000010000100100000000010000000000001000000000001000000000000000000000000010000000000110000000000000000000100000000000000010
000000000000001010010000100000000000000000000000000000000100000000010001000000000001000000000000000000000000001000000000100011000001100000000001000000000000000000000000110001010000000000001000000010010000000000010010100100010000000010000000000000000000000000000000000000000000000000000000000000000000
001010000000000000000000000000000000000010000000000000000000101000010000001000010000000000000000001010100000000100000000000010000000000000000110000010000000100000000000000000000000100000000000001001010000000000000000000111101000000000000000000000001000001000000000000000000000000100000001000001010000
000000000000000000000000000001001000000000000000100000000000000000000001011000000000000000000000110110000000000000000000000010000000001000100000001001000000000000001000010000000000000000000000000010001000000011000000011010000000010000000010000010000110000000100000000000000000000000000001000000010100
000000000000000000000100000000000000000010000000000000000000000101000000000000000000000000010000000000000000000000000000000000000000000000000000000000011101000000000000000001010000000000000000000100000000000000000100100000010000000000000000000000000000000000000000000101010000010000000000000000000100
000000100000000000000000000000000000000011110000000010010000010000000000000001000000000000000000000000000000000000000000001000000100101000000000000000000000000000101000000000001000000000000000000001100000000000000001000000000100100010000000000000000000100000000000010000011000000001000000000010000000
000000010010000000000001000101000000100100000000000000001100000000000000000000001010000000000000000100000010000000000000000000000010000000000010000000000100100100010000000000100000000000100001000000000000000000001000000000000110010001000001000000000100001000000000000101100010000101000000000100010000
001001000000000010000000000000000000000001000100000100010000000010000000000010000000000000000000010000100000000000000000000000000000000000001010000010000000000000000000000100000000000000001000001000000000000001000001100000000010000100000110000000100010000000100000100001000000001011011100000001000000
000000000000010011000100000000000010000000000000000000000000100001010000000000000000000000000000000010000000000010000000000000000000010000000100000000100010000000000100001000000000000100010000000010000001000000000000000101000010000000000000000000000000000000000000000001000000000000001000000000100000
000001000000000000000000000000110001000000000001000010000000000000000000000000100000000000000000000010000000000000000000000000000101000000000001000000100010000001000000000001000000000000000000100000000000000000010000001000000000000000000000000000000000010000000000001000000000010000000001110101000000
000000000000000000000000000000000000000000010000000000000010000100000000000000100000000000000001101000001000000100000000000000000011000001000000100000100000000000001010000000100000010000001010000000000000001100000001000000000000000000011010000000000000001000000010000000000000000000000000000010000000
010000000000000000000000000010010000000000000000000000000000000000000100010000000000000000000000000000000000000000000000001000000010100000000000001100000000001000001000000000000000010000000000000000100010100000000000010000000000010011000000000010100000000000010000000000100000010100010000000000000000
011101100000000010000000000100010110100000000100010000000001100000010000100000000100011000000000000000100000000001000000000000000000000000010100000000000000001000000000001100000100000000001000000100000000000000011001000000000000000000011000000000001000000000001000000000000000000100000000000000000001
100000010000010000000000000000000000000000010000000000010000100000100000010000000010000000000010001010000100000000010000000000000000010000000000000000000000000000000000000000000000000000000000001100110000000000000000000000100000010000000010000000001000100001000000000000000000000000010000000000000000
000000000010000000001000000001000000000001011100001010000000000000000010000000010000100000000010100001000000100000010000000000000000000010000000000000000000000000000000110000100000000000000000000000000110000000000000000000000000110000000000100001000000000001000000010000000000000000000010000000000000
000100000000000000000000000000000010000000100001000000000000010000000100000000000000010000000000000100000000010000000010000010000110010000000100000000000000000000000010000000000000000000000000010100001000001010000000100000010000000001100000000000000001000000000000000001000010000000010000000000000000
001000000000000000000000001000000000000000000001000010000000100100000100000000000000100000001001000000000010010101010000000000000000100000000000000100000000010000000000000001000000000000000000000000000000000001000000010000000000000000100000000000000010000000000000000000010000100000000100000000000000
000011000100000000000000010010000001010110000000000010000000110110100000000000101001000001100000000000000000110101010001001000000000000010010000000000011000001000010000000000000000000000001000000100001000000000000000001000100000000000000000000000100000000000000000100001000000000100000000010000000000
000000001010000000000000001010000000000000000001000000001000000110000000100100000000001010000000000000000010000000000000000000000000000000100000000000000100000000000000000000000010000000000000001000000000000000100010000000000000000000100000000000100000000000010000000000000000000000000100010000001010
000000000000100000000000000010010000000000000000000000001010000000000001010000000011010100000000000010000100001000000000010011000000000000000000000001000000000000000000000000100001001010100000010000000000000000000001000000000100000000000000000000000001000000000000000000000000000000000000000000000100
000000000000001000100000000000100000000011000001000000001000000000000000000010000000000000000010001000010001001000000010010000000001000001100100000000000000000000000000100000010000000100010001000000010000000000100000000001000000000000000000000000100010000000100000000010100000000010100000000000000001
000000001100000000010001001000000110000000000010100000110010000001000000000000100000000000000000000000000000000000000000010000000000000100000000000001001000001010000000000000000000000100001000000000010000000000000000000000000000010000000000000000000010000100000000000000001000001000001000000000000000
010000011000000000000000000001000110000010001000000001000010000000000100000000000101100000001000010000001100010000001010000000001000001000000000010000001000000100010000000000100000000000000000000101000000010000001000001000000001100000000000000000000100000000001100000100000000000000000001000000000000
000000000000100000000000000000000000001000000000000000100000010000000000000010010001000000100000000000000010000000000001000000101000000001000000000000000000000100000000000000000000000000000000000000110000000000000000000000010000000100000000000000001000000000000000000100000000100000000000000001000100
000000000000000000000000001000000000000100000000000000100000000000000100000000000000010100000101000000000000000000000110001000000000000000000000000100000000001010000000100010000000000000001000001000100000000100000000000000000000000000010000000010000000000110000000000010000000000000001000000000000000
000000000000000000010010000010000000001000000001000010000000000100000000000000000000000010000100000000000011010000010000010000011100000000000000000000000001100100000000000000000100000000000001000000000000000101100000000000010000001010010000000000000000000000000000000000010000000000000000000100100000
000100000001000000000000000000000000000000000000000100000000000010011000001010100001000000000000000000000000000100101000000100000000000010000000000000000000000000010000111000001100000000010001011000000000000000001000001010001000000000000000000010000000000001000000000000000000001000000000000000000000
000100100000000000000000000000010000000000100000000010000000000000010000000000010000000010000000000000010000000000000000000001000000100000000001100000000000010100000000001000000000000100010000000000000000000101100000000000000100000000001000000000000000000000001000000000000000000000000000011000000000
000000000000000000000000000000000000000000100000000000000000100001000000000001010000000011000000000000000010000000001000000000001000000100000001000000001000000000000100000000000000000000111001000010000100000001100000000010000000000000000000000000000000000000000000000000000001000000010000000000101000
000000100000000010000000000000000000000001000000001000000000110000001000000000000011000000000000000000100000000100010000001000000000000010010000000000000000000000001000000000000000000000000000000010000000000000010000000011000001000000010000000000000000010000000010000000000000010000110100000000000000
000000010001000001000000000000000000000100000000000001010000000100000000000000000001000000000000000000000000000000000000001000000000000001000000000001000000101000000000101000000000000100000000000000000000000000010000000000100010000000000010000000000000000000000000000000001000000011001000000000000000
000000100000000000000010000000111000000000000000010001000000000000000000000000000000000000000000000000000000000000000100000000000000000000000000001001010001000000000001001000010000000000000000000000010000100001000000000000110100000000000000000000110010001000000010000000000000000001000000000000000010
000001000000000000000100010000000010000000010000000000000000000000000000010000000000000000000100000000000000000001000000000000100000000000000000010000000000000001000000000000000000001000000000000000000100000010000000000000000000000000000100000000011010000000000000000000001000000000000000000000000000
000000101000000000000000000100010010000000000000000000010110000100000100000100000000100000000010000100000000000100000000000100000000010000000000000000000010000001100000000000000000001000000000000000000000000000000000000000001001000000000000000001000000000000001010000000100010000000000000000000000000
000000000000000000001000000000001000000001000000000000010000010000000000001000000100001000000000000000000011000000000000000000000000000000000100000010000000000010010000000000000000100000000000001000100000000000000100000000001000001010001000100000010100000001000000001000011000000000000001000000000000
000000000100000000000011000000000000000000001000000000000000000000010010000000001000000000000000000000000000000000000000000001000000000010000000000000000010000001000000000000000000000000010000000000000000100000000000000000000010010000100011000000000000001001001000000000000000000100000000001000000000
000000000000000000000000001000000000000010000000000000001001000000011001100000000000000011000000000010000101000010000000000000000000000000010101100000001000000000000100000000000000000000000000000000000000000000000000001000000001001000000010010000000000000000001000001100100000110000001000100100000000
000000000000010000000010000000000001000000000010000001000001000000001000000000000000010000000000000000000000000000000100110000100001001000000000000000000000000000000000000100000100100000000000000001000000000000000010100010000000000000000000001000011100000000010000010001000001100000000000000000000000
000000000000000000101100000000000000000100010000000000000010000000001000000000000000110000000100000000010000000010000000010000000000100000000000000000001000000010100000100000000000000000010000000101010000001001000000000000000000000000000010000000000000000000001000000000000100000100000000000000001000
100000101100010100000000010100000000000000000000010100000000100000000000000000100000100000000000000100000000000000000001000000000000011001000000000000000000101000000000000000000001010010010000000000000000001000000000000000000000000000000000000010010000000000000000000000000000000000000001000000100010
000000011000000000000001010100000000000000000000000000100000000001001000000010000100000000000100000000000000000000000001000000000000001000100000001000001000000001000100000000000010000000000001000000000000000000000000000000000000100000000000100010000100001010010000001010000000001000000000000000010000
000000100000100000000000000000000000000000000000100000100000010100000000000000000000000000000000000000000000000000000000100000000000000010000000001000000010010100010000000000000000000000000000100000100000000000000000001000010001001000001000000000000000000000000000000000000000000001000100001000000000
100000000000000100000000110000000000000000000000000001000100010000000001000000000010011000010000000010000000000100000000000000000000000010000000000000000100000000000000000000010000000000001001000100000000000000010100000000000000000000000000000000000000001000000000001000010000000001010000000000000000
000000000000000000010000000000000000000000000000000000000100000000010010000000000001000000000010000010000000000100000000100000000000000100010011000000100000000000000000000010000100000000000000000000000000000000001010101000000000100010010010000000000000000100000000001000001000000000100010000010000000
000010000000000000000000000000101000000000010010000000010000000000011000000000000000000000001000000000000000000000001000000010000100000100000000001000000000000000000010000000000000001000000010000000000000001000100000000000000000000110000011000100000010100100000000110001000011000001000000010000000001
000001100000100001000000000000000000100100000000000100000000000000000100000000000000001001000000000000010011000010000100110010000000101000100000000001100000000000000001000000000000000000000000000010100000000000000000001000000000000110010000010000001000001000010000000000000000000000000000000001001000
000000000000000001000000001000000000000100100000000000000000000000001010000000000000000000000010001000010101000000100010010000000001100000000000000100000000000010000000010000000101000000000000000000100100001000000000000001000101000100000110000000000000000000000000000010000100000000000010000010000001
000000100000010000000000110100100000000010000110000001100000000000010000000000000000000010001001000001000000000010000000000000000000000000000000010000000000101000000010000010010001010000000000000000000000011010000010100000000011000000000000000100000100000000000000000000100001000000000000000001000000
000000000000000000000000010000000000000100000000001000000000101000000000010000000001000000000000010000000000100000011010000000010000001000000000000000000000000000000001000000000000000000000101000000000010000000000000000100000000011001000000000000000000001000100000000010010001000000101100000000001100
000000010000100000000000001000100010000000100100010001000000000000000000001001000000000000010100100000001000000000010000010010000000100001000000001000110000001010000000000000001000001000000000001100000000000100001100010000000000001000000000000010100000000010000110000000010000100000010001000000001000
000000000000000000000000000000000000000000000000010010000000000000001000011010100000000010101000000100000000000000010100010100000000000000000000000000000000000000000110000010100100100000000000000000010000000000000001000100000001010000000010000000100000000000000010011000000000010000000000000000000000
000000000110000000000000000011000100000001000000000000000000000000000000000000000000100011000000100000010000000100000000000000000000000000000000000001000000000000010000001000000000000000000100000010100100000000100110000000100010010000000000000000100000000000001000100000100000010000000100100100000000
000010000000000001000000000000000000000000000000000001000000000000010000000000000000001000001010000000000000000000000000000000001000000000000000000100000000000000000010000001000000110000000000000001000100100010000000001000000101000000000100000100000000000001000000000000000000000000000000001010000000
001000001000110000000000000000000000000000000000011000000100000000000001100000010000000000000000000001000000000000010000000110000000000100001010000000000000000000000000000010000000000010001000001000000000001000000000011000100100000000000000000000000000000000000100000000000000000000100000000000000001
000100010000000000001100000000000000000000000011000000000000000000000000010000001000000000000010000000000000000000000100000000000100000000000000000100000000010010000000001000000000000000000100000010010000000001000010000000000000000000100000000000000001000010000000001000001000000000000000000000000010
000000000000000000000000000000001100000000000000000000000000010011000000000000000000000001000000000000000000001000000000000000001000000000000000000100000000000000001100000000100001100000010000000000001101000000000000000000001000010000000000000000000000000010000000000010000000110010000000010000000000
000010000001000100000100000000000000000000000000000000000000000000000010000000010010000000000000001001000000000000000000000001100000001000000010000000000000000000010000000000000000101000000000000110000000011000110000010100000000010100010010001000100000000001100000100000101000010000000000000100000000
100001000001000000000000000000010101010000000000000000010000000000000000000001000000000000001001010001000000110000000000000101000001000000110000001000010100000000000100000000000000010000000000000000000000000000000000000000000010000000000010101010000000000000000000000000000000000000000000010000010001
000011000000000000000010100000000000000100000010000000100010000000000000000010100001000010000000000010000000000000000000000010000001000100000010000000001001000000000000010100000000000001000010000000000000010010000001010000000000000001001100000001010000000000010000000000000000001100100000000000000000
000000000000000000001000000000010000110000000100000000000000000000000000000000010000000000001000000100100001000000000000000000010100000100011010100000000000000010001100000000000100000000000100001000000000100000001000001000000100000000100000000000000000000100000000000000000000000000000001000100100000
000000000010001000000000010000100010000000000000000000000000000000000000000000000000000001000000010000000000110000000000000000000000100010000000010000000000000010000000000000001100000100000100001000000000000000000000000000000000100000001000010000000000001110010000000000000000000100010010101000000000
000000000000000010010000000000000000000000000001000000000000000001000010000000000000000000000000010010000100000010000100000000000000110000000000100000001000010000100000000000000000100000000010010000010000000000000000010001000000100001000011010000000000000000000000000000001000100000000000000000000000
000000001000101000100000000011000000000000100000000000000000000000000010100000000001000000000000100000100000000100000000000000100000101010100000010000000000010001000100000000000000100000000001000000001000100010010001000000100000000000001000010001000000000000000100000000000000010000000000010010000010
000000000000000001001000000000000000000000000000000000100000100000000000100000000000000000000000100000000100000000101000000010000000100000000000000101000000000000000000110000000100000000000000000000000000000000001000000000001000001000000000000000000000000000000000000000000000000000000000000000000000
000000001000000001000000010000100001000000100000000000000001001000000001000000100000000000000000000000100000000000000100000000100000000000000001000000000000000000000000000010000000000000000000000000000000100001000000000000110000000000100000101000001000000000000101000001000000000001000000000000010000
000000000000000100000000000011101000000100000010010000000011000000100010000100000000000010000000000000001000000000000000010000000010100001000000000000000000000000000000100100000000000001000000000000010000100000000100000000100000000000000000100000000000000110000000000000000000000000000000010100000010
000000000000000000000000000000000010000000000000110000000000000000000000000100000000000101000000001000010010100010000000000000000001000000001000011010010010000000000000000000000001000110000100000011000000000010000001000001000100000000000100000000010000000100000000000000000100000000000000000000000000
000000100010000010000000000000000000000010000100000000000001000000001001001000000000000000000000010001001000100001000000000000000100000000010000000001000000100000001001000001000000000100010010001000000000010000001010000001000000000000000000000000000000000000001000001000000000000000000000000000000010
011010000000000000110000000001101100000000000010000000000000000100000000000000000000100000000000010001000001000101000000010000001000010000100000000000000000010000001000100000000001100100000001000000010000000000000000000000000000100000000100000000000010100001100000011000001000000100000000000000000000
000000000000000010001001101000000000000000001000000000000000000000000101000000000000100011000100100000010000000000110000000001000000000100000000000001001000000000000000000100000010010000000000000000000000100000000001000000000100000000000000000000010100000000010001100010000000000100000000000000010000
000100000110001000000010000100010010000000000000000101000001001000001000000000000000000000000000010000011000000000010000000000100000000001000000001100000111001100000000010000000100000000000000000000000100000000100000000000010110000000000000100000000001001000000000100000000000000000000000100100000001
000000000100000000000000000000000000000000000000101000000000000010100000010001000000000000000000000001000000110000000000010000000000000000000000000000000010000000000000000000000000000000000000000010000100000000000100000000000000000000000000000000000000000011000010100001010000010100000000000000001000
000000000001010000000000000000110000001010000001000000001000000000000000000010000000000000000011000000000000010000000000000000001000000000010000100010001000000000000001010100000010000000010100000000000001000000000001000000000100000110001000010000011000000000000000000000000000000000000000000010000000
000000000010000000000000100000000010001010100000000000000000000000000000001000000000000000010000000000000000100000000110000000000000001001000000000000000000000000010000000001001001000000000010000000000000010000001000100000000000000010000000000000000000000001000000000000000000000000000010110000001100
001000000000000000000000000100000000000000010000000000000000000000100000000000001000110000000000000010010010000000101000000000000010000000100000010001000000000000000000000000000000000000000000000000010000000100010000010000000100100000000000000000000000000000010010000000010010001000000000010000000000
000000000000000000000000100000100000000000000010000000000000010001000000000100000000000000000010001001000000111001000010000001000000000010000000001001001000001000010000010000000000000000000000000000000010100000000000000000000000000001000000010010000001000001000000000000000000000000000000000000100000
000000000000000000000000010000000100000001000000000000000000000001000010101000000001000000000000000000000000000000000000000100000000010000000100100110001000010000010000000000000000000000000000010100000001000000000000000000000000001000001000000001000010000000001010000000000000100000000010000000000100
001000000000000000000000000000000000010001000000000100000000000000000000000000000000100000000001000000000001000000010000000000000000000000000000100100010100000000010000000000000000000000000000001001000000010000010000000000000000100000010000010000100010001000000010000000000000000000000001000000000000
000000000000000000000000000000100000000100000000000100000100000100010001000100000000000000000010000000000000000000000000000000000000000000010000000101110000000000000000000000001000001000000000100000000000001000010000100000000000000010000000010000000000000001000000000101001000000000000000000000000000
000000000000000000000010000000000010000000000000000110000000000000010000100100000010000000000000000000000001001001000000000000000000100000010000000100000000100000000001000010001000001000100000000000000100000100000000010000100000000000000100000001000000000010000000111100000000100000010000001000000000
010001000100000000000000000000000000000000000000000000000000000000001000000000100000000010000000000000000000100000000000000100000000000000001100000000100000100001000000000100000000001100101000000011000000000000010000000000001000010000000000000000010010000000000000000000010010000001000010000000000000
100010000010010001000000001010000000000000000000000000010000000000000100010000000001000000000000000000000000000000000000000000000000010001000000000000000000000000000000000000100000000000000000000000000000000000000010000000000001000001100010000000000010000001000101100000000010000100010000100000001000
001000000000000100000000100000000000000000000000000100100001001000010110000000010000000001000000010001000000001000100010010000010000000000000000000000000110000000000000000000000000000010000000000001000000010000000000000000000110000000000000000000000100000010100000000000000000000100000000001000000000
000000000000000000000100000000000000010001001100000000100000000000111000000000000001001000000000000000001001000001000000010000000000000000001000000000001000000000000100001000000000000000001000000000001000000100000000000000000101000100000100000001000101001100000101000000000000000000010100000000000000
001000000000000000000000000001000001000000000000000000000000000100110000000000000000000000100000000000100100000000010000000000000010000000000000000000000001000000000000000000000101000000000000000000000000000000001000000000000010000000000000010100100000000000000000001100000000000000000001000000000000
000000000000000010010000000000000000000000000001001000000010011000000000000010000000000000000000000000001001000100000000000000000010000000000000010100000010001100000100000000000000000000000000010000001010000001000000000001101000000000000010000010010000000000000000100000000000011000110000000000000000
000001000000100000000001000000000000000000000011100001000000000000000000000000000000000000100000000000000000001000000000000000000000000001000000000000000001001010101000001010000000000110000000000000000000000000000000000000000000000000001000011000000001000001000010000000000010000000000001100000000010
000000000000000000000000000000000001000000000000001000000001100000100000100000000000000001000000000000000000001000000000000001000000000000100000010010000000001000001000000000001000000000000000000000000000000011000000000010001000000000000001000000000000000001000000000010000000000000000100100001001001
100010000000100100001000000000000000000000000001000010001000000110000010100100000000000001000001100100000100000000100000000001000000000000000000000000000100001000100100000001000000100000000000000000000000000100000010000000000000001000100000000000000010100001100000001000000000000000000110001000001000
000000001000010000001010100000000000000000010000000010010001000000000000000000100000000000010001001000001000000000000000001000000000000000000000001000010000000000000010000100000010000000000000000000000000000000000000000100000000000000000000100000000000001000000101010010000001000001000000000000011000
001000100000000000000100000001000110000000000000000000000010010100000000000000001000000010100000000101010100000000011011000000000011001000001000010010010000000000010010000001010000000000000000000000000000000000000000000000000000001000000000000000001001000000000000000000000001000011010000010001000000
000000000000000000000001000000010000000000000110000001001000001000000000000000100000010000000110000010001000000000000000000000100101000100000000100000000010000101000101000000000100010000010001000000000100000000000000000010010000000100000100000110000000000000000001000000000010000000010000000001000010
000100000000000000010000000000000000000100001101000000000000010000000000000000000000001100001000000001000000000000000000010000000000000000110000100000000001000000000000000000000000000001001000000000001100001000000010000010000010000000010000000000001000000000100000010000000011010001000000010000000000
010000000100001001000000000000000100000100010001000001000000000000000000000000000001100000000001010000000100000000000000000010000010000001000001000001100000100000000000100000000000000101000000001000000000000000010000001000010000000000000000000000000000010000100000000000001000110001001000100000001000
100100000001000010000001000000101000000000000000000010000000000100000010000010010000000000000000000000000010000000001000000000011000000010011000100100000000010000000010010000000000000001000000000010000000011000000000010000000001000000000100000000010000000000000001000001000000010000000000001000000000
000100001110010000000000000001010000000000000000000010000010000000000000001000000000000000000000000000100000100001001000000000010000000000010000000000100100000000000000000000001000000000000011010100000000000001000000001000000100000000000000000010000001010000000000000001000000000000001000000000000000
010010001000000000001000100000000010000000100000000000000000000000000000001010000000000000000000010000100000000000100000000010000000010000000100000000000000000000000000000001100000001000011000000000000000001001000000000010000000000000100000000000000100000010000001000000000001000001100000101000000000
000000000000000001000000000000001000000000000000000000000100000000000000011000000000000000000000000100000000000010000000100100000000000000010000000000000001100000010000000100000000000000001000000000000000000000110000000010000000000000000000000000100000000000000000000010000000001000000000000000000000
001010000000000000000000100000000000000000000000000010010000000010000000000010100000000000000101000000000000001000000000000000000100000000010000100000000000011010000100000000001000000000000000100000000000000001000010000000100001000000101100000000000010000000000000000000000010000001000000010000000000
010000010000001000000100000000000100000000000100010001010000000000001000100000000100000000000000101010000010000100000100000000000100000010000000000100000000000100000000000000000000000000010000000000000010000000010000000000000000010000000000000000000100000000000000000001000000000001000000000000000000
000000000000100001000010000000000101000100000100000000000000000000000000000000000000000010000000010010000000000100100000000000000100000000001010000010000010000000010001001000000000010000000000000010000000000000000100010000000000000000000000100000000100000000000000001110010000000000000000000001010000
000010000110000000001010000000000000000000000001000001000000100000000010000010000000000010000010000000000000000010000000000100000000000000000000010000100000000000000001000000000100000100001110000010000000000000000000010000010100000000000000000010000100000000000001000000000000000000000000001010100000
010000000000000000000000001000000000000000000000010000100101000100000000000000000000001000000000100000000100001000001000000000100000000000000000000000000000000000100100000000000001000000000000000010000000000000000000000000000000000001100000000000001000000100000000000011000000100000000100000000100000
000000000000000101000001101000000000000100000000000000001100000000000000000000001000000101000100000000000100000000101000000000000001000000001000000000000010101000001000001000100000100110000000100100110000000000001100010001001000000000000000001000000000000000000000001000000010000000000000000000000000
000100000000001000000000000000011110001000000000000000001000000000100100000001000000000000000000000010010000001010000000000101000101000000000100000000000000000000001000100000000000100000000001000110000000000000000000000001000000000000000100000000000001000000000100010000010000000100000100000000000000
010000000000010010000010000100000000000100000000000000010100010000000000010010001000000001011000001010000100000000000000100000100100010010010000000000000100000000100000000000100000000000000000000010000000010000000000000001000011001001000000000000000000001000000000000001000010011000100000000011000100
000000000000000010100000001000000000000000000000000000000000001000000000000000000100000000001000001010000000001000000000000000000000000010000000000000010000000000100000000100001001000000000000001000000000000010000100010000110100000000000000001000000000001000000000000010000000000011000000000001000100
000010000001000000100000000010101000000000000000000010000110000000000000000000000000000010000000000000000010000000000000000100000000010011000000100000000000010000000000000000000000000011000000100000000100000000000100100000100000001100000100000011000000000000010010000000100000000000000000000000001000
000000000000000000001000000000000000000000000000000010000000000100000001000000000000001010100100000000000000000000000000001000000000010000000100000000000010000000000000000000000000000000000000000010001010000010000000001001000000000001000000000000010000000001000001000000000000000000011000001000000000
100001100010000000000100001010000000000000000000100001100000001000000000000000000000000000001000000000000000001000000100000010000000000000001000000001000000000001000010000000000010000000000000000000000000000010000000100000000001000000100100000101000000000000000010100000010000000000001000000000000001
001010000000000000000100000000000010000000000000100000000100000000000000000000011000010010000001010001010000000100000000000001001000000000000000000000010000010000000000000010000001000100000000000001000000010000000000000010000000000000000000000000000100000010000000000010100000000000000000000000000000
000000000000000100000000000000000001000000101000000000000000000001000000000000000000000101000010000000000000010001000000010000000010101000000000100000001000000000100000010010000101000110000000000000100101000010000000000001000100000000100000000000100000000000000000000000001000000000010000000000000000
001010000000000000000000000000010000000000000000000000000000010100000000000000000000100100000000010000100100000000000100000000000000000010000000000010100000000010000000000000000001000000100100000000010000010001000000000000001000000000010000000000001000000000000000000000000000000000100000010100100000
000001000000000100000010010000000000001000011000000000000001000000000110000010000000000000000000000001000100000000010000000000000000001000000001000000001000000000100000000000000000000000000000000000100100000000000000001000000001100000000000000000000000100000000000000000000000000000000000000001100000
001000100000000100000000000000000000000000000000000000000000000000010000000000000000000100100000000000001001000000000000010000100000000000010000010000000000000000000000000000000000000000010000000000000000000000000010000000000001010000000000000001000000000001000000001110000000000000000100000010000000
000000000000000000001010000000000000000000000000000000100000001000010000000000000000000010000001000000000011000000000111001000000000110000010000001000000001000000000000000000000000000000010000100000100000000101000000000000000000000000000000010101000000000100010000011000000000000001000000001100000000
010100001000010000001100000000000000000010000000010110000000000000000000001000000000000101000010000000000000000000000000000000000000000000010001000000000000000000000000000000000000000000000000000000000010000100000000000000000000000000000000100001011000000000000000000001000000000000000000000001000000
000000000000000000000000000000000000000101000000000100000000000000000000000000000000010000000100000000000000101000000000010001000010000010100100001000000000000000110000000000100000000001000000010000000010000001000000001000000000001000000001000001100000000001000000001000000000000010000000001000000000
000000000000001000100000010000100100000101000000000000000000000000100000000001000100010000000000000100000000000000001000000000100000000000000000001000100001000000000001000000100000000000000000100001000000000000000001100000000000000000000000000001000000001001101000000010110000000000000100000010000000
000001000000000000000000000000000000001010100100000000000000000000010000000010000000010000110000000000000000000000000100000000101000000000101000000000100000000010000001000010000000000000000000000001000000000000000010000000001010010000000000000000000000000000000100000010000000000000000000000000000001
010000000000000000110000000000000001100000000000000000001001000000100000000000000000000000000000000000010000000010000000000001100000000100000000011000000001000000000000000000001010000000000000000010010001000000000000100001000000001100100000110010010000010010001000000000000000000010001000000000000000
100000010000000000000010000000000100100000000000001000010001000000000000000000000000000000000010000000000000000001000000000000000000000000000000101000010000000000000000000000100100000001010000100000000001000000000001000000000000000000010001000000100000000001010000000000000000000000000000000000000100
001000100000001000000001000010000000010000000000000010000010000000000000000101000000000000000000001000000000010000000001000000000000000000010110010010000010000000100000000000000010001000000000100101000000000100000000000000000000010000000000011000000000000101000000000000000000000000000000000100000000
000001000000000000000000000000000001000000000000000000000001000100000100000000000000100000000000000010000000000000000000000010000000000110000100101001000100000010000000000000000000000001000000000000001010000000001000000000000000010000000100001000000000001000001000000001000000000000000000000100000000
010000000101000001000100010000000000000000000100000000000000011110001000001010000000011000000000000010001000010000000000010000000001000000000000000000000001110100000000000000000000010000000000100001000000000000000000101000000001001000100010000000000100000000000010000000010000100011000000000000100001
001000100010000000010100000000000011000000000000100000000001010000100000000000000000000001001000000000000000000100000100001000000000001010000010100000001000000000000000110000000100001000001000000000001000000000000010000000100000000000000010000001010100000001000000000100000000000000000100000000001000
000000000000000000000010100000000000100000000000000000001000001000000000000000000000000000000000000000000000000000000000000000100000000000000000011000010000000110100101000000000000000101010000000000010000000001000000001000000000000010000000000000000000100000000000000010000000000011010001000010000010
000000000000000000000000000000000000000000000000000010100010000000011010000000000000010000010000000000001001000000000000000000000000001000100000000000000100000000000000000000000000000100000000100000100000000000000000000010000001000100000000000000100000000000001110001000000010101001000100000001000000
000000000000000000000010000100000000000000000010000000000000000010000001000100000001010000000000001000000000000000000000000000000000000000010000000000000000000001000010001000100001000000000000000000000000000001000000100100000100000001000110011000101001000001000000000000010100000000100000000001000000
100000000000000001000000100000000000000000010000000000000000000000000000000000001000000100000000010000000000000000000100000010000100000000000000100000000000000000000000000000000100000011000100000000000000000000100000000000000000100000100000000000000000000001000000100001000000101000001000000000001000
000000000000000010000100000001000000101000000000000000000000000000000000100000000010000100000000100000001100101001000000000000000010010010001000100000000000000000000000100000000000000101000000000000000000010000000000100100100000000000000000010010000000000010000000010000100000010000001001001000010000
000000000000000010010000011100000000001000001000100000000000000101000000000001100000001000010010000000001000000000000100000010000010000000000000000000000000000000000000000000001000011100000000010000000000000000000010000000000000100000000000110010000000000100000000100001000000000001000000000001101000
000000000000000000000000010000000000000000000010011000011000010000010000010100000000000000100010011000100000010000000010000000001000000000000000000000000000000000000001000010101000000000000010100000000000000011001000000000010000000000000000000010000000010000001010100010000000010000000000000000010000
000000010000000000000000010011000000000000010000010000000000000000000001100000000000010000000000100000001001000000000100000000000001100000000110000001000010000000010001000000000100100000010000000000100000000000000000001000100000000000000000000000000001110101000010001000000000000000001000000000000000
010000000100100000000001000000000100000000000001000000000000010010000001100001010000000000000000010000000000000010001000000001100000000100000100000000100000000000100100001010000000000000100000100100010001000010000000000000000000001000001000001000000000000000010000000000000000000000000000000001010000
000000000000000000010000000000000010000010000000000000000000000000000000000000000000000000001000000000000000100000010000000000000000000000010101101000000010000000000000100000001010000000001000101001000000000010100001000000000000000000000000000000100000000000000011100100010010000000000010000000100000
000100000101000000000000000000000100000100000000000000100001000100000100000000000101000101000000010000000000000000000000010000000100010000000000100000001011001100010000001010000000000000000100000000000000000000010000100000010000000000000010000010000000000000000001100000001010000000000100000000000001
000000000000100000000001000000000000000001000000000000000000100011000000000000000000001010100010000001110100000000000000000000000010000000000000000000000000001000000100001001000000000000000000100000000000010000011010000000000010000000001100010000000000001010001010000010000100000001010000001001001000
010000001000000000000000110100000100000000000000100000000000000000010010000010000101000000100000001000000000100000000000000000000000000000000001000000000000001000000100000000000000001100000000000100001100000000000000000000000001000000000000100010000010001000000000000100100000000000001000000000000000
000000000000000000000001001010000000000000000000000000000000100000010000000010100000000000000000000000100000000000000000000000000000000100010000101000000000000000000100000000000100000100000000000010100000000110010011000000000001000100000000000000000000000000000001100100000000000010000001000100000001
000000000100000000000000000000001000001000000000000000010000000000000000000100000000010000000000000000000000100000000001000000100000000000000000000001101001000000010000000000000000000000000000000010000000000000000000000000000110000001001000000000100000000000000001000000000000100000000000000000001000
000000100000001000100000000000100000000000000000000000010000000000000000000001010010000000000000000001000000000000000000000000001000000000001000000000010101000001000000001000000001000000000000000000110000010000000001000001001000000000000000000000000000000000000000000000000110000000000000000000000000
001000000000010100000001000000001000000000000101000100000000000000010000000000000000000000000001000000000000000000000000000000000000000000001000010000000000100100000000000000000000001000000000000010000000100000000001000000000101000100000000000100000000000000000000000011000000000110000000010000000000
010000000000000000000000000000000000000000010000001001101000000101000000000000000000000010000000110000000010000000011000000000000000000110000100000000100000000000100000000000100000001000000000000000000100000000000001010000000000010010100000000000000000010000000000000000100000010000000010000001000000
000000001010000000000000010000000000010000000000000010010000000000000000010000000000000000000000001100000010001000101000000000100000100001001000001000000000000000010000000000000000000000000000001101000000100000010000000000000000000000000001001000000000010000000000001001100000001100100000001000010000
011000000100001001000101000000000000000000010000000001000001000010000001000000000000000010000000000000000000001000000000000000000000010000010100000000100000100010000001000000000000000000010000000001100001000000000000000000010000000000000000000000000000000010000000000000100001000000000001000000000000
000000000000001000000000000100000000000001000000000000000000010000010010000000101000000000000000000000000001000010001000000000000000001000101000010000001101001000000100000000000100000000001000000000000000000000000001001000000000000001100000000000000001001000010000000010000000010000000000000001000000
000000000010000000000000000000000000000000000000001000100000010000000000000000000000000000000000001000000100000000010100000000100000000000000000001000000000000000000000000010000110000000000000001000110000010000101000010000000000000100001010000100001000111100000000000011110000000011101100000000100100
100000000000000000000000000000000000000000000110000000000000000001000000000000001100000010000000000010100000100100001001000010010000010000000000000000000000000000000000000000000001000000100000000000000000000000000000100000100000000100000000101000000000000001000000000000000000000000000000001010000010
000000000000000000000000000000000000000000001000000100000000000000000001000000000010000001100010000000000000000000000010111010101000000000100000000100000000000000000000000000000000010000010000000100000000000000000000000100010001000000001000000000000000000000100000000000000000000000001100000000000000
000000000010000000000000000000000000000110000000000100000100000000000000000000000100000000000000100000001000000000000000000000000101001000000000000000000000000010000010000000000000001000000000010000100001000000100001000000000000001000000000011100000000000000100000000000100000000010000000010001000000
000000000000000000000000001000000100000101000010010000000000000000000000000000000010000000000000110000010000001001000000001000000001000000000000100000000000001001010000000001000100001010000000000000000000001010000100000000000001000000000100000000000000000000000000000000000000000000000001011000000010
000001100100001010000000000100000011010000001001100000000000000000000000000000000000100000100010001110000000000000100000001000000001000000000000100000100000000100101100000000000000000000000000010010000100000000011000000100000000000000000000000001100000000000000000010000100000010000000000000000000001
000000000010000000000000000001100000101000000000001100000011000000000000000000000000000000000000000000000000010000000011000010010000000000000001110000010000000000000100000000010000000001110000000010000010000000001000000000000010000000000000000000011000100000000000000000001000000000000000000000000100
001000000011001000000000000000000010000000000000010000000000000000000000010001000000001000000000000000000000000110000100000000010000000000010000100000000001000001000000000000000000000000000010000000100000000100000100000000000001000000000001010000001001000110101000100000000000001000000000001000100000
110000000000000001000000000000000000100100000000010000000000010001110010000000000100000000000010000000000001000000000000000000000000000110000000010001010000000000000000001100000000000000000000000000000001000000000000000000000100000000000010000001000000010010000000010000100010000000000000000000000000
010000001000000000000000000000000001000000000000000100000000001010000000000000000000000000000000000000000000000000010000010000000000000000000000000000000100010000000100000001000010000001000001010000101000000000000100100010000000000000000000000000000000010010100100000000000100000000000000100000000000
000000000000010000000010000000010000000000001000000000000000001101000000000000100000100000000000000000000000010000000000000000010010000000000000001000000000100000000000000000011000000000010000000000000000000100000000001000000000000000010010000000010000101000000000000100000100010100000000000001000000
000000000000000000000000000000000100000001000000000101000000000000000000000000000000000000000000001010000000000000000000000000010100001000000000001000000000000000000000100000000100010000011000000000000000000000000001100100000000001000000000010000000000011000000000010000100000000000000000000010001000
100000000100000000000000000000000000000000000010000000010000000000000000000000000000000000000010011000010001100000000000000000000100000100000010000000000100000000100000000000000000001000000000000100000100000010000000000000000000000000000000000000000000000000000000000000000000000000000000000010010000
010000010000010000000000000001101001101000000001000011000000000000001000000001000100100000001000100000000000000100000000100000000001000001000000000000001000010000000010000000100001001000010000000000000000010000000100000100000000000001001010010000000001100000100100010000000001000010000000000000000000
100000000000010000100000001000000000000001000000000000000000100000000000000010000000000000000000011111100000010100000000100000000000000000000010001000000000010001001010000000100000000000000000010000000000000010000000000000010000000000000100000000010000000000100000010000100100000000000000000010001000
010010000100000001000000000000000000000000000000000000001001000000001000000000000000000010000001000000010000000000000000100001000000000000100000000000101000000000010010010000010000000000000000000000000000010000000000000000000000000001010000000000000001000000000000000000001010000000000000000100111000
000000110000000000000000100100100001000100000000000000000001000000000000010000010000110000010000000000000000010000000010000000000010000000000000000100010100000000000000000000000000000000100000100000100100010000010000010001000000000001000000001001000000000000000000000000000000000000000000000000000000
000010000010001000010000000000000000001000000000000000001000000000000011000000000000000000000000000000000110000000010100000000000000000000000010100000000000000000000000010000000100000000001000000010000000000010000000100001100100000000000000010000010000000100000001100100100010000000010000100000000000
000000000010000000000010000000000000000001100000000000000100101000000000100110000100010000000000000000000010000000000000000000100000000000000010000000000100000000000000000000000000000000000010001000000000000000000000000011000000000001100000000000000000000000110001000000000010000000000010000000000010
000000000010110000000000000000000000000100000000001000000000000000001010000000100100000000000000000001000000000000000000000000010000000000000000001000010010000000000000000000000000000100000000000000010010000000001000000000000000000000000000010000010000000000000000000101000010000000100101010010100000
000000000000000000000000101100000000000100010000000010000000000100000000001000000000001000000000000000000000000000000000000000000000100000110000000000000000000000011000000100010101000001000110000100000010000000000011000000000100000010000000000000000000000000000011000010000010000000100000000000010000
000010000010010000000000000001000100000000001000000000000000000000000000000000110000000000000100000001010000000000000000000001000100000000000000000000100000000001000000001000000000000000000000000000000101011000000100000000010000000000000000000000000010100000000001000000000000001000000000001100010000
000100000000100010000010000000000000100000000000000100000000100000000000000001000000000100100000000000000000000000000000000000000010000000001100000001000000000000000010000000010000000000000000010000000100010100010000110000000000000000000000000000000000000000000000000000000000100000010000000000000000
000000001000000000000010000000010000001000010000000001000000000000000000000000000000010000000001010001000000000010000000010000000100000000100000000000100000001010000000000000000000000001000001000000000010000000000101000000001000000000000000000000110001010110000000000000100000100001000100010000000000
011000000010000001001110000000000000000000000001000000000001000000011000000010000000000001000000000100000000000000000000000001010010000000000000000001000100000001000000110000000001000000000000000001001000000000000000000000000000100000000001000001000001000000000000000000000100000000001000001000000100
000000000000000001101100000000000000000010010001000000000100000000001000000000000001000000000000000000000001100100000010000000000000000000000100000010001001100100101000000000001001000000000000000000010000000000100000000011000000000000000011000000000000000000000000000000001000000100000010000000100000
000000001000000000000000100000000000000000001000010011011000001000001100000000000000011000000001000000000010000000000000000000000000000010000000000100001000000000001000000101000000000000000000000000000000000110000000100001011000000100000000010000100000000010000000000000001000010000100000000000000000
000000001000100010100000000000001110000000000000000010000000000000000000000101000000000010100000000000000000000000000000000000000000000000011000000000000000000011100010000100000010000000000000000000000000100001000000000001100000000000000100001000000000000000001000000100000000000000100000010000000000
000000000000100001000100010000001000010000010001000000000000000010000000000000000000100000000100000010000000011000000100000000100000000000000010000000000001000010001010100000000000000001001000100000100000000000100001000000000000000000001000000000000000011100000010100000000001000000000000000001000000
000000101010100000001010000000000100000001000001000000100000000000000000010000100000000001001000000100000000100000000000010000001000110001000000000000000000000000000000000000001100000001000000000000000000000000000100100000000000010000100000000100100100000000000000000100000000000000000100000000001000
000000000110000000001100000000010001000000000001100000000010100000000001000001000000000010010000001000000000001000000000000100000000000000100100000000000000000000000010010000000000000000000001000100110000000000000000000001000000000100000000000000000000000000000000000000100000000001010000000000010000
000000000000000011000001000001000000000000000000000010000000100011000001000000000000000000000000000000001000000001010101010000000000000000000010000000000010000000000000001010000000000000000000000000000100000100000000010100010000000000110000100000000000000000000000000000000010000000000000100010000000
000000001100000001010001010000000000000000000000000000000001100000100000000100000000000000000000000000100000010000000000000000000000010100000000001000000000000000000000011000000010100000000000010001000000000000000000100010010000000000000000100000000000000001100000000000000000010000000000000000000000
000000001000101010000000000000000000000010010000000000000000011000000000001000000001000000000000110000000000100000000000000000000000000000000000011000000000010000011000000000000000000000000010000000000000010000001010000000000000000000000000000010000000000000000000000000001000000000000000000000001000
000000010000000001010000000000010000000000000000010000100010000000000000000000000000000000000000000000010000000000000000000000000100000000010100010000000000100000100000100000010100000100000001000000000000010010100000000000000010100000000000000000000010000100100000000000000001000000010000000000000000
011000000000000000001000000000000000000000000001001000000000001000000100000100000010001000000000000000000000000000000000100000000000010000001000010000000000000001000000000001001000010000000000000000000000000001000001000000000001001000000000000100000010000110000000000000001000000000000000000000010000
000000100000000000000000000000000000000000000000000000100000100010000000000101000010000000000000000001000000000000000010000000100000000000000000000000010000000010000000001000100100000011000000000001000010000001000000000001001000000000000000000000000000000000000010000000000000000001000010010000000100
100000100000000100000000000000000000000000000000000000000000000011100000010001000000010000100000000000000000010000000001000000010000000100000000000000000000000000000000000000100000011000000010000100000011000000000010000000100001000000000000000101000000000000000000000000001010000000000000000000000000
000000000000000000000010010000000000000000000000000000000000000000000000000000000000000000100000000000000000001000000000000100010000001000000010000000001001000000000100100000001000011000100000000000000000100000000000001000000100010000110000000001000000000000000000000000010000000000000000000000000000
000100010000100000000000000010000010000001001000000000010000000000100010000000000000000001000000000000000000000000001000001000100000000000000000000010000000000000000001010000000000000000000100000000000000100000000000000010000000000000000100000000101000000000000100000000000010000000000001000000000001
000100000010000000000000000000000000100000000010000000000000000011000000000000100000000100000000000000000000000000000000010000000000000000000001000000000101000000010000000100000100001000000000010000000000000000010000000010000000000000000000100000000000000000000100000010000100000000000100001000010000
001000100000000001000000010000000000100000001000000001100000000000000000000010000000000000000001000000000000000001000000000000000101001010100000000000000100000000000000100000000000000000000001000100000000000001000010000000000000000000000000000000010000100000000000000000000000000000000100110000000000
000100000000000000100000010000010000100000000010000000000000000100010001000000001000000000000010001000001000000000010000100100100000000000000100000000000000000000010000000000001000000100100000000000101000000000100000001000000010000000000010100010000010000100000000100000110001100000010000000100000100
000000000100010000010000000010000000000100000000010001000010000000000000000000001000000000001000011000000000000000001010100000000001000000000110100000100000000000100000000010010001000001000000000000000000000000000000000000000000001001000000001010000000000000000100000010000000000000000100100000100000
000001000000001010000000001000010000000100000000110000100000010000001000001000110000001000100000000000000000000000000000000000000000000000100100000001001000000000000001100000000000001000000001100000000000001000000000001100100000000100000000100100000000000000001001011100000100000000010010000000001000
000000001000000000001000000000000010000000000101000000000100000001010100001000110100000100000001010001011000000000000010101000100000000000000000000000001001000010000000000000000000000000001100000000000100000000000110000001000001000011000000000110000000000100111001001000000000000000000000001000000001
000000000000000000000000000000000000000001010000000000000000000000000000000000000000000000100000000000110000000100100001000000000000000000010000000000000000010000000000000000000000000001001000100000100100000000000000000000000000000001000000000000000000000000010000000001000000000000000000000000010000
010100010000000000010100000000000000100010000000000000001000000100000000000000000000000000001001000000010100001000000000000000000000000000000000000001010000000000000000000000100000000000010100001000000000000000000000000000000000000000000000000010000010000100000000000000000010000000100010000000000001
000000000000000000000000000000010010000000000000101100000100000000000000110000000000010000100010000000000000010000000000000000000010000000000010001010001000000000000010000000000000000001001000000000000000000000100010000000001000000001000001000000000000000000110100000010100000000000000000000010000000
100010000001000001001001010000110000010000000000000001001000000010000000000000000011000000000000000000001000000000000000010000101000100100000000000001001000000100000000000000000000100000000001000001000000000000000000001000001011000000000000100010000000000000000000000000000000000000000000000100010000
000000000000000001000100000000011000000000000000100000000100000001000000000000000000000000001000000000100000000000000000001000000010010000000000000000000000000000100000101000000000000000010000000000000010000000001000000000000001000000000000100000000000000000000000000100000001000000010000000000000100
000000000000000000000000000000001000100101010001000000000000010100000010000000001100010001000001001000000000000100100000000100000010000000000000110100000000000011000000000100000000000000000000010000000000000100000000001000000100000001000100000000010000000000000000000001000000000000000000000000011000
000001100010100100000000110100000001000001000001000000000010000000000000000000010000000100011010110000110000000000000000001001000100000000000000100000000000100000000000001000000000010010010100000000000000000001000000000000000000000010000000000000000000000010010000000000000000000000000000100000000000
000000001000000000010000000010100000000001000001000000110000000001000000000000000000000100000000000000000000000000100010000000000000000000000000000000001000000000000000001000000000100000000000000000010000000000001001100010100000000000000000000000000000000000100000000100001000000000100010000000010000
000001000000000000000000001000000000000010000000000000001010000000000010000000000000100000000000110000000000000010000000000000000001000000000010100000001000000000101100000000000010010000100000010011000000011000000000010000000000000000000000000000000000000000000100001010000100000000000001100000000010
000000000000001000000000000010000000000000000000010000100010000000000010100001000010001000000010000000000000000000000000000010010000000000000000100000001000100000000000000000001000100100000000010000000000001000000000000010000110100000000001000000000010000001000010010000100000000000000000000000000000
000000000000100000000000000000000100000000000000000000100000000000100000000100110000001000000100000000000100000000100000000000100000000000000010010001110000000000000000000000000000000000000000001000000000000000000000000000000010000000000000010000101010000000000011000000000000010000000000000000000100
100000000000000000000001000100000001000000000000000001000000000000000000100000000000000000000001000000010100000000100000100011001001010000000000000000000000000010000100000100000010000010000000000000000000000010000001000000100001000000000100000000000000000000000100000100001000000100100010000000000100
010000010000100010101100000001000100000001000000000000000100100000100000100000100000000000100000000100100010000000000010010000000001000100100000010000000001001000001000000000000000000000000000000000010000000011000000001000000000000000000010001000000000001110000000001000000000000000000000000000000000
010000100001000000000000000001000000000001000001001000000001000011000001000000000010000001000010010000000000000000010000000000000010000000000000000001000000100000000001000000000000000100100010000000000000000000000000000100000100010000000000000000000100000000000000000000101000000000100010010000000101
000000000000000001000000011000000000000000010000010000000110000000100000000000000000000000010000000001000000000010000010000000000001000001000000001000000000000000000000000000010010000000000000000010000000100001001000000000000000101010011000000000000010000000000010000000000000100000000001000000001000
000000000000000000010000000000000001000010000000000000000000000000000000000000000000000000000000000000000000000010000000000010000000000001000000000000000000011000000000100000000001000000000000010000011000000010000000001000100110000000001000000000000010000000100000000100010000100101000000000000000000
000001000000100000000100010000000010000001000000000001001000000100000000010001000000000000000000011000000001000010000000000000000000010000000010000000000010000000001000101000010010000000000000000000010000100000000000100000000000000000000000010000000011000010000000010000000000000001000000000000000100
000100000010000000000000000000000100000000100010000101000000000000000000000000000000010000000000100010000000000000000000100011010000000000010100000001000000000000000000000100000000000000001001000000000000001000000000000100101000000000001000000000011010100000000000100100010000000000000100000010010010
000001100000010010000100000000000000011000010000001000000000000000000000010000000001100000000000000000000000010001000000001000000001000000000000000000001000000000000000000001000000000100000000111000000001010010010000000000000000010100000000000100000000000001001000000100000000100000000000000001100000
000100000000000100000001010000000100000000000000000000000000010000100000000000000100000000000000000000000000010000000000000000000000000010000000000001000010000000000000100100000000000000000000000000011010000010001000000000000000010000000000000000000000100010000001000000000000011000000000000101010000
000101000000000000000000000001010001000000000000000000000000000011000000000000000000000000001000000000000000000000000001000000000001000000000000000000000000000000001000000000000000010010000000000000000100000000000000001001000001000000001000000100000000001000010000000000000000000000000100000000000000
000000000000000000000000100000010000000000000000000000000001100001010000000000000010000000000001001001000100000001000000000000000000110001010000000000001000000000000000000100000000000010000000100010000001000000000000100000000000000000101000000000000000001010000000000010000000000010100010000000000000
000000000000000100000001000000010000000001000000100001010000001000100000000000000000000000000000000001001010000000000000010000000000000000000000100110000000000000000000000010010000001000000100000010100010000000000000000000000100000000000000000010001000000000000000000000001010010000000100010000000000
000010010000000000010000101000000000100000000001000000000000000001100001000000000000100000000100000000000000000000000000011100000000001000000001000010000000000000000000000000000000010001000000000011000000000000000000000010000000001000000000000000000000000000010000000000000000001000000000000000000000
000100000000010000000000001000000000010011000000001000110000100000000000000000000000010000100000000000000000000000000000010000000000000100100010000000010000100000000000000101000000010000000000000000110110000000000000100100000010000000000000000000010000000000010000000000000000000000101000000000000001
000100000000000000000000000011001000010000000010000010000000000000000000000000001100000000001001000000000000000000000100000000000000001000000000000000000100000000000000000100000000100000001100000100000000000000100000000010000000100100000000000000000010000000000000100000000000000000000000000000000000
000000000000010010000000000000000110000000010000000001000010000000010000000001010010001000000000000000001000000000000000000010000001000000001000000110000000000000000000000000000000000000000100000000000001000100000000000100000000001000000001000100000000000100000100110000000000000101000000000001001001
000001000000000000010000000000000000000000100010000000000000000010000000000000000010010001000000000000110001000000001000100010001000000000000000001000000000000000000000001000000000010010000000000100000001000010000000000000000001000000000000000010010100000001100000000000011000000001100001000000000000
000000000000000000000100000000010000000000000000010100000101000000000000001001000000001000000000000000001000000000101001000000000000000000100001000000100000100000000000001000001000000000010000000000100000000000000010000000000000000000000010000001000000000000000000000000000000001000000000000000001000
000000000000000010000000000000000000000100000000101000100001000000000000000000000000101000100001000000001100100010000001000000000000000000000000000010000000000001100000000100010000000000000000100000000000000000000000000000000100000000100100100000000000000010000000100000010000001000000010000001000000
100000000100001000100000000000110000100000000000100000100000001110000010000000000001000000010000101100000000000000010000000000000001000100000000000000010000000100000000000000000000010000011000100000001000001000000001000100000000000000000000000000000000010000000000001000000000000000000000100010001000
000010000000000000100000000000000010001000000000000000000000000000010000000000101000000000000100000000010000000000100000000100000100100000001001000000000000000000000000000000010001010000000000000000000000000010000000100001000000000000010000000011100000100010100000000000000010000000000100000000000000
000001000000000000001000000001000000000000001011000000000001000010000100010100000010100000000100000000011000000001000001000000000000000000000000000100000000000100000001000000001000010000000000000000000010000000000010000100000000000010000000000000000000000000000000001000000010000000000000100000100000
000000000000000000000100001010100000000001000000001100010000000000000000100010000000000101000000000010000000000000000100000100000001000000000000000000000011000100000000100111000000100000001000000100000000000000000000000000000000000000000000000000000000000000000000000000011000000000000000000000100000
100000000000010000100100010000000000000000000101010010100000000000000010000000000000001000100000000000000000000000000000000000000000000000000000001000011000000000000100000001000010000000000000000000100000101000000000000000000001000000000000000000100010000000010000000000000000001000000000000000000000
001000000010001000000010110100000001010000000100000100000000000000000010000010000001000000000000000000000000000001000000001000000000000000011000100000000000000000010000001000000000000000000000000000000000000000000100000000000010000000000000000001100000000000000000100000100001010001000000000001000000
000000000000000000000000000001000000000000100000000100000000000010000000000000000000000000000000001000001001000010000000000000100001000000100000000000000000000100000000000000000010010100010000000000001010000000000000000001010000000000000000000000000000010000000000000000000000000000000000010000000000
000000000000000011010000001000000000000100000000000000000000000000000000000001000000000000000100000001000000000000000000000000000010000000000100000000000000000000000000000000100000000001000000000010000000000000010010000010000000000010000000000000000000010000001001000000000000000010100000000000010001
100010000000000101000000001000100000000000100000000000000000000000000000000000000000000001000000000000001000001000000000000001011000000000000001000000000100000000000011000100010001000010000001100000001000000000000100010100000000000000001101100000000000000000010000000000000100000000000000000000000100
000000000000000001000000000100001000000000000110000000111100000001000000000000001010000000000010100100100000011100100000000000011000000000000000000000000000000000100000000000010000000000010000001110000000001000000100110010000100000000000010000000000001001000000000010010001000000000000000000010000000
000100010000110000000100000001000100000000000000000000000000100100000000011001000000010010000000000000000010000010000000000000010000100100000000010000000000000000000001000000010000000000010100000010100000000000001000000000000000000000000001000000000001000001000100000010000000000000000000000000000000
110000000010001000000000000000000000000000000000000000001000100000000000000000010000000000000000000010000110100000000000000000010001110000000000000000000000100100000110010000100000010000000000000000000000010000000000100000000000010100100000000010000000000010000000000000100100000000000000000100010000
000000000001000000000000100000000010000000000010000000000000000000000000000000000000000000000000000000000000000000100000100000001000001000000000000000000000000000000001100000100011001000000101010001000000000000000000100000000000000000010000000000000000000000000000000010010000000000000000001001100000
001000010000000000001000000000000000000000000000000000000000000011000000010100000100000100000000000000000001000000000000000001000000000000000000000000000001100000011010100010000000000000000010111000100000000100100000000000000000000000100001000000000001000001100000001000000000000110000000000000000000
000000000000000000100000000000000000000000000000000000000000000000000010010000000000000001000000000000000100000000000000000000000000010000000000000000000000001000000000000100000000010000000100010000000000000010010000100000000000100000000000000000000000000001000000000000000100000000000010001100000100
000000000010000001000000000001000000000000010000010110001000000000000000001000000000000010000000100000000000100000000000000000001010000000001000001010011000000000010000010000000000000000000000000000000001000000000000101000000101001000000000000000101000001000001000000000000000000000000010010001000000
000001100000000000000000001000000010100000000100000000000000010000000001100000010000000000000000000000000000001000000100010100000011000000000000000000000100001001010000000100000000001000010000000000000000000000000000000000000001000000001000000000001000000111000110000110001100000001000000000000000000
000000000000000100000010000100000000010000000000000000000100000100010000010000100000000000100000001000000000000000000000010000001000000000000000000000000000000000000001000000001000000000000000000000000001000100000011000000000000000000000000000000000000000000000000000000000000000000001000000000000000
000000000010000000000000000001000000000000011100010000000000100000000000000000001000000000000000000000011000001001000000011100000000000000001000011010001000000000000000000001001000010000000000000000000001000010010000000000000000001000000000000000000000100000000000000000011000000000000000011000000010
010000010000000000010000000000010000000011000000000010000000000000000000001000000000000100000000000000000010001000100000010000000000000010000000000000000011000001000000000000100010000010001000001010000000001000000000010000000000000000100010000010000000000000000010010000000000000010000000000001001010
000110001000000000000100000000000000000000000000000000100010000000000000001000000000101000000000000000000010000000100000001000000000000001000000000000010100000000000000010100010000000010000000000010000000000010100001000000000000000001000100001000101001010010000000000000000000000000000000000000000000
010000100000000001000000001010000000000000000000001000000000000000000110000100000000110010000000000010000000000000000000000000001010100100011000010000000000000001100010000000000000100000000000100000000000000000100000010010010010000001000000000010100000000100000000010001000000001000000000000000000100
100010000000000000100001000000001001000000000000000000000000100000000000000000000000000100100000100010010000100000000000000000000000000000000000000011000100000000001100101000000000000100000000000101000001000000001001000010010000000000000010000001000000000000000100001000000000000000000010000000000000
000010000000000000000000000000100010000100000000000000000000000000000000000000000000101010000000000000000000001000000000000000000000000010001001001000000000100000000000000000000000000110000000000000000000000000010000000000000010010000100010000000000000100001000000000000000000000000000001000000000000
000000000000000101100000000100001000000000000000001001000000010000100000000000000000010010000000000000010000000000010000000000000000000000000001100000000000000000000000000000000000000000000010001000000100100000000000110000000000000010000000000001011100000000100000000000000000000000010000000000000001
000000000000000000010000000000000000011000100100000100000000000000001000100010000000000100000000001001001000010001100000000000000000000000000000000011000000001000000000000001000100110000010000000000010100000001000000110000000000000000001000000000001000000000001010001010000000001100001100000001000000
000010000001000000001010000000000100010000100000000000000000000000100000000010000000000000100000001000000000000000000000000000001001000000000001000001000010000000000000000000000000000010000000100000000000100000000000000000000000000000000000010000000000000000000001000000000000000000000010000010001000
000000000000000000000010001000000000000000000000011010000000000000001101000010100000001000010000000000000000000000000010000000000000010000000000000000100000000000000000000000000000000001000000000000000000000000010010001000000100000000000000100000000000011000000000000000000000000000010000000000011000
wddsaawwsswaasssasddwaaawssasdasaddswdasdwdswdaaswwswwdawsdawadwssawsswadwaaaassdsaadadawwwssasdwasasawddaawsaawswdwsasawdawwwdaasasswsswasawdasaddaawdswaswsddaswwdasaawwadsadwawdwassswwwwdsasaaswswsddsaaddsadwdwsdsawsaddwsasdsddsawwwadwasssdsawsadadwdawdwdaddwwswwddswdwdaddsdaddsdasdsdawdaswasdsadasdwawssassdddsdsadadadadassdsaddasswaawaswsawwaaaswawdwssdaddaawdaasawadssddsssddssdwasdwsdwwaaswadddwaaswwsdsaaawawssaaadddwsddwdaasaaawwdawsdsdsaadwaadadasdadadwsawsdadadadadddwdsdsdddasawsdaaswsdas
