453107940646650568959901
394440193028329165423976
398748485584602182263284
486375264274043935636360
297136135533109884702617
605785465524550799540813
761290212844532593743858
603901774064129315541709
407180063854970906478820
184841103260814694348589
525139078637191145045858
779280798216600332281297
589172557987074518348410
474956589424564951515353
249897907246085703814225
384494638535908039211425
400884092569730705727140
605391267138248849788445
335179986461058342121652
367285586112086286235978
536256167175247394248645
126552129792692790329042
535933844642063422667194
333571500817237561149385
574543012060713640484852
635131279492904253357250
176350979042615266214005
332323140669121051475029
388449174374026181453273
533469624913892613800605
695461488586466788163477
523801356060038882201896
612031439987559403678165
419337980848438633618466
532506634378741634462370
410758706505579797294789
344122708739882514928372
375327000338915716527746
629109894176563947370002
632730511300660161977920
678758464872803966387426
797686456910629144677125
489778194575539479142930
595605126433725544422533
590475283864533261366629
670794759277353631189450
199058107365832102652941
511983845708276650314250
557210835921410099480930
330576356162554217195465
767318051116051771458610
818401978124681046817562
461146144715617276998097
482440257253025173449572
686149668145281294451909
466236493120554865642613
639579774698308966494010
467524339416848988487053
525950917481419259349988
506952959994467593075585
561513686598012481986157
281200544619992316496976
451216086434645586971321
639334334269623919467908
301093046473233918995642
495493187194982777698989
448463273812944470813538
371076951912654650017021
412277009333167969727760
482633101190278503205973
269538486315810513425725
747975541015980971358260
661432732736872768016869
518317516904519762083300
757033003693378324766221
482393182749773456548525
572873278826731653339545
558099258402364682415530
448359337031811476246442
639651535057949639035498
325985530809277748152729
329492326198276223001620
421916589437075851642933
429932425488797007510800
370308694113282316315010
634773368069065593958213
699967720896986771014409
532883126238357245405954
319784417729243022356932
502607266624835641937650
532089964008170829832500
272287367145735092061349
599875712807133597337477
452215705741753284816313
559972100560058745689885
597289985747046699503417
397333568380910178152552
155136530290242842662337
525649124546039805081556
595405628613828803614378
623476136475691478275861
375925266070009425045988
704718585607999299430826
551360281605454444337906
324342627782015317247218
254399459673230865003709
587707682126539722012621
349706911343039718767165
463022460944226160465897
451393348205074038191665
403782511808551322040205
575545425906000199933300
238090217516690572672784
525559221554577616217125
314487170848088552457170
519059019836079824971225
622053270162364949425354
358567395908365191349009
419300083798006729818240
399605092777595924874917
475478900327762645369449
503646602062129979680165
376233452162665828341092
967777285295972231883317
633254476551548448105329
393404747717281503001849
373734257083369987969261
281970612413313976076800
988267637789391937406120
518343126792206965621076
825363709921854409123813
581121582804326097469773
750772277173511840453986
290707921399161781993565
546635361943095019759165
658962338590028760014421
618691650841876296177890
549670552638911278336225
398538293944383579260401
547445598733359496445689
339744059009099095149929
724007293090616255609360
390427237463396132694416
553724842357960580875112
519755094818019582717533
558566986158477487754665
696323053596435748842852
709090242347152421869945
396402129034984008787474
842095827666254188772496
359746338617737573432564
780308769376484235183341
263524516768884566090341
112544627057162167617077
570447405183965644092865
513098518136988322362850
666177391601800291215425
468682778827374421993745
410427658648394996782868
628601881628156776841890
364202226499199516274821
713175526563311149926085
404450644193110260831609
574123730618761293845921
492011666100097589037065
538425695876188172890625
547394406034399868523842
790589405445688961579585
585955144628899217466660
299438751646956821606901
383811707462144095238809
248933398335165859883552
369941136058557574977065
618394537476277220100754
281675688343584370634378
589340939016907934402101
258113903842969390341205
350239731326980004719876
705302250327458754383684
727013781778848273292482
404344503711007259557493
632963679673661238561250
466120300615832023706345
287806473345848847760045
427085714969157027874401
356627724009013690540324
834955427874278217721805
232702420541688740975641
347989177325562168660778
284756113269504216211229
490570467392801083129805
479185289807592007354793
681299022174786652317476
518554191225647929066985
609144135511474662348677
709387111414381426687706
903658450344727222308325
324441401243357168632682
279870385447032317932385
349121984555337546376837
719980273714894692174085
307721935967655369501380
695823375263352814739365
146975985158792860214225
229154385205464092277345
450467250593658561522874
259462178664362735368616
550857150207647873383298
784678989589884037974737
407790580953214423494666
627160703074483403092541
213151090505399709037325
618901778418505018228388
552148113155037075063025
722605176128509130540192
484744160219881475326361
421266955627287289316169
715853212974466350025801
741794473513495200166388
519068660623855707415429
484452421680419252720146
398536914109674630111770
845848518407833383500693
559537307086111867966025
238614795810086580183193
554073894027658303688720
589018309720406452317149
722195717572392449078125
494747416208698520917505
492513441798263451224929
875542875526664782526162
415713552710003296902900
653257795353267753904429
735748880247539285700593
438694021651180155827665
618420687176775896174880
725962128954704478772354
394966961755741477688308
694318121157659571510685
531840421296407012601370
572181018036773670211573
628344185161030291684112
743149483997869649098098
431011055013642351203506
258441667789746153098009
303435484622566778661409
500427652007024546403517
412111521164079877406290
326096896759186330557482
260058725339881266516749
570481658536886835400925
453958400865747006867586
572076991434558043756426
508506343539316244274685
384418975136677918518362
489983684871780482687105
574517723632633449974434
690392852665305175384480
709528040149277076925585
732516844153211799239962
401850524457524029208936
919917678972538201658602
518316630857891670606100
296493031811182547773984
486762563258191224699346
733529054164232939833125
708999724176087798293746
320673474824229624359077
726550420332030189044069
292724735191663761627034
734960744484668505732002
317546379605932662729809
257683902338516765753305
435105431767739038024256
452919271287631044820069
329231286084302721750797
454447042524597544199944
502674224225158321953493
490436134460987080200469
565763643777247123591370
598474192882712148753362
439544051093488741287161
484670992330175269507250
685750324014420963983089
383456276185945936882714
504305134048235110705882
512073875718513653320168
802855123726338789122938
329416104615751425185629
783533186371636687761641
427714365993678826724061
513342313019920961508256
327347547461040790759465
495646412468335830752948
590040392948139830794004
304569521594310037331956
508548800146541624215588
564989315426338228234461
402264764753424402687841
583998971056839587515693
488189846304484605679725
798421640568871508993380
367312713175497020977876
709792446302170388741522
303841380688408645239193
350431799996801569696037
521530467183558065608768
678173238848370463488709
377083291720985877142189
658046559377465301077684
601437819763110248918341
548344529196135219799513
310991613294805407068004
479770647892710263865001
685982043186521937678513
409975530737866355580660
434166448334792155051472
724686845664179232128260
448393434193830671644946
193001932567973311818016
277314832128847993374346
630962416621669725498977
462122175671688067106308
642501923285562647782645
276724089793475626156522
341507438555437312454410
488903682330688486107706
629153763621253850458900
750740673188954314010714
528758847316952704828741
639815958894918821644045
387534988081225677125954
824033407201045692177728
304404926966101760129425
389983187872065814824145
562184359810867263166757
654617180142672937251364
300234219418917103435001
280755932104016802752258
593148101910333012815481
245451291303414292121122
764372824254164094710164
618696182301530207045642
169936497374250270185114
774627112741058367110501
665394646627628561499434
513639400105590589364090
549241264264941967717093
550646222537726616324770
428117348207846762345736
395296243254494656962201
500913103522375532263417
352677926982586851798804
472319164303368545775673
586027774191486602370536
353879684981881753851449
634991902330007181471898
377852524399165046240585
412101931425012634077090
367432552330744323556090
758294021996399633557970
769585259098289015618330
351034829618734445287028
408222441177534387539290
588202838414269275757133
529274559893561374776325
648904056935515822828170
746744106430055251546345
554922450076234984928314
469121190301433562950377
775500650343653148697588
522887321795774586407557
618975176927260870465706
357987312512076504166729
453443447260917070215337
642217480891614399061666
432815371667561928654401
390938641015930243189754
548733133014335805254597
633588437639179610194786
359732068478277763434245
514409732433887020029665
814440370409427367947745
446160879142716871993810
556798095255419176949145
509892543327123845818960
241213735236817347437530
442373746879717777411965
289134539658278261207237
467785089989472012622153
286735814674175980712212
523552892500230154399417
517995813478513570945925
754810317526314746505933
604431768818602470357097
650483913535850362556597
441597875854818563434333
342509448255279305349634
427662092808518449717669
548515913989600684651761
463590735087367138447625
738251792872007840699620
600383533422694513406074
344201667753488775595300
503312382804081408098018
408624061597648022852821
630136644638159018152885
252090308488151147082169
413635142704525915309501
554825237959200949655434
557990374831863086335997
663998700274641080700130
567658097127650777524337
785793765096554224481770
471732867511179117282101
551711970033323811616097
387037997096814327761485
856271157662186206763300
765629894994950558986597
397780886679083105778925
362330784754559479454756
626599622570236222163009
588246978555088867832201
238367808322904674392640
369770658912393670821949
395566973836778533069674
503338355114552263250977
611345947815256576818218
294892402119702267914020
229049975788033247669160
193136612719231699861841
324098477419506282928640
565441044186219588217000
645311453328819499845290
603981672255557912720233
511493449714395030196274
554177466103850838229921
717019655445393874891208
252779520408835164893405
708969260843257987073345
480131759839053445626065
528097555159071001446653
613914502894366811560625
476734273636041004586356
397048848592932729079057
392837868542499195695749
555674268064529467305733
249559358546490409599048
375527764894483070635090
610009965875836997034346
522208801484666754105796
676543994606162672808417
515495734423451406844309
544478817884973620023570
464853303381232990673450
743272111160444427066964
655940758054607253844226
652052833742402871443717
342089527429094122749314
589122281074586795441141
254651123957853953841993
606694573835623532686468
691664365774038867567460
234769975273627806133512
155285748765810580840900
360815497704191644975240
518539289472903746765540
536262158656553973428293
236387004865214891168080
272929773175191198791240
496046771092084548792677
612311075493415486940484
745075518923692172075425
647165118943010584725385
717534602302444839127925
532252520397885788330477
200772819039936095082884
457346039357209479519760
461570896982577261026426
656310722373524305099981
269772435887329212781525
529939649454528056953490
295469450384875769611530
482494851566442265808098
503988254409190246861392
381406876689021541450013
261387156545012917392565
543464373610193251095764
813723650041396032422432
764389200325157686508688
393355011597709431914893
357410094242570936064745
577644555101392543492100
598457798749281319896818
539518296897596520660384
402836129866144422443573
518643469014460124095154
328977712833017760131360
629798692677953797649565
445905834293614781324180
490465152547247050970725
482218470645362650622965
291088960911774358627090
407722084651774571541913
620741333655577558738868
371538291608615392224196
366568626020795788683172
365598586133357922917584
478019949109874890275330
433976128923317341870613
627344311263376887230794
594199390881000986224468
740417199830080415515753
523223605633790763125066
271666695427040350665706
464992612584264997410553
668019196236970666234952
207839917415168638782481
615826870257790122063466
541551989802506950006090
439296572530323052097096
935416752468576898779130
356825387214798293942705
595748963747360537908897
477064856302114436474465
578805457357440874546250
285773778529721205732234
232386995444152029154129
391935641152531727711466
513258796928831518574354
352545602295026050542634
514145596622129302121329
387844273128613145468317
530351252308223766403112
481328521959348492584989
466418275777888892485277
422363189151936305678249
431657549064973937150504
609238515050255327380004
684396149893582925478893
325590213587170888054705
164662067080580631316037
497864650822438797374581
445131237659553012253117
294601476331586527909754
838323647417356593295610
578389873785966915632545
868919426433348310435109
366686908306797007831761
269607117304676410258849
638212203897889184012585
622411883433864295698133
546214496207620501334173
442224244680578468305616
602819855299996047705850
535054168606515432879656
469272899280179519014565
412461381126029530244905
238583805330350025315828
557366040254257498075892
408726077946192414255250
530962912395005391520290
370374424200050316736050
506644739089606907986693
558070278581605569689969
684910143103015160178457
704595266538367932767197
373586452424494030577700
587580236402591747203477
312102220232492418641989
602202624511098335816986
949148804020010743755981
780218187292826939788421
198957270418237844961556
657657332401078195865332
794435219697652835307370
487621795750172610725650
344185402575029116615001
467532124416510382013402
617878767646495254086372
518518140144601161388850
443580081260154453391976
625354207053244459399465
475820075755996627368050
434516851486757643859268
627224266266203706490912
390908766789918355092970
484118500297314654705028
544726125656589937034234
660890757330613200369785
702794869514789072310500
675679834758060120791725
665843426861848701957556
459579289994313618923300
501627039098144237675837
595740460301450372588852
509381176403153733838601
643541911228385433784610
502502876221221190537844
411577916480652889494701
218810713710785834173348
383017813098617014672050
766208294509672438911176
505173222617788734768485
224292670284226390111229
413142633057351512319561
400094881212758762940013
567546170547212387151322
458782728597092271477706
459081060042986290253160
546562433561602985481410
467775591518820569136829
358096864232144663580825
666583907204341034879434
618110338815067568695165
354929315439261656386312
656332251061185806688260
323750450584296763542848
364862196263854910709985
250432163521104840189905
689472745424459804269780
400114121835001276713826
278601287622192771178865
619843354741745335017893
471608384884582786806649
501825402041542808299496
409088526690475494244570
314867921452131998277301
240457842050784439940613
490025463659290174937940
592211988801759096561233
314701193633811398527401
478473524282617591950325
313755899497213047424317
498511477774993970156266
444604092577411806374301
560136111100967225738425
301678988523172974012773
433417763490977271751645
658474064008762889296421
405354302637552279463684
440891302477574456547845
689507304330871904092733
547125255505971155430932
618489957770401433379793
470144816893937181249773
426321998345437269954453
470547023877418949264329
517375852499985321257725
576414071452313965739597
645701717692371445375140
514674203290018567083424
420437121637569726872509
502805957709231631405274
465746813461742528471396
445914688369344419681021
635932641961684224111065
808353903820696137149821
253873566538393024260721
451096672005628748584405
515524432839737330563537
619532247460733201991789
736377272793300398935933
596581406064050684946497
534225727561867900020449
532447630135961077784489
