971822087375603405256877
708816291564545098716465
1075732525344864946938205
560566040915985084994754
662159557861968046941220
885826526557738343805490
1142010980960726038446010
923561998298621153056826
281202901184883060565909
1037600674078376395028212
838512067122130599587425
531754825078911138531885
844372658855126888780072
1312206105737705305185473
801267052944597288436404
796862937029550274558984
884925439885185009920324
459557624031073179301609
1011110128780771359648901
602633642486365397272417
900620387282799920716930
543066727511809637698186
209111214388789428070581
565880552405002084362706
548602514043310806178625
645201844633660818616525
815458123477889949802100
585286556835255653365604
335158678671103118097333
741267325696186316187773
425811686688816066782152
529538344634664663106361
516743513571855019726845
1239033118630122543527245
879771443132348761795938
1015151647611461191265165
837573907296777622895540
1352765120589585667014170
785183382701477606075293
1141222557049095507102938
1456088435625120537778137
995105282398928922173850
559397214103624676876429
1416005439468523996745945
863103008354147494063225
857588169157976945853853
895043573796012159816305
1363575369958067185009085
1199425586877718792684245
654801460353031232325053
1245815986260537589512586
508772392764276695852258
1225507193275181116799641
422279274087610390344989
711726871429658275660817
860678753196171412137730
1414466058440603160886801
808796147172982414280080
770755903964775850577705
1015910337983629401517441
803470441990655583976100
960468106842204143666500
594911332627542628887284
997921800794470933006594
526418074546779816191048
567953518120004788515226
669667256215763778869741
603201758943628712972513
1188685522629034998945488
908562999417078848995709
1118767976319904305201585
628894746749630687305057
762378013400850421242692
920788543667514859441780
844625781475976497593242
1245371015199240109837234
778386460886305140974338
692448025643408736566498
963121509781219218038778
1569805009092479623621645
1229089885978952971998077
743987374489767164047540
1008672416153931507659442
572516081642700150533554
959982540279085730021625
1272992746577294151123898
617914019701394487487586
907187037965853347887258
299294427592815832165925
1014002717123031628937149
722520150111478434312986
938177909843151285561760
1116617657234296880828072
435433953602519460054061
336005243511394534548865
769315014843471558799300
415732542961956853410073
495469358452264971728890
787021814297921692326824
693883839220639269840677
929795216068071557761981
861948548271121014592434
980073618934111216326250
1128926021195588341201585
1245039879613382446388000
1070017344127481735570770
600571157711618448689821
905821388169225273392770
649183141589962897192138
423201198979745409812212
788299439236133461795341
1266375562091998786311760
381327303418696860593026
715603800409859907902457
1527314962562451395930389
817213934140181523416336
1321263554773316680783625
866278122226877702983329
855303661972293221833381
1429188769803875177375109
868148422039208497987028
1081566174818250557152021
326837287257648262303234
612067994994342882858425
524356193362188466014661
419684907357307632577770
607988993092812944843984
890818540745887850125060
599268285612312187792765
369002985868207483273274
481888065947295553778341
907307204372661792719618
752489015854417549705946
506662885471192551316757
396294930900786994913425
562338495923858120150433
697174604612752123421972
899476938250927840655141
858566178924157607087314
688406830634230675613876
649604021488524789639833
973455481977615888174148
901449529782764589205250
493927721664862227401641
1159396045094154737778445
739464511076974895916097
1056555931749891899530538
692395524648080579580489
737470698365748409174073
969896137806524912708250
930920214025905778981826
710203545807099870384917
399574938579073294898797
462678959157304885666448
649129144391943283967780
392149300529817891451081
1123369219330716964977674
592682657537182925646041
885956093029953388009121
1244018916320512094544506
544129250120042402418901
717886639071042945412570
772446020673137313362282
798171075741245450671237
321111689089799105983325
518864136053838622691761
768598416635808067226980
1406808097666128803179642
946880445569317975726205
676639852909859686105480
612540407662283402940340
841702534968376564572240
925842417464078420320625
742434241477599236696548
1224720228776054098452785
584524217647923979173421
655202746196202730001693
1175302778937026180659994
672416998302822219827705
576557318454851808225545
538284631696201361187368
421180123977754130185965
662040153431010733822893
675571067490465041901989
1044396632687782490410450
595031706057189582372050
888685887731071568277762
872860568645670291186644
1656206495521554648391754
1393164020991943615278980
1356194062907419090736690
1303287622005519055861537
543504141626701782461357
1217073245753428890190250
787869496615080553320104
1493822047788553309156962
397825428675715453675385
892463100735279936145552
969366449762855119785085
927255994238594326633450
498955002095633188592744
747653240843122490909146
650002210342540801536181
564528307947125786424793
942398611412395210244145
931183879453627576635970
423547673986401058171298
373218535424605066064416
1089352756453489714077970
824035239465852360960221
1024188817672686806871545
959834142567387345804490
433905601257587825675425
675460003662298302785365
606709247481910330239092
1199533710122120200579216
1269758225733588834897458
1011446491746435537709314
912129818719435676275330
408066897852105278784994
574801307723200686935281
313408158570454815093146
787241983583482731617941
1635897253428716674573714
568959276073999064667642
707964734763656935010482
958668422517092000405345
743194944104598122881433
1328323133537018392887977
485435369750306284182010
919289629494026703877653
1129002283284285263783940
1190233686352142962998338
1068614369322134302982385
444266414531883343402649
477385746910273026252034
658153227249230150826754
429937032099717668315341
551973693295313472983533
1252502730121738349746057
400530244547714531868865
1681662293384725425726569
364881738653560736792200
779638209695333385646745
774859378328752470395080
1404834666645417388001730
1431601183966975096084857
792933137397633254050640
726049306399082957049925
1102177583916467782279624
840797796890416744329241
614301599993666010134589
421511258517682331603284
751782051976803712808996
176180014609181005286089
661650555448048147150250
704685525236777191121370
1581793098917541593874705
682072253610659370356228
651006741024582743718809
770601853729393242469636
1083761270048863653040562
1600058678718291541824069
635724483112972240402274
430787480993996000165477
692294083309179241690090
1044297904585207637634925
296139864220458794644729
1255871328819835622515625
955256559295452507360205
808860333497827203585512
505760313864790986468290
603184016135477568895961
1553634673811926312779578
578021199409139130174077
1101341028631668513171508
935434798117625605329773
923499869842988067091304
656987969875317192418472
1214044643930598721445485
607414557009230809100245
938960010982620813048725
1024814718410654377449044
494630136136886820614705
937348331991003218226937
579267234839005208744533
590534854304790925191668
387772356502125094426085
651966466645033236096745
1224684254743179915620962
523049114571944535453397
935684748634909024089098
489288702747919591489573
870919209451971976717306
164184609509040049762760
828797064183561987466297
849638919071926972037249
849278484403873786724944
699559764010794664332904
1107982629084849325223140
437533918934607747225641
1168202457390233921067850
1587060278812825800204820
844402841796709810768865
927178000788110817233977
886327423691467652971609
746675091717838453367258
1245774921442380011293866
646663026936340419456893
152734682381123877538624
967097000881364834183530
1651358485932674784342532
844327638572085595242169
778108602001962793014265
686611177657071446269800
1304508493280652738538330
652660334582058900401341
725325274884263986105704
237353300928897385430612
1175370033970953801975748
1404396647153717404107425
770299088624295720531093
424038926938668216493061
819043589420063757106837
589496799608720881919314
621934740161660066411290
559738470445531809572225
1010611920440693807554330
1185257504810791734101397
1104393792561952128532250
918151582006582723240145
894558129436546552124645
513688140802942758609700
656084696194922286782810
702685876573032157233796
692817247752911546301637
1117717888768922348302880
792939461584583606227169
1072547991550862021009090
529193343781536488699665
387271520925367929968585
860311768109305944295330
1257352847519388707324200
444153791271964034401586
1292613730436216592555409
1067962067528466458047225
876936418937454729494096
1282323639073197075077945
594270428756290233899816
1563358337905932438631153
380784759583979863118682
541534710220515952970885
1038170772642559955477768
552723688410851304780325
880454791926372385235849
652130491299772399066237
493694359679727761234320
238724991502896818748293
597691189159327307823386
774409349096115267931625
881666112898590430427653
893186374504192917210100
827336720046684182319493
404050078660527487768168
266499964934528033590162
588884253655736276820509
435623250625324403400580
606363212153086102568597
857393137407519139015549
446971077898926559724160
442249955359548583540754
423639724781270946781073
708411740216694814233602
1256946044615775285061348
1035226965229697126297421
753877564816586407717570
1294411839658143103794865
965625465868853604517897
495364559917434337438501
451383882551296898994178
501569276632457267202665
613771199337481766448850
499397481186952173159490
415216811701899353325173
1136524868347657912109725
915888097728099301122692
721734452772532969170824
378493528423552115904785
1018135400748434929310825
946240394205139273415573
1125668577336516107786120
1460850435858258264336661
1117943009311084703626298
1463376056727858452489713
706951110635987962891680
898249044590548841478325
1114507373113636971391754
992448237829648483017373
936767538250267818184825
956817892674994132488833
463276894505341612139677
439358775943419888046570
1244576931874261678493442
272663014038172520655865
825314433183984044078802
729166973725608191412665
554390501903667926938354
710732937471815869420093
398575940987713579583729
314483813401907482969588
1008417204411886943585300
983545957069563453713890
1409053720123707854475997
382506297878965858268229
536877229704264040467026
753950625353284273191290
682040188526998432816906
1087126342718501709921850
908579495227893426604234
779672680262814628153800
1574213389978387399088068
1102228998852714738240260
1121133231346074380046314
936790393525928176809025
847378570034231522044729
697459476375338212669316
693120346344481179177821
696984468117815047867540
443903973713177237504570
594453338766432523726793
866806337528892856784093
841033786629541196914781
395768084532328024979625
1005652736713683949325684
475045206538002973263625
571114404254779677486506
436900895136873348244873
743920810696738071098377
618217544122914090311485
969086385036294084763394
1111952218350782697104981
772737034292808089624080
501317661449484777844913
520738749855070493445709
526854463195318605907753
820289342437676594627300
1325645474257226092070997
993800216308601389902650
832405415387449640135764
963818716503945783620393
1167195322780010017019201
1091200623553654866033940
1144832766210167992809165
786617848837850370820657
608355494874396817343321
1113473384259399401124340
1302261397201419277852676
776787500478591552475757
1048844078367137359412040
183517149767806343418250
520972147740198615490514
1025583452356888350486836
1129366982314411956434090
697845424553513731907129
919446635253229374606301
977605865170619714739509
362713753830489503338861
712488147112821494131938
476572084226681771210825
448603716488157416378205
1415246509894306751477908
1013039810903876567524813
757798849943284561126445
609737342787448350322698
636732659583642579980320
1275891547945916799748240
795465272201638972219304
976235071393844077415680
852939837420770414086105
244581182602224442863986
708224709864410322345970
437675169562451478786281
891193623714358123357930
595947913148819983032277
1182720513536701030525825
1206318539122307958333985
1326096468691906092396682
455248617093459250119001
589198928735621093740058
480893960817778548400226
563073614107720917315460
706774363728042787485185
915265712655353547226888
604534142398446589371074
870837741974241457950733
906683255931860692935373
1271541117905082291763037
1281360390835940501315233
1352504910989813227819709
567280645845572411489081
1112984434988795874283925
603805574639586949765897
819646015568063370596465
678468446321791256554516
1609175398902757935202593
643366401283965702990793
760169444286826185585280
775058317086264431436385
727386739756593040048840
868016265389059732522105
1145479060016364015026698
1476253853177330208431970
678135180890492001877570
671785931189150203930165
740918649294922342855370
660702227986341613585305
914043967485048592781189
472048530396900461070196
408100344758094875470481
966032811118900682917345
1507511513510941522450874
204778627252302081471805
564829105029687291576533
1447614639859981768588845
793530982235961646551929
881396886264091141505333
542414691614362826618105
850928403114948156860234
326264824515937241695457
1100214893777999451677773
441123744342072069707720
807238577103274608551401
704813443139817476542754
1256451225343408576759432
706885787292658456351874
338453583606644679751090
1002208842130072259192285
1182060361282918467527645
931098844782866754755249
817481849772556291604290
669531317643756047843450
178914880935586510298285
473261995094742000123730
737489784905792772624146
549718052517373411917440
644582902149684092272273
1302961729291436457503780
565860838306706176979914
665134983099051207786413
476048101216772933467508
921804214825131384105242
793943742134213095268365
564410718686840658324896
907272104265710380330633
452897973918356757899296
427458295504943780339920
435876283703940984217161
946310147786990678790265
677307614656617266129117
993729615886597806534925
1237535057352746533561277
1042462174147363051040221
758736498584881069942600
481955959465975381870100
314383504361892033255889
1377974504962309925300825
1527774181185354198647242
1305963306291889988424090
599083628918642982846485
879803797996463622522437
585600712657427477052820
1070793487697297748597261
730391321456091673981145
494241275163375473429821
983393952492530504587957
680260642056094625852002
1128771460545351198880921
1006684316071763172798925
767938257023934479502058
663762448254759793701840
1047622828556130944837714
733694470947094686733994
1044869643315059595046345
666981673863710336643572
632960225554477304319784
571253410534793586930292
926841554287315405987536
1309410316966022786380645
872828619849035887044500
1051476212168557485862817
772677086098670535016576
603039434274430602167269
778748456204301402960677
948109547165658612509042
647408666718893842627498
895569606822211051274645
338583716088445493350120
1120046474399892670002245
455380059868199977791985
1017139386249833152926625
421919213181240957138001
634435262914352229597250
433770906523483538979818
621596722585509500097269
1231328103653107349599784
674775878686431557258345
327641920379223438023685
1034062773034723939538344
469400841938989641342370
1379890813673414622591234
690895486048427814640532
458776075357608670047220
1166915631076264247671753
1335415341823644486903668
1417428956801926871051314
1291912162447007657780969
957335651415887955720452
800970132328771124879105
619376175065709345001640
1069000161843356436144800
477837713610950716650005
710837494802411249577960
1179330607670716835434728
913755272546286657192725
1095949747041209864321410
1444440489164656075379620
759104494010810183713333
550541062039743246811664
299036802904643552375489
829266720105859292077834
1383662048774430337720468
1265124679906977518248960
663159145964229019035970
382529902295404059857986
1146578918886877848177065
1343169707587792904820305
933495968504542524438097
695387276865555583168834
1387784875086091097599426
973937644230337528599421
608362230763836736183705
1530413609258611801702837
863411836109933080683245
873439210393591261358306
1246345544568839413414453
372542564124882286180849
507630450030516961473825
340075937227811144220841
1048601484093548743516874
625161630277106684880345
1000123061823990826312905
514587397730126000880100
711038397510512131150186
1536153914168209038091010
598919518614186984238504
980258667196546678496264
634515425335474183390786
1020069484394092299302713
520170677410369207595197
977277233019870018226250
1251524294125797838592125
1484114180170111513132337
