1979315223940707333275354
337267991579212068171266
1374725781721493632381717
940100049210862853731522
1782242665884878945484644
488287180591179434042489
298673196612170090664221
868082307826136648533466
540414890935700320578825
1661139691679148189800813
671956432652363158129570
1287691743902433708970026
291329298273758887632802
1128437433293913181838449
1252177142777158968404042
1135021220501671133086600
609396176825428990430953
2157972163775333151105322
459004054424172106690513
746075694286670146242930
271437005544657536255357
543577859384598383479360
1836354641993294258601497
1070306980609112168998725
1686593656969430241768730
2392634700108907544422730
496102825422027423634165
526027132425136693147789
709563915462686868097013
2178561485478554515910740
1338196059410543012970445
1088549174100221606805337
549629764065839850276445
346304866934200742805050
1643612832704885240875442
1168218581905034376886093
1223157408499003648642920
1507878743962082909117002
823269849826589724392180
1187288153805793063967057
573016306699070005886633
1986511689116613761526916
243636163442172611747685
564432323693046685486450
1563731857113719385607853
333986320961690523038065
2306313879826794790351450
2739411826874719650732973
433559165990297635099177
933644577939534773897533
165846645843230139617930
460222353286537962682861
1657839660352232592807337
1799919973426341498068785
490707694104492321751328
1365161306890443016410805
568069588224132972499540
1564116222902547777823337
606040758419034591886669
230574433968359235419848
1858894650869672729188130
1337218514887731468471565
903652521015035790571058
674214449793056690714884
722781508594952594768857
2554596679420814004902605
1026491831994395743648121
1313038061676635501878420
939214432441905192354421
1673478231869949114144202
270147747264104557586057
344300881788162538867253
1273899412464191838264713
2297919218127724012325309
1326695548119913474011610
1070327767218833724017677
1318746359246876682235210
841716730324295017442681
383219510145818996218553
602657109279321387947636
543579386115308461450450
596438829761678758653760
1248082389725388537974165
779872466737661833713677
2468967539354888133175237
868735878026543238685073
1666472381097184732922485
2467357461641751931866896
489730837280503976704804
2333020062879580571403197
899641040974038746506850
2122443123795135890836913
1117795069428590425469056
710109714871119603163097
380484622387147115489301
781889414890398967213858
1701186485237203686876353
1729788457790507997634889
535805249586923967673634
683094893147641746991089
469300945928461223068729
2754643258767591346460625
1536167030669520019424210
814878191805031754160133
1877102824900414593861332
626549050356773986695125
1852899899984817150947572
480771134471150873989173
567889299906538968708305
818250665785314421449808
1727789375549086990998728
650129666840981566153525
121115848621222484647514
573535460930720730926545
277364943399326014006693
240648508973772989004500
759391487233333079518276
1060138354737618528180049
1795027772594986533607625
849089966895386877047890
663041256017718363316690
704204673060725256522177
978359659252469698418408
647949466016419441088260
544081291114867842365065
797865136531022762542469
522241141728216633559624
1037892063176823873070112
1980843357216787226491145
434388693483058749785300
1267288831269673916824832
1291108435770702719038465
1442994132057872168918449
225567173410127748427453
2491242157139606398924481
1004720550271082262266633
828840028029804006599330
509735284959909570228000
2477450787687832367129360
989309163122520290578805
1752752861949786877220962
969304370015143082294197
1181266864192380300084037
1945361986821571527951376
586529258780358751457717
1202524799166236981999026
260746378031674875890384
580179364937422251184825
1734075602627304204878240
268322321448871455030688
1234095659559407408454784
658827128628289683539705
879660838781559482234269
320995356528032634168656
486113866541714968670941
2009209966320827040805544
794366288116723938734353
871880356635397129031005
1290235538806208938392577
1189705640128511169373706
258352918433981893815169
600521882285271966415412
285553521265014507518698
1282514557068669944108576
439705944803344008577586
683504451197288467137434
544167486051167923555469
977560699400242333014352
1411088168169191725715890
423917776209981073126066
1454728475537024063358853
855807264866271401403193
478016976295244714835545
385282264903398817341133
581949504188177904511778
1291612781515155648014789
1403094699678425437737941
1386309844998658265920721
1428045917650603923995441
585556597621166479660580
1210906982021904055866100
1265661355323234011090724
1010287852595195654263401
288781281884789369325017
668191936319878540407850
537603639497967963343205
840988653441361245397328
979067462469887067036833
999208037189840410775650
1003348777662035576944325
1337926340923596493737901
976065872511057162372001
518179883026366148444541
951376914854175912543877
695493552670814030770066
1492320873560679032720648
1892308896063373181916785
2286209427434666624508424
2109085425313878198936986
857102693074783782037700
726095547027675759126634
2232801979406207909441810
1195380796962869521956989
928039217586236823694356
442025478070895682093541
981798126900181178172577
842551485798857413830578
510706534468552265417713
746933769617655142828960
477057949853779753467029
649144489004411517962100
1708539215176939074306525
246277362710232274099025
558857729478760760366953
907998915173679172574288
200337988946837455207085
1160600490365119405062005
748675432784374900680485
1962276316464193927272100
1255072462345080978082177
775527102939002724322805
924868117880184717741250
1556620023544087936740650
1060095266885434504873585
504538442134192308554962
895199740534739292320389
1046182832615929048719205
464334835203634926288122
531380809117454572400020
1820099241983557189280249
844744272954585457131050
709432551351168383625629
396724940442816352923421
332901548549515424669060
578250792077049452218960
1379930919247956564283609
737451102852911663221178
633960765216253822919634
515405768416648321537076
1460809448579790144556850
1632435607007830084033285
1553696581046852038654754
751714173031302640624085
2373834313872380142076520
2037851998583785335639290
344185441878553971094541
811982411537661112918090
1002998210032445079337801
1718429379358972589021437
528242552338965877757444
2597458816826428153054536
769558700450744831885908
1097656175905246426855450
228138123138507353207797
635246910850773514366706
912682156159445849683081
1736883841034492903406400
1333736777402261958370690
479744675707463105888125
1515042901169052537072305
1066209374734916561558033
390181650656320150196274
1638201341918481823293220
2331488354787280346089330
172259210372294783957074
688578338527856608501732
192389861353479582292708
539499313370072502381458
1404114572613022246717877
1672094700540578162346472
2233255653825523364151497
321355852057199911905922
1734792248737059554064185
860087341470733872271289
409777266851753803824977
721854811664726133803521
2586880205800970483623129
695987602779544872550696
1282130322691107655706593
698540182187702763371450
528956382296353731239810
913029907786776045502922
488442124420273292525285
562723287179629990016677
975850120252802904117529
723089388464619624254096
729878729844770962302496
1087706063871436144351801
2506980464059924870991857
542994626545181972944865
1387776720760108323442832
2142956880207545044423444
1815083190281147340673412
1319084133284688705634753
551509424113659954540176
1098216752098372489982788
1167649944654786112895930
2467959865859842636660101
551851110438359918579530
1128914563815664777076714
802138848574114987278698
1949623877390957879855146
256083844766137915164025
1780134090651324037527125
1825487805681986233214465
1223788356233862811988426
880408235417442658572025
622464947843404292805349
1601568925874900483312890
1588870087228323533664665
701585677238666605613082
570609543058207624751245
1040520820834712936889826
1390007351003069428579933
1909530613691116002654905
1033321780773690295576581
1065161515506522369247568
1869689692758911795581154
2401886472821701237870280
1463429953942863679356145
1070613144750366795124777
565747560578470425285800
2423668999270302886899389
964115811394750796460633
321328118436601697801104
671379651113001187166109
1807079885566221176013988
1233081554238779563697354
614326538781353669583338
207635736265123411718258
825287699627500174024900
921951938188292300994181
481567112966141056658996
2236790891802157949538673
1069297883932020631603882
2065443453166030164107885
1190151651478470146894866
524659673489375867048180
1174351231389724757406745
892395000269468356213210
1885822982577054408437028
928488325454712355792489
300032416913197202073746
675170501700240000756725
820875385737218740510674
743101163915437835990785
2295546309736406301977060
1168564687634473823345156
1391778913127486532559121
1364278051820100423195125
925045389599936089265280
1272483598815303968858692
828418670470651369617817
1015460273913993496875098
1723546417348756928498905
1127087121674859896812321
245474847018468601161633
171641632100657919180705
1856580017661255714113305
1213803843322996576093834
683251504976783019502069
373421855595939925888858
442452066274445140623168
1460701661477835745334522
841761147398379625445060
912253454276708455632520
975312048191413370092525
264401767001989026536074
987289679564426024178914
1368516895562562993150265
2061022499634636677428493
2113518179217045340666196
336223129706910358042330
1400070764516788882816272
319646755845017308083520
1329966975914193426558160
1380917316187416283297034
1054940867560747132865825
388093326829150550289245
2012862426891550457068864
207479475434832531861578
535929267247613178159674
401276716331123349896692
2539831725264771621021253
1110443691135714282133405
545950096655838668501773
2267663685699080719106362
459817483916333239489844
857241822000025507781072
372062545267046232088157
1225990139058382604049837
1888777037263215796068370
974663468451404105609561
1534123062982380852726148
1891155711200036967983309
391374618492985659786041
932870443920172967985925
1121985024565412197168400
870480907441140881414864
1296058718964588881515641
457380807686079267481010
784741427181275241243553
1264684134547209480957572
337939522468586788965869
1135918325715917957294980
835923163961855662982452
1962386068942598620252509
901414357308734228109361
807449000460318123101245
1034900160054313520453764
496952425411870070481570
391098723778315425499945
311984420061723949549204
713858367271252972992208
1276388831102675162155700
454502570634652183325082
482326536619939413561553
961749407396117511845122
813901466612993017322242
2397267516211349347253857
886437824220161438535733
1051393192825531140845405
2531800550890787276285569
774536361179612454354020
874740956005187509398073
102033256644673939785586
304779058089443386798276
724990747314552658527589
836612896577164410445025
1416660457771672699550962
1215126445457246115515476
602299874161425615866593
1177635971489775602680674
203452283846106771433250
414617885781152878970770
1014682766978853757867149
631753146049755898527957
333476077919276492633410
2116040326760458999472057
1047595011427944616797008
1439141051214144918289640
1902182369857544656781833
1299865536399439561399016
1504740177287451099372980
1078466160320390279848273
941026873743771260183345
1800618566441157127052708
476439623485784143952042
446590168384203802834049
832574352615216418203588
1292903315074972574804980
1095900074427189280974170
1385739034545268832609074
569058702428418033930685
1121752988728713695707400
735407671637783904761458
2036584532262305269905994
365438993929151658697729
358865301079459825106193
915657157887111372092785
828064775062760922187009
1227020328043622374858466
1656344154986702305942133
585910168485098304313505
1648906411155089563417082
1381246203393383971622306
612253233107280142518650
1167136603379404757355700
1204178441629171107450325
799910032972298411877173
1972539837248073772943269
377561445874953303566525
699421098523645276596970
160221089436287265746788
1079509034721160069780520
528563978187298060123282
2157871652653581671985460
254424201131153309888090
824575560186201217052570
224677581595773181956385
394115578184095909354442
494673120431703081323680
323881584986797133852810
1931211453153270449955373
626772739486402284465969
1048210624306547253187282
1340415544592972643265530
1035565382077402197242101
533000331121637286273236
1954066599546988266673661
1683886677666607223214088
429698932464196100263304
1234168393244797907206609
1383388837942655734430368
1675461108863314701648977
1833144276071454981612228
1958047726494704053728481
877602948884904616964714
743432780526729740905705
2247729603299062504042885
378371604066086969996810
856844919889213071248981
2353399052897775649634036
1385097623709266612240000
1147977166407103070406100
713489865979539108988370
1185238338788659880955344
1585772677799887875063872
575222932749867526242340
665174491342756269761653
652787440064701190899378
355447634801720313656385
2064463336997976050852425
1572664310959999329854605
579094524364539880188500
674842135839237885272669
530455731913067141506340
571002618767557478510161
1605296247305748759915592
571544861788971259406185
1200813634146409918226797
1625987132750381631841108
1056819332170761956470273
1742037256515837315751613
437376928199291558800065
1313714568012337429716941
186271246344292765140292
1868041531152781455708261
1760164955341389366347045
470254530180425150679725
566394082287117492607145
1349712186789415118946709
598842678327283874817440
1274213712743674743334705
606376807141968552077226
886751746527911386343229
319997129162511116556045
275387592059782942009889
741161071169547716948441
576861019557592975357968
582117266289395308182688
1551926143619931789774100
534632856211066214743780
1085005759864956628548629
516047476953885159485977
1055386211131665150737122
2089700078396402334004740
369784561118386812709149
374941827090633083316946
908988815562170658633049
605543411011022187581453
1417245765195200221461925
1518586749543455575569380
1068865195915825932575048
1412718058691171541202184
576039137941396988152093
1865104167871359913213873
1258501095578647762530858
1417073946065105852409353
331823009025868179011441
1444569737390877206762858
1150208511142643286238600
1600024206704978434243250
871587139849441139351968
1216981502903877892157825
1579349526877217786968922
1224142725153957687896905
2019137918525879582544194
812776632317283537647732
846884037856786118136058
371522718706762440501977
1395035944994741645609609
719910336846661846890370
238946055235687447479389
406593624333164450714010
370003514115936734867917
1210379238572086508785417
1152812724813469294687592
525353417864876827934570
400354098353941570616122
405740893039921874912285
553310742626798372608372
1590378766522962398293490
1560043035615002783206997
2683084494598232273019837
1170191272543707593576480
802121241547124881221845
946091927178548404193344
861328561913520643597313
375660238142888688494497
838801590266230223312500
1347112228990447538270621
791967192865398338026402
1119994582739529288736229
726270346279739707663610
248508206281908726359348
720246907613240967567458
842052540297295253863561
1099324445602904862159425
752125086203891242219821
961870568038438529063144
667080117652843025221408
803783832976364318985637
712830560408628211750906
1694316050684484604601473
496869483338858602489732
455080800046262765747618
1976145039425424599307112
1001611914110156616013786
823865311801751876690545
243121548455145541651553
2032887062220828003172429
314155785386883354864773
793439857392290150934073
2081215030566873047670385
760305978028492889283098
376892301406915820123273
1475764055593352499135218
428105631403069727468425
230652154884397873431400
996764848653769687995688
1641731037845514084162824
418780241848324097774170
719265237898254523899993
798574130207754541729045
509348046807518294361025
802449953680097169754957
1519321398879647537168077
988867703837064881111866
1200697706636834701579793
1170156597029413348535533
1725117658369721339663050
729186065722460848527037
2114078036967525068386237
1244198458002591950742920
864238826312501699283850
706164306283462892435569
733601517466207598284932
289695435489989144613077
697601822807665586702900
1950010791802176706716530
1728490771920157479141445
532591398296841212516989
1122865473101627511638257
285622595421103022999093
1820094858239351974764530
2539474216679161519924426
190188410277032966711090
1720719783670001530364224
741357436980586856259817
530273886602851782151825
343433284491266321941746
679137588582696710129000
1731372834792733730460329
906493262139697752036980
482463341701218659285969
478035403014278047478081
2222847405251800546484305
467796726716951507479605
567278822347011518666885
848293692930873868147780
961952785868526710697045
