191583558383515673429128
149470306058460835084405
57887000084488832120516
49659339452843828792016
13752910008003960211912
602072964109183802178112
21622039353084815351794
57672414211941769838053
378763488289802150372501
210645846449580475521380
475538639283659095835489
157966582567745211239828
222214610184490318129081
472183409104875987950196
215539397779710109698257
367915854034718167346312
440358436933816077892004
12431791466689761973220
462593984437092008541672
563760573164984147069200
395319171681956331823346
221868401474990999379764
756121994542264149791748
7554244511888375288068
546785538293217536291498
57223222757696265100277
113833140624852059556538
254299424703282226705588
296084675286039791612833
17524062590198548353562
3720034992046607794836
369757229498072137827880
26556402182052792247505
333147000958870066406560
269890519495741030810313
106575688156980228533320
18383829140816276829053
624599085658739333967700
96250459330265546688097
221630104640519109011880
6120095116894885089940
656858012068136108720269
786474524790370713173242
232131237867506375962210
138518460635727020151425
63239868546529843933610
412340818962735226693541
251116785988605996717281
881744073928717609395229
682494638855602013770825
34825685135975345211073
850190581163515490539684
211549166519217580408484
322967363085208443937793
234459012472581710398372
29027115302140550845001
38359627332411201277378
424716837423852113094233
386559395775782033615401
80913394708773333502365
515714883045166028022725
16131414319414626364200
565313488681655611195442
101892257740347258395546
53892974662667234284649
95201631517903380404090
26291359111745399601101
11951614890341686560905
289070615363721925312538
440078826011054374458369
536777504839021968414637
683923112831759331898690
334309085606031361581092
93082526945798962886330
504202603877571577396820
42403583686638241240450
333667517216205749159813
133970713915273817571860
89017369602697135739549
154465763775804498894629
143898693528526435735840
304067301928912851752977
659972335436480410763825
546891706468802481937913
335492715682928204203400
165642410611628245158154
160186260874992440818901
195757686502637340822116
53871318934341964966313
696207230593063609947085
44531297403648539165800
307895719938628731093113
124818110424820693748953
201744987124166044160425
287899418600347134733256
381988298824633870589620
305817230441536087672610
441527642222346403475965
66064464705499306260058
237326321238860509452296
233821847023323973676105
185795503425381980320658
203871121359197438558180
43135539328289172241325
170232587511990507421245
521851407533566127955761
519192335141757946913450
18028211349942692172650
374314347492094208435364
130881918163932266353640
225258547408798999517705
318854220362042189225297
263308119181927534426277
86360619748876421520101
160702280051289325054301
94971885742251069216733
730855584076977318395236
220660482767561901574184
18095423237731069263505
354921462885484044311632
447014536227585188052896
592041643140160098654514
74869575966537222233170
125418687751720352072425
307569389124982771129538
338476218630511512690410
622859104715260183337725
408057358399469610832493
29148643591748277730765
69796047604376211553529
182384738797311327374945
182679801415471584020465
204590577697187276907929
53901000142897387021064
93425487591886386342445
245851871876508554196037
247617455331279728140880
1003309771918127284227682
486611451944720807680964
49623260355429582409241
108801805336823770731722
70137860184355333305104
288750613803517595401634
133408293645619517309757
447606510962546836334932
36934236548261504145700
352676664739921480487933
768948975364971359467865
68684932404339207595124
91216346545627565084146
640771457609120339967156
32596634707987137075985
651683227686382698223922
72506704604949787449940
248138228755755751644641
12662966036644299883242
83838190898472654926770
278045112446361959809714
219468431622507036241480
358974346738489190423194
79652620619929184105345
239711913803851897128202
564272208942326555873050
194374998973161848706505
697611777320866695089476
134335810626319583197456
162215735582570028949768
619841000176737433648757
469250671262917145710985
456949532866656289304648
149874165131650004903273
117051647654816906519889
134131988684732680461178
6076018884263318157704
6378852095878500668200
514299545650659082940424
209405401501928939767385
495191131002073800493072
44839214584281356261490
419558209832600157309714
251838944061382480757009
26033271666604819791642
364103741577106341674954
275202781821889368445681
355904664165358747389700
187429722032575150163560
617612994437231272794346
16043475382579172061785
304244367658066915155985
307455541416197559421730
693960627606807607729261
255443803589193637714249
519607531063550021269585
44826262460191629508340
346154883244365312705332
671175249588595352599517
259660485212243265170932
252050541600995091209905
599461764353376941932865
2480078461772409016825
861234409218375615910864
379015869532011360199450
74146080113443109574410
233471881719515062496277
23516968908244369196657
64903008431424572674081
708941301542978199105680
12494518022026950760237
199890747754907271923250
151870479603033514511124
372038173293131527167225
84954645124820579476161
483279316749586311264400
54716892481483828274362
560947660288679697221626
132676776058207815184285
342668005405055326415817
298961060871926864657189
450917456998391108285657
660076485220587433849425
651487848810677439105578
306704634810387322590100
398243658534237928971161
48447428255432034252346
128516614686882249666085
35556428187643277265040
409995653717752750203940
146118849656471117627357
547369234457322610574708
275824259595889118086405
598169626588336735234909
563488821401515491201017
762991367962116960702506
486885290313792697300738
239246668946767475212937
149739140958053221152650
650153310283076327348741
81566545494726746850100
43955720996115256667600
564823739688677172650858
197521900183096216889585
75944377869678765249268
323446290504878041477904
358349276578065511461962
649840412656228039177313
125409028252655886683309
446548318324353378030749
227742390899203670972285
80532765213960623544370
57717644066545514024000
33427764016378870225066
122940504467769383200885
256665726860759452155476
42101782843193063120825
18435751501153406555125
210320252380982326637588
194482632782742077022056
697418967134234180751428
174437129352936254365898
220043902696694573372341
225170423710416563965741
32003727225509996467618
804290795726884725310745
114229296486313611832066
95924639192839692319988
615153436544646708945277
94012434991089423211808
514214871659412399177673
5718577983987400236260
113793938296404073785061
374229447605097457689010
562976289262707406518013
77668022069211480255733
182075689172262009614729
115861656941934719796505
190818629340238060971169
125022389165555109511698
17224711335951449076269
102844101106114968997604
460129138776030325526037
116434680344876190349229
71659044553143024644017
494390162236862600058985
308563810655405691420801
216198481648412475898408
536483696041129675843112
250766561924218329785605
499915220822391853381725
462721352573523629239193
234494933697458286066769
150014004084576281747785
298841175241754317909085
69014821699295298704050
495314159293843413646426
337184724179485725235156
456597984519545604444125
218446690892483746799762
67782054618779866129258
60192624641579339286848
175040030992943395705205
346453582705503817841669
368317089641734652842965
161384980861603075322122
34725173959541046992917
103591284780001543197325
184667306618171765561661
328492808665517507707125
9682014623909088794041
324141765469060352957386
41924296044960432989089
104530031921162029817513
407574669691373171676721
221040531768983420490554
54419934098239884401905
49868109886078252598969
103083105498572606829266
185724360038865079850624
8790897241543915704706
15149699402014594710946
761519234169689109168212
548917473106954419525905
24732555724015307668330
385917640806630249437236
177685185428389437362098
502803694387443509423921
165706495672939186675625
35001717255651623196613
575515605038623320660346
324287886888138164597840
169656416893952318480050
688459899947307765605149
244024839821758794036228
58562643818762968788397
90493817344494015894850
949459975763588433245138
589709554063005881857970
250963166837074150099250
185529080197915977589321
6785222258800993511170
30081128924740802732345
655102456330473283065245
73138931884098430640057
132707911453403425557917
118219500538116188629645
190966220303828937598789
635718972870120446865277
679138879694990570743637
832846876723998621669985
69245524380630670166932
342271777864981833802562
94056734325218075082018
312678472350068830284077
94217286966544352227693
364188172630114293926690
160451759910064366496113
244380887535334781321320
58754755830073679093169
577115659858961535225985
741091517853672000866409
33836110244046737423353
149129144988646449735677
856094720116920186832850
94825435266652999040500
132093187755805100183386
590045912841401823828186
8426733504102972073613
702449850334909376122853
44109587077924818731081
71668742799792098839210
315881943299766934784865
875007693554057865595733
68257712528246043012905
776442116418447985661578
96856019408405685635722
306304852391671700396941
49150886840501508741337
351187129725987726950417
201350697898164433058917
224515873204069115848453
57767108899461022480410
319104258692703325491337
453421274081265976841149
24611653877625949982292
156819671828898597296333
102832682800845534620200
170917149762262069531322
128825600380728721941802
50697655987287741369458
90368018080768158966497
75082446544282920904580
3618081116785113035465
174429916503813968676289
311093796681256712190325
109257779939170315447026
552336918328462986743040
21374121088146107718090
57645536970908868988964
121614265150218539652740
261131563233381221358025
636813403663416998886225
429925284498057642051770
41052244610488401392848
15649257803488216019305
104747545661419143485770
48080533701146722935314
32577732228814074016465
93722715430354267564025
91599323816266294731088
415465168168417600974548
841978864537769051271074
468487202160907383936040
57217426751561131121393
676022518307180027840293
264762335824017634507130
39873197938891940261410
805947707493144667053160
146330316159578001234202
703622018174704742242285
274236485528248295066165
109834505303983458881697
26841446474991791874685
527241728342430366261641
25575513050757940737077
221193205921108695024385
525658075874787898784425
901418958327796286541754
6806648871724442254841
510065116688671717429885
164246152257436892886701
189577584621525533826464
543185265700127092582345
574905703898234910164186
631097275552979354871890
408589349488120018489330
500553111577436548825213
11907091934371304188889
927756775616493218792180
72958720574755146245049
10118665425894184004117
309850764197775954564772
31901950823159495176298
234645922353189180237200
459277529533262904737677
508807954669352954784442
240254947665523239706772
87583333063424337187245
214954824211566284514533
10808328567232358411805
262864101565546967881460
374268804553602104615473
793448427803607988178128
332412268867399843311089
145951725426707353086757
398876845481303297192941
812087911868914028355602
31110323917758522080962
151011210661723009258853
50556260691210757577029
229690794634434613248500
190159399194907734493312
796541791624846006787489
112514051624889114558098
22851459678484141712554
241408993404018849714530
259883362341772994769044
641132149263904714998577
447133994855815210312529
16474952612137795034128
50287685281349495827293
224680035816367174269389
311053054859455644799345
29878462010931528266180
55641179293948343136578
2612070042973945433882
91311338767261092842290
23066593956116591534618
412721355150612096848989
985189921075360278565381
83647773722277769891914
656055405735082049499146
376522079889385680483944
122397581614653604230065
19537176656548209057802
180821101786883577391648
215969959924816756466900
234092606070465740501689
466717174797631379443121
305368693951240853448793
582162354487282305841858
568568282082787332194704
355134661551745430511325
355246810068113362313713
359026635832681534164369
297993604431858806344889
285603901548119699794372
11715991639693419634580
11541670268551476331112
13063834017287058201650
137057480153817850844505
38636799563354468438709
378394825811940698814504
885530246760751849031125
187186417803220847323968
10499820062382031203301
443451249715853502494629
841917766800551065788033
711034744433383610514917
692911408466940318961898
338129288358579576139114
28988297508712257754970
571428515507966461034098
652699124109281687773394
383474677611019058583922
1111754828974017252296801
45893175432136221753917
743658802364367720182161
125744684412400598849085
130698552151781846795732
75029909355698602098505
237372459675373247303368
739088345300276753525345
185792647892119297671440
8460724061654454642760
146122072559746190905093
350819869714637063910530
377256458558897429918578
31716035523776844543290
115894817649093823988420
850227636816032687316128
288978547267878715700965
64001721799482816900589
546979204108517404081993
332546488916151967010249
23519885031686743563890
139985444432171790925096
220925777125793988486025
607801630642918964008096
232794151372263428368741
135849862008958772844794
152572091673228672735329
97968682623511412914825
247438226346551484051565
344104605544349621270917
255125678311527860690113
750234293622748155161552
29654749446289438221673
474483372078885195525997
290962635590206588661041
143450006401973426220145
743493821318119566757049
332721854422607113111754
313006035353801297133586
241574780492243714894605
502127381843893174075837
393628147640380772415965
490144284412256506080617
142006608048603584653753
8283783146826571052324
525710212021677894508121
73021363916133297538089
254782794871724672614865
361364414981717172799460
309571022893096117535257
361767673602664786397657
199306705913528691999025
54493140452127484966274
889794103781792442539090
20068935665530555183573
507320111902150527509972
109374717547077035218696
193542884157511269628994
666261606105670103341268
265041730173780374545861
189349950034280157974986
58052881973168362812548
282672597872955542329786
452465356942055083337044
234597277068328802946905
143373220926205847232965
150473145301037135242852
189865860142696754730389
474388403882185871639105
26155603241614270013330
204998774467198495406465
703273573554302782944026
241727230805251777195565
222656750509154740478905
287686414169114908361242
36662737324825921620385
131511459861018142505266
55032642072053718718769
515366825331102718590185
133161497229447506469844
284707140151094584958425
5412538448610650188960
558684111462568813277770
680339933943950910432202
375870890346232408512130
8562144344961000544913
59225778585020615505257
241600130701835729485709
600956039920122526814848
628271679610403809067170
359175501779943044665573
475277211328723540473922
66364718938697187338689
298639605224840915227250
273706968750779574266276
823996907644236111538594
454159839464997893433533
356664697726413000049192
330057844811408461237668
24200193389957663083069
510414548689937208812338
112509011164344529399240
252528883370156087955266
412349690755574914520905
8627240162328291692612
528686103821631788816353
170604359542740983290877
410461864761556735141825
58102655668652568079780
355048635779527320775444
101059889243220984014146
71772799568931203069925
814972892584982270765113
285797168603341628652226
5258654415567230712872
115725613048803454399921
143108953986644548249906
295782051715459463414417
375516503807676871998410
189685786055322323472746
473287049950743945707921
163107727246881089140010
460838799169849099523065
641202186526231238327357
307085384851993402390970
266928607796089238853309
380869207793774253466601
363964740740398997558005
371455414195063898842180
635086415445993923321225
686542963201768752571665
316503382859256994494193
81978962346961457888084
1071308061491963725491156
117841100951377955969737
6791002561498778206245
160277445780090683876325
87062480284602329311025
97162056507913712093545
355505950861316438293025
75560652070088317998820
594925259277533360857897
343215800028424586975074
36221013004223374327970
571996138337802777818116
147956666824642299409000
431142419741850283367773
182942486849341015996420
676073777370965529086609
