217952690195371270587732
343155129779546815620368
191078571197719691911624
308897312450962315389377
391023313221189761978548
292446256456065764467325
396959167432953496242226
359792390623502758603261
110885120364492231679400
382994078861068476771700
247072763049162254924066
232768026561243977791882
259121861910834324429425
282579244872924744737117
306829040331287708762050
192378091777513802337425
269626535775125766937225
327468449926122738950565
223063203954317981649985
231368452356926109279044
229382407249402238335120
311880974499405627172733
536578825239847913431625
160586570457735032536130
260316787159622038686490
481148750444736136895656
243678014074235967643877
478045469571021323232490
215636433713900544703741
324843104777544824012237
309496243293738793680625
213829060072849530580665
357609973087735722013760
312740310235763085281269
169950628436022906153250
369068350070229813912640
519799757802903161339425
156346549660500587614850
546705830040059046903265
250622008163955783231700
158442937086163459416570
241381498279402140169298
307361416751664274552653
277882209445588375692545
207652910436836362255589
416320497101999132889364
254181052467348502205960
364918686904785926638736
247993796715903783470545
476178321413888693588560
295322663976504732639509
246121150355823293592625
455310686068949433947965
297701840126945984771268
270982889630351237359445
299841624479398838652040
206520718521759497410165
342083636390454877111858
184421164937478725303657
206790692212860211153818
215422716890529831794308
134582761765987415975060
288861205588658067614020
301528672400083005231133
340818778987519451925780
345024277252266736624336
484345673564458864284050
280277111097469804681274
315965756067485085728090
219320957793655501673562
382923655226020760030666
413535870417130267254337
474487519420266166761021
294883395679058474765072
219243715425228626323880
367435168860761343934021
244380075687624552752821
163479461308459457011364
289920509354761625843201
239218044769291634179209
299568879196461480117392
37163519607329941148362
208702620915725480188805
299447576018052092361421
181369741381414318814705
141593879306172152945345
219676747325456923654400
292995322498765667322197
95367532730767192600013
197371099690695766812681
276558551381799800606533
395311254592448143166810
327228571244764605232962
192638849292545877713753
114977076215931793301792
362651745740641296934969
381556886756250442257668
273878781164949663362210
343578631840380836963050
209009167630765629135705
297497317915833273191378
236071164111016007531105
234699746213996159301812
300411423713577595582729
194190466166971049270965
322274529213374550073673
299447225709099787929377
202452297487093620926728
157854952861666240325000
292287889975495924677770
446478867459943453369917
143151074372380180389161
363105403836894470324520
248299107213247082881957
165389921960977495725353
347470996759580714466329
115520212171560353801936
220709267322028674689125
340765860334739976441065
516252251576757896106682
497849014633563147223125
192693218829835859286120
325734297090886973845634
402201439851647896999090
349885604141657597176514
348927755442449876007970
281323247522599475464580
99825410707516614705885
434011038499453328724733
282539305462722058875490
204963150879442812756880
316740623231049036729125
77968725066800787619076
144477007621866491602265
211092264059000753626696
285804351821251111825282
451039381521253527380513
353008578811415623953125
253226013440962339823050
216603031079906592081725
103545340324938932384453
267729931092079019435152
305770650221803181166484
153667017367633675383498
302122661710324956733129
329750338988255796090145
236995568056487262211592
256522838421724797363370
196981975824536408007464
162954576105439115946317
368373358064892054670001
238534383432851161945253
367651509411920098224436
209484394895020662948613
384975701856955300923770
310857200662932820465385
255836034722708335074325
266000920038683532907465
248024130478298341576820
180626425632858351409000
157031910207946053322529
195932999121652964069210
287676015580100821745754
197242228408211763156757
264574523365232227276545
357313095496558063900586
496678661115997852952336
275987987999114278208765
215122912495717663968841
157901105545399388812285
234566620984904629677120
219005638605823337122788
352141100428734945367922
134294211659762578890056
305322898524096849649940
177455362805323567756850
171994996729603463277005
295573495058582631055349
266769477782042911685748
313933271918604796573520
266895711331391298442442
263269049452726400207188
254621031879834470390482
344205535430251430942274
191779046475514276179242
258717301968319509870845
296254790075266334885365
325405943865603856380593
407751188422708239216273
281469820550404624673162
149100874614734935157149
161249185814233486146257
357706208129256468755650
310812135743956603282121
264493632240072373568005
313862675127211262622356
284048289289801952268372
354608624000267181330893
251911836720946528193225
224978058829947501392257
361853547454005385333789
268325430119830846657525
290417855287379658251524
284210050082189959039370
299147419976008196033824
272129647734134124946570
209276657133724040601817
227004250215524255303909
509464519364092351516456
436901153826249895614922
209267695728326949301673
281110952431079541735509
285261719200852019648965
340490007875351904734312
239332368269525666353690
145936145875928974784500
245448521754298759759645
153842541182476783726601
248869274559473104556017
239538518712855104967908
261150930208727143988258
400922047625660435900565
225235937491563586734612
318033010401080168296925
243886058162464784251069
87466629842497420796936
268285303857534712293821
427435726887781196455285
494753909387437780800200
433156379378970407552173
269877016892367399320098
355937376104746164240082
137742996331478048263120
254560626818665090219969
137830500287662846409965
263122335862068714597338
334533101677667919499465
295167470997928579189045
249732878989087513653281
253687427542339469271925
462694288347311077227725
222808634411419835740660
205817731440883877090106
463268679094355509929329
286893361744405754521268
353121287045849482593065
344957751873982550528501
211576695075488580616340
148888099963137959760037
296654141846564303771906
200786642695914792190397
115502659389978125567690
98035997390736113640373
203354833546832217616132
305240650221034001324240
142541448933714971217233
123955901750652670330397
304201059898069207317978
224855231841778395511205
350507253119585416283389
386368806651746155122625
239895700035011973600853
362788854858220854510280
304800018536497090871378
370143703112012699217658
474102411277069145374970
386513722840734436920037
229188373910610291659465
339097595352187781653237
149942920018726825968178
360885098996422460108820
206012281606145867733925
311493001310165298834106
313182242058342497891933
161288579935275917663048
330494749391784631918882
282573580955388981984485
240355157623817332974786
386325522392651087467770
459678926142730600777250
363746452231073324333330
274860262641795667399809
413390148387742319535541
441113471812029070622785
443153150470268717386570
252070853032615729905872
231236861666265110890665
265166236118573307138917
359936457988929790088810
100016494316670980846405
391565680595279021641217
220448848748638825049477
245229956772820787079754
231020305961251013861029
227174381328543866277209
308974728119767830237065
113452075476410847856517
331801610767149091040308
163647152970213528783826
343066897317313449117396
189759956985299052280745
308043520387817057787762
273553659998707342028813
240145555300382892690449
254993573783195687010170
411863603975318510206997
203440587326851887713906
434727865564721255408625
312906834523704131794234
475164664116757860239185
417023058655971609866885
248399670849784051614362
317813152947956474356949
275089776053509386572573
257184883293542536160025
546233344340692940079796
421761546780395518398706
359921118806547363249381
115122079739985716876705
146352448381771138023098
195649207319836421834869
283689087297126187787965
254745198342232011496400
267682472906531676380260
316624057692816029709565
241144850770284461143501
414996826449788026426250
194771773721811887278285
359727580687066296300017
176553505215079223839012
430246662890033586622490
346002586505264579163642
287976708690753035653562
293867219476673816907925
331183573906042372365608
221127930486312340713626
266963503774050780869668
192878423925577235678813
394907755108974754079138
133531079887043360046853
111917971304874362328026
447934225487360032113796
235178656460507053215650
232822517601527217442517
215227414036864469419856
381967577646885722993605
352394222507087419669312
364987945368597681130852
244788699598160429105300
223687734172229230684625
277070930201665380583345
177988838392972250796321
239235093920157289172065
319517499442984773871109
281483366948011825584137
267168626753691830148770
264543353837887950811186
159693351062509343580794
255748025970840989588544
285651178779654828428594
184062885033549289749253
405469727053829860276724
218582681727605270285869
295980960821440115744333
352246784330654032977090
370816979982029533747661
303157866199760210047922
167969916921885345471493
236931577221625903358937
395691299562083452456141
487873126410830484307642
254140637032610766067589
230622936954782474983465
184030130086461021853885
467747241594600699924800
277474059309952273732217
257680282590469209847184
495561229925526926008697
149496167673169323431290
167435623614590323457650
169691218580159070471626
239993398511756602701092
210976625517771301467138
415390213577415969276850
435977545748571024540577
331297210616279418048325
419766030995431046670965
480128002877905736684161
326228378289777612985032
323544743737147800836218
187887720586479856645572
270390401255164070988532
318955754866852317170128
170881324267908935550152
207337978160662042715893
417008525124933812980213
276210417948656239606016
268521519657413424542117
328310574347035519197300
328073254392548910473725
255880842884140730929778
205780364003563798702248
147684066807082326231097
347820365006611774766905
422188749238609063226905
238582503260771291971641
253254839486788890169488
454475604063505346888420
245650931385143069566026
264629377651423223805610
397051324152185293299428
84295483536483448005589
109845996706317684225229
328767171967700502365810
297527249703922924513165
309577496441965296171029
278905040466235274913025
272281573726987792061425
445945107901643645285152
145207059917255259722746
230336274167219144530240
351064633417515038842873
272373640590488413449325
404231045374805362073685
225298217775980200347362
321733462501311655013633
257704028686293757134349
372217469953097043735265
223383373655143630681226
319642481734905937024250
322297465790145853642900
195331804296049151586049
425320478018362364125714
315402769576581908992069
132843793415641004945525
453313354154258647185949
289583571171736286725725
277260937010773035720868
539893557218652307260356
43895193041070640871485
335039072951165445557729
433616635157895337407610
392535810187161515490001
295668480673573223212264
320082691259658313566425
371742523421037833875369
288039713351014535755850
341388637607905608420125
256732208900695508875493
340811445524007660658228
278691574121651245326850
300322175264841632457685
225002800533652129099565
512408223135229303053329
399948668182916839710793
466265781755945989709981
275583823489616030118514
501241711586291557201652
335740869965790999390425
172952795490844903221920
292153895553657415639860
397844469074395744248845
230876131792270561845273
416806819630060167150298
248457479635598013917140
436314059492677854809953
319605959750040419700253
215097515497300338061429
266175571419320254164772
361115235026041218140485
234907854705377169430309
302202914388546225401797
270113512998996935321761
445862715483807771377845
330847526950760770924712
341360492008632552305018
290509524306906485499329
225931079319812039332889
241371034093868174347373
348647060245709082767221
208746372199836375394321
398425113053891336191805
172588175518607024334644
164655756233454757981625
343495927125740854005293
305118577431714307888562
411490485114273046303049
328796451431894696479930
206569111994883718262884
194766249104011065260797
512813962288512081095225
296608466740392772076849
425185197774268835669641
176588425270640814291369
144627159514356545256193
312241140561922281099773
248490989435734699580221
132615950944707323191688
297048187500263499615764
246517677977074731274788
290106276148009358833104
377770119640956991354585
442040609420378993727860
327746256642245852077225
267536716048797500413133
207726245247786579853844
340746985969102495392272
201530423006286631719956
330812487305935857947012
418181337919238299587425
327614697355741826628010
342694574345865245846537
111863694476013504011293
350791475475477612788138
215333602545500006445090
254092297949527803915173
341172748306735419689177
155942975721512122504426
345902150765060088870233
212732754025669942891130
308078886543815911710250
218124865578620229434725
196623505296271290788921
264289131550417849535754
213006753932331805098920
170491971783440514587092
271189706255007163855853
247086348088809121208810
203672141656432138559362
407191784416915153077253
313750469376657969559316
330926194574499074550442
423599804660498404773290
412532453836368209518346
382489330974801538067378
433062909193450904262308
324520791271204195887781
415687158908138893145224
275767440074707371165973
428423740917199704021353
234371944785257901035041
335132663211694719284373
292651917845625563241557
175060331686334985428165
396429899255557311302626
160943306585017468843953
431872157443717035773141
207415568498420532153362
372956385919904985371200
200880960045254170408660
296975328685156497620593
330770900577395108974793
115091971650187623452610
283483970752017715476026
358697003936921810884340
384649498080146016231973
223617085495184645085562
99638730531926191458554
290971691224112725018205
228774305720505965562194
444863627025077475960397
463901314675256640587345
260654932448981662727105
282913206610222491484004
280581269969577188861105
286541880523684727921377
478518056728881281739904
293517429432997832255914
171284354953899421462650
135537976190570036646485
130059358842800769312506
110859684090677638119965
250197709942260715340500
266088461303911593288589
144267316068670072100509
538599545448851707104001
247308021760844021049626
249625120442523421297805
115087749548617082668797
290082164502528496466852
251653423315544296897600
332543881819592943991817
381748167771966058084561
339449540154175538144681
219049460563244736238162
224021891315063087464985
128280937918607735072426
290752268846056101035617
208368446916444648957153
259355394494126542661818
371360310970654286453737
352122693797902547480445
54286376506306828291922
178147891572613958727917
208766612564408119915769
264578825634931769705965
379947990420146153404474
453284878214922986356945
240115746662178988457277
287692694370260454311380
108804588698962589927345
471052156479049496848361
408804173327605498632949
521767377788993649022580
226191082029307193161705
288761980509980492933450
287848719167514927231520
308724438637814661561010
343181333339596648991741
161471840767884080926234
347655098069349544850729
395168837367846647110121
295776487029912535234325
150368608425916147521393
244641960383309143371202
294893569706620858229761
193432275535196613781377
143543491242544105285858
232914302473879484970125
447120963599588698557386
314400304812975571074869
261242166168213376459266
370387906685463073330625
462621497572401393173312
264951709284293494146386
381605634091942040162930
370282477158186565781650
431475067526746223388501
197278056371215032931217
357384014802560373857741
377336386535958520231933
150501526680020229455524
414454680757278594033872
233577228749161299369085
387320431371035484235297
306515511939783006321193
314428858379626850940040
419543975107320799909370
402837786330095104360154
331919920441384750108517
162514049235216060398209
321444557704966490085466
273741987599629877305664
312727184511033062264090
266274903134868661245865
499757575701592816906850
423237020666159752251093
381456441248988567517025
412204480887765434220557
459534405339286925532298
270317639638721590140212
453492065199667114834120
230607389642557085778586
273144359479204736117965
185643369302037039292789
189821041801519507240912
368926317453511505027744
440999877376873406430800
213967765335183925911176
344257796011439838270682
294687730826206674292544
322575757994958738840569
144903572094902994451880
294994022488235663306449
