69793071647628353457394
113214411685566164627609
145448278921131758157050
98306272492408772942429
97177237138949841057613
174981924026333344636794
85930183383898570869841
70347744612887748605849
171179197211186362274410
66957127598495208918857
96540415678250244208058
108436506294259087508002
57757657372964350336769
156153895463718764145040
58919988928838151676418
106146493805953535223785
179636676755313287877188
112496679861907347941117
145936899829849297704845
81297739740253781631232
89112179416825490450381
118354659403835321924612
107926707585262159508209
100569629841851381299474
125429231305764436095065
66330924952991588059325
195443097198204592282185
164226998738416892994010
111752197793823824398890
176225063065346563296065
155580821811045082278824
43695882354706322908642
98540387523091014890980
73165952243750955916090
110206275046439656248953
149624459656632615314557
103763072046776141018128
119763111657299096255348
174855886150624838815834
87196059239185529472362
162725786512998398893201
189533688768095999569700
125047499402040080677172
94635345294363793274605
87773793638669745751845
185290759749614770150925
79217027228454555421714
54678671269357217492020
108542005962628254230884
133151747078073840994861
67309069537184696304058
151710988098703916265802
67655253123031994693165
166092820915545693762004
129451568910868576235074
161439663155333071479220
83586413973470695166129
110644419200503911822817
114765359451502923504778
79488846539322016164580
99184830533626633721042
70954101243304986249812
89251551662749746895649
140740567520789341077322
124504664208460454150180
81869770522950931765224
88812114590763138265748
157262600261262385855589
123083328575310960506009
60137002773786979153562
100658665082279403943285
97144339995012151772593
100666478211524543579377
122111107345280197620865
153364444171925082853770
204936829416162994845637
95871290351251828157698
162043883011296432977850
190779969278493708344354
97053386283860993413001
89353083559762053430120
54557259842393958978882
141191348838962872168324
124864077033666475728362
149485878868351930168576
139414782533438763171112
127154884097736056755525
45288212451904555507177
105309810029959818331529
178673000171869096114000
117020700112788273198368
85663976898220275799802
88211095845136022433258
103089043781640194320144
140019661278651774937610
99212632088970388771861
84863513666787605990857
102163001776769938834210
137544929666340193037170
102059823578815638142633
54100317005913882185393
83541935649899581826693
53169598067449134594565
108703371025352660643400
123866138710121096854664
126166359752855705767850
127485885471584577975385
192307382403390111046792
136334853460489351064468
167008990616918518390628
102297917941758976728889
171412346015549461380584
85950147906745215638570
69882856025410303716689
109040531090998819565617
106157751585287008754297
115110232926397948453778
89807749402329914768388
70121010228581440037764
81476620202880375672833
88243663938562137834637
70921506994979186808737
88504601614962224978353
133242649530362498088205
122579907315786231143290
143268467518950169486610
140994769539865153103509
113736283378065471349346
122831420358429285901514
156407532871598629443533
143290832503547519090626
45175090393215500170225
84062894449451822910685
147990642332853216659314
41704397369997211260441
75979418283055267281589
144845541621939710431188
123640317561613727248625
99585832736512110197354
107681505657101909970452
142139156053072122200210
139974279573378258979857
199458488756588211694420
135091857017264641565866
38375333679789249131920
137939023408964027645776
86529686222228329344322
144792574462847125216520
120237821734552623745754
133963592488376492259860
32483172733239077789554
106023516851924478512905
179524096165223455374125
132538492600903971028330
150485865332382602153129
121372764904112120773205
73385680869933371841184
29458266916782154092073
112622195728219806358888
123075756590268165587282
144243304178934829660010
91312869315622787105732
130937834978837464619369
40853297748411072135889
120339529676975304628441
101664062250741001725625
110495248042777949090029
188385314162090189202937
96291667535784607051826
146142551352324548697770
152684125925835952433021
70099609865732575869130
88776351962602524722333
69025362609227877020953
91561310025529346585872
163120373330198030053810
181429602544117864646473
156980786783808438979893
179526683125304496425504
102517240429148974339258
125176626950714905431700
168074824426965873768200
69401902068238014098801
90621263491495802286905
107487486681349766924322
121981794037857845457745
78204768514656093112081
103665348542260911088810
132089671079078106423970
173876101481327983317037
88327143347033677237425
81689849151395027751080
190706022615856846939976
13160397321972353005837
107629030819636293110117
37050552462158639015629
148032143026345384581125
106848450438664836675434
121064622982560002589925
162012430272445192103940
192021274118193141979125
122798838893498847779220
185085099340172922775585
131107424821168846162005
173174857326993848455810
58763176975021751721684
115679268993877008310377
46060068644791482953810
109857577186198256031665
94470249716602415416016
127815072517818309548560
109985485578874548794056
138190738367886674948257
80973135786757658495941
132897234530879950999220
131573357503905968929125
142423580666277591859009
150850293993353414998408
91998275682070883800369
125963596295238952907505
123342695689729829119396
132239406346530754346248
130448738240416863473810
161622137634726391394069
91667164339144120861426
77069933175045948260570
105197124050282814039157
168662043504217326783944
30147960459684253950581
64974282418571854860778
92710338169844794603258
84089884749316584422602
99443141552270643592490
200128192272579186101425
99529419094053796711881
117041257962808537051178
80593293655219602553337
72449820235910066662800
169540392651188702230260
48289302960815429198370
155002434595373695009549
105735048154190199640580
119680377419854548645169
97652853096367384098181
132430666437508582497818
84068673177165657696013
79884258595650831345050
87695158012760393109172
71383004058970712460832
92036272650787201157945
148292211798554430986801
108697307558098264803373
106081614438033563898244
91185072482692974600805
48000865524954501229109
155821507027455512608072
47865367006497305720210
95250703605562417669389
104729845370057690246920
98438744304432649588885
93044178203337689847241
89335960353202226225525
146418729446846835843914
131005147972578849198413
173111834117110556248352
97795150738778075609380
150325725138276030172745
78507908482425666872029
119532535768323333672145
60349132039675461688665
56928323958706519562897
54543402876983920407514
38830597514206329681908
71052552494941674816272
114937470787757518329669
132147243570519836140157
136014112981812319429457
82505231735774333984602
106498445538237171187421
146529123311489899413028
69658547482483077884666
110133378242224465904773
126501160181113985773189
148800453050812969951913
183622194494824558251194
104402945439690653458192
105952255516843369769594
89431447034919922624484
127179398826061922874385
128007661353994242182610
144658304396807183522345
48074200212645931866965
174341143554229381457746
68456233379350867029850
101019366601376553749338
147512637331770535646209
126308857423707089892368
91160796057516506981633
97075698629167750745668
95973973354742458779325
60741093356719339026465
128569697604576956416837
44740722324409755069509
87858774531434617499693
94303587071708477108650
66480412337321839698229
139440469253950430306501
97159529948177923968442
124568838046782575809193
90739205410002208025409
49960376594495537448932
53536671441150744089425
167271265304959431864625
100022747998843107148457
202677387192917235211401
83671617472328257218881
59481547560961357557968
146779333071458849094573
102533917609477694758833
125660752072874490841780
88488174265526952227378
117967355332624639784869
171783939471134339232365
156486348138695295896200
135923247253153673668324
82312090281638900059273
41766058351672162779906
78098282815978903100932
180909001839086488784045
31451560014787331946554
123408693677839035664026
138739581260260413315625
115988135426148033490385
142202858139718242699425
113556451662564115272410
145883296834551615748985
170677138492926361128080
133605549108478077993442
143756991491408362052434
118993726368556596946553
156331395164488399185536
90019682771911830508050
75612822229612306345288
174153035984764703552489
118190519344796912758557
169563603556888603661485
98426247070680793244809
124894469991189565332850
145937585529572137654106
67773548674356958062149
44023957487638992666809
47420262336448741980068
126667795242069194590289
129050656611621247908100
144651511338332435610473
119807462128941260194349
87764934248636741880208
128245734684379744992589
75700934333687079442276
116102313905430616098581
138215467704726716286925
80685667425764662998685
135374213363375208277634
138559918926170650840450
154278055255288191769876
97396826453503728458445
86635554580971326158241
37784453591903089919850
90558024024626410383809
162856598565707611324570
132391686796556724498240
135020048910883545780841
171039674883400537305040
102125561671565634887865
57421013142760497856657
64206824873664775041514
143685005842944729713969
104396276110218292917305
101080689581101485033133
91292974316893871344145
183011296658065512237745
77361402755978635620050
64083431008511714962669
132475913579756816628610
106851409329963613731569
91560785871917232202797
134637192529499706909778
127198588929524979078721
87685110029818662199765
81202457628176598676708
126294223562360314416448
76665436988261694441674
84632415264798681204130
142469852026577868719972
118793162775638593153322
61507931630653061938441
75151740816752426840297
160000638758416298476097
79149493172898455867145
156298467786932208748690
63607329534335765395009
77740598101550248621700
117581915249265067195712
107191623183068707259093
139677078867506935466890
84667932312282063278189
122698048063527763105844
116860811895215648635093
110773639061572095487685
103095950127843034025042
105525250476322049955837
97036272002463792395149
212576656840624379662666
103715396984946015238498
99550688429157675386354
116310352442887754578440
135521275688814623916820
103256774187608185227956
102256831090882034621321
104555478820993771629913
134940952351921523893669
134755006903359999752821
71044679128575477583098
128080332054001013496202
124984619612474948683624
77962849103302501525684
154099237952254122350689
62323596220676293032584
144629914035900559326880
141374569026412978601458
100772707511111565299108
90195079324069309247973
134326982425122698762794
36911689705791310329218
123242640702939816116249
45970489955085155713097
92680991346547813804970
70367500862921620651445
99883929576490410393905
30206289159153815257120
114496160843623360141925
188548552090097776527592
105558794452132088346754
162492669626839007121989
86580450344189635966240
82950077539221673933136
66015576327619177502324
59666441270809923714632
139485549358306726427029
89117701559663756137504
157202506934562830021618
87707249221782695795042
61366244705145204794801
187862136085098843076517
89998170545222634060769
93970389875309210137825
162393507856858259719037
91785496862438570016125
133942520318062871332178
45601725320056840124849
147058939674566462072597
101391803943141471667940
119397238904990497459057
114627908632737876985130
125952081958540433197841
157892791232815094547997
134693892029279819528690
84420600372489042198281
90428057403629414768836
91450553230747201601309
109289772611615660795204
100533648201391317612752
45718126203893699846152
37189288124269744661749
110102983276541916396688
189149532837286481063125
71411054283877500418000
107435673603400396537076
104847542209087369163425
93177600598058692531177
119366205764444665376884
57204462792599703755794
106058170653829769253905
142894241499586656915225
114414513962600188619444
120172584864202126308625
176004522306894055119109
161121927605071029220997
75519157219688030951570
107656602468862228692040
109503482007999341776625
106470605889275112092266
118053945934460494590836
163316127201218368644265
59246861191458749310032
66747358352637706076290
148565135814647279196625
98815445940895512405205
179420498365709716636681
144103578716960654265625
76390018263600749935681
134096539210289582107680
172458510690944213158481
71482659726935068743053
140763499661876445577394
165121051141767317146541
59168044130747754903130
153043877985670712064474
155537522561913020721928
109600824717519211164105
97721219196988746692450
184914849975636049593349
66076705344821016609332
99988815234774652169320
96185825020435406384914
183131227476321754914941
130181286416914278853466
101529720162335149604973
134094894506791766132645
149121518777996395704658
90114838186662435565576
129770776200842238672409
110670603462333337640512
103665945198305189666340
24831479552836667770233
152552540787659145201185
112907106240959887775165
150850857117906885594538
121540013222962295685841
135031774838417849948645
75714218167653673035746
160381852265924325862586
157538339206908920721540
95872917912801780674762
126726941189904717603474
135122703575944145167525
85631979246842690769105
80302811664473756253553
105454372926979020365914
129550842585853416218345
91832875414415214268264
101257664488096601693800
163462709696964165657517
114883054948477867456501
74150983744642909250021
199157516219478659701525
115113020261444337222260
114700453840220886704965
177506248592447759036077
66530086753855640698960
120817606411012882310861
144838526909192541294400
70035241845907079930696
198349714358505545627717
95908350682681332075656
140677366723025558870321
115701427161949610755684
155259982102130933604757
123005396964414905476381
93569848375580963542858
131758325639842879670418
61962721057621449733013
72421700252340596081717
105623047629402753784786
160533582026950526968261
100174797392526370854160
147995120470247248379578
90978901903601246400445
98702477679846575868229
71998296210020307627785
117695300837558534986132
157247321651762025438730
104325845078568667273625
118461090880713174902282
143715493176548954447610
141656535478292644879585
128500167410595525139360
45157642816651884122218
117871283154339999364340
84479621846691866031253
93457845899192906153650
151852623972068167945981
193164257323555293950452
123734256392991398642442
84317016142199962846529
196424398558602700800800
193323801508768393912261
106200797986585169065640
39157520223043097930105
111731822575292590574913
134721788656623335355481
118523779762612590156020
79154070851945030200610
94859569169829626714954
131425465227520602822874
128885483121906853264025
169207837372741293082144
144979045752717550952145
71546671761174479473813
106595623786209693577933
150359088367003072369338
66522573670015507433185
118072729888340155073032
59856259022882939180281
82745202672165357229149
46102276507965095979314
72205393230554681134656
59497266235142545080737
102436206336393516203458
99502963369022524480237
123698302795002702905108
122762702995445783282965
176894073659440217855045
104776324597500453078805
122786285877029176311328
179074820021555224448181
118355520179046338663137
153300311324950516712848
117045592174996401738977
146819993194880130971600
103365973724051083086709
121781896019133700810609
93423666765370751821520
111564293158124770072090
86047441054626596413573
79881122642870606385060
92235824345140298537105
146672509821920343725192
134931800091675893919581
82294680285830068542826
104431596592717442933218
148832247702172908707761
199819325031066584229220
149202170737452478796576
35003143386708765361508
141628362868641480610210
127755559328306247296450
113540836468915865194004
79654953399655275501120
80910675941440104496260
105561105972823850517202
83666487242679845710634
123136299646627886206052
111294022298656108195882
159154138255548820451041
158563801053164141278825
140837545255087986579293
77343318374150444804168
120014224107689649645450
60866498287019949905905
61036951482337115564138
132092423944624699377809
90539385540170873805754
152431958847665207229893
41170260357133060322386
94522329531336374142208
98651401874456548328649
76327943598619106087201
164779715859252716167010
123892060505251509458818
139961681512984582803922
104339011962421868324314
96516650845732130769429
134823208733369218873025
79236905032526324590337
102285169442847442432793
