346229993931125374040818
315048021252913366312869
324104226340517512872305
311718951201667046657810
231521732311244646973153
307868846835906037597405
277235227013710006198957
283418867138759797316269
324727533948744576136820
363491507322439084357672
175627651455097681771969
316218887513563389534992
159884395655682474486125
329663419449055879060420
196166810687233793230850
362429263759314987921460
205693842131965158879465
166064634024953411709172
248531453451770195933161
82808694024123458367785
428427590357645814522082
156247693289901363854754
496900934545022963570920
312961274757980836566813
353845723478392068001930
307263594339557680095365
205123682537396753395885
296925370810210054603954
258782497242932753045509
219558909665046636977665
220860403161202947210660
205363366792042997832820
355536138413053023284077
351807601093486122700660
419472000171883753534169
246008857410272786128317
185918407449220908060890
165540943620836676684017
180452471251367409290842
388411912813191547325666
152715982747134334088485
341509744385055012959173
278624812513111816990888
311331503640134048860960
376377766324148154409549
300578120262004118393977
361064030556382136175050
186204819930378654357641
438702913835392352462290
185623586696154600677594
369767923309497030217029
293055632131164551348053
208525884282107293802617
358268529658950570530213
354137996725911141113504
324157066622958096802557
190337963315236839084530
340635321082609271291869
398521925951763779939666
174124977766299162031400
136621096193794679500018
329816856679700333273738
180334005827143183012373
273377678540789337300616
224595059857738479613098
466037164796414370436457
451097278462748887436164
535584320422671796856045
233439981497202326067521
264706585483109549045873
316190692583405865421741
272873730140153537434857
388981372381016270094020
424367546220616125673849
339767610727475196656333
287333397900961178737252
192202857658288364873725
223898497081211196258005
173280564907847513253520
251537963977879054585501
392834254585707336081620
177255148810403501449306
346764378155144825386586
230921553975820074411034
334161873746642893626325
258184501397003743545493
425022998544339980768141
357752223554462057023937
523421197082217942483905
281650133398954653076185
503031539333989130299920
285271128996163382365873
324507351643880908412317
255793062141650933306408
385177995853078279390669
464078409769666117567081
444984114106083168542533
214071681701684684513333
276396599492837678653378
223478396220001513198285
178026370417770440091565
251410930403930510895226
373544310308265085416957
267893535987431762730650
210565959405850365894580
323171937619688636492593
250871685806339913710746
325607558048994543508289
378822071369094364489517
260295332585511323877460
227923816593006319493657
198805451163402285165332
237507645987764582461133
224820851163272232144068
338275406708755612529233
417288346941888787539554
256496360038723875004884
394963931892318996457906
267600552678330727868532
288412402154330882292232
279061212368853608182100
204005726164220000084388
451166814787068702141938
381353667228098129067205
284493183786524524032845
437197022584403307315377
342312057719815290670225
393740112091320739729157
284698731951223021670965
348738469749766026015304
420695291711330436729220
364816557864765612881873
356995528111565435278196
400924346535049906721633
384767271715492718774642
361942409817461110482689
521494908964269688462356
361439318359813008328528
427756497049381513642913
293870674776963805851602
396700393526368144037648
152340484559902901966650
97739494434779038371361
378956534323914414139221
285202742956723806422273
219731746531492970386505
372070359641627716871882
184536218099425369428853
325738628529866215688338
383806327648537762134037
274525680260220425024818
408517151010652841462266
274848484904344487945128
330672829869143912080850
376697466114244041412980
233959389730730777136130
178628987281834312374706
418959343456720594256818
378923138879083401587770
271056763225108077272585
200588144790869539607485
247633081118934012785893
335625395687859116402546
292563179944912799189325
227924590029083256020345
177763401492077978333138
287581996631023739159696
226663206018140206806538
105188177851175678754025
405848554934781226049578
168684396739539823602485
231294420477948765893456
229857544467093146414641
333758536328256616925633
128271096608936009640937
178097975948255957813122
208408133275066922572786
132637614212961844350481
428865448855180217682889
384201220548765235139572
230092570963671293657704
372541157595558145438045
510603707320805748710309
367546250613576569839848
240422086640488626136685
335775975353063835777050
222085230261671692903385
521406305600632874519701
265845815155436544183154
280249430165444483906885
318904413400638815856202
409857564056410480075370
335631915269465862837764
384185891365571724898625
397634257027026207742824
400034014201489476080530
190606261253112033182212
195182483108059671452738
350465460519400554187665
196163393397148962340052
204290527166566651526509
289766484685917302711353
290347135637250834346802
205044276170509676523792
369316465303886879668624
435025209839174215404029
308762508087096620811976
380504424476691325278250
250006203738841315929210
179721086086682528663300
184678555608667608071917
174032324475694292173850
320512459141560783213405
550112380530096122149157
396651125490692246290792
205178953913435550221685
459007098349142890344404
296471653597204268996132
223404865328415050687277
336768841533779136229241
407441661636672317022290
278669964406444949157818
454014562829665203732794
236458608591902484685274
240795641086164725884765
292960461493943526882185
190791095789193642812137
388923771447219917519521
350365730859538894740253
317536378474103622545634
412835613236930224297156
239356262214430785896968
238562806228399509290650
358819969512242032662845
465942469944996496355965
201693483974083983328490
388434930725196257669321
365168191208550662541185
358932207519169419381634
426430563576748456832482
218856514315098220958765
282324040581804674349173
375706349143969514604244
237181235817747408650177
279045975206552938834489
186598484377106185602448
508770363512617678113946
330645018670566418243217
290961311909773555439461
322349462493547166753129
324838803196710636681181
152059186383768328456720
181641267820970332948217
202308247792265544970245
234206506500256579638681
508178157627106226370269
265963730636991354181261
342039369296992301113706
207236115426955173984850
212628413859037889185636
334300760921346933645864
435417187151744820011162
131484910431604518056500
172321787183619039288130
293904417818552654367765
262471450459710377406445
169647823790227133262977
294148367368747861785050
242623505359049630431757
426370848670388287330106
279860092126877271886937
350080849411655442245456
149523286272140248705184
105293364589136159328010
464191722985464394796900
534787549217728760914753
327140764474235915933665
128631825698841528247505
340256530983735208840149
270448586636971562766538
131048734304950591429408
278000482208706091688921
259755697627900873071445
244227840430076559705104
256749036258241248727688
285665411610448011960490
519746442237866135569204
293902615383953302700026
323757569430241564382708
151959368213955080258273
362590925208300661682965
259441468771228396465105
360039583090303863050056
144319717025057770221341
455555467395083711226400
296254153861511826596564
398322082695803545197725
364430962106275527409957
208044683163932758220808
285380267772410807546810
195351610845044439647380
372465684655381501476850
359593797948811727101225
195327272941942014553940
235850628621094825846045
175994417388954438907984
317049833465705629659101
340844227162566556631954
208007827765758972901597
324536643573111906047234
274879260956435898717170
356036229293369113184882
292279677371935895153530
261762211151558269656029
311714006896403186044418
410133125036318169824512
286811658079781742358501
309227531025828719475405
413741726570470934005000
339905131400322730448253
164638344256211562525826
247550009501230961436488
279302851526659130987581
235357499859780055043368
407738397044530470237433
408877822467269968340809
248674279704906518266880
245175727378803326036065
164635232986875938133365
324613925636204202931124
395024309156024959257841
181950314287635943287674
345579180764930400872677
308037418498377570883700
301637376510963043830100
450883450657374665697625
315277468761976857644836
235676734228731839121450
478897978118394292652533
271243954317697694859245
155952196201948996870281
426642394325349991915881
397619601594846146341866
429078203209367662534288
550249787420350439408645
363776963091728256301201
333636904275894433323553
387070292410325600157938
425930772176454502193716
445096977560732473080493
268950605893417394715401
375336105452913332625769
459982085033052646934580
284272067328081561206045
369027028040537105123770
207551060537392162577377
337193476249579456591925
474628544627158370889701
257412367623818345576498
236091565023675147868225
189986735922970669332660
408126483433420355137508
138639778752379145614920
332239906325196633122125
462980019228383021930482
406708433243846562398629
238569923998439124275186
242114060962035827843720
437439282133155476779025
316613424839904261450818
239495697407423903704128
445323240523052838726325
502673509937104234351568
262385149481961937206485
236969868935880259489312
196826439179464169080520
253784177365075542081770
297236920713079754654074
285052286919020110993837
531726886752933399715661
292023155202126219199412
277901361082303081096592
199457937742855996349876
257290676408204483535121
358115633970976709117729
254520323789314552310837
381839141173807831480345
455246671803184144723841
343510512969913350354257
217924913486459831160301
251580762787027626828164
177720239613378167640369
270890208264768329178760
583990122351374921183965
340467629832633750867053
422952099797936531698885
288199828509562313516608
156228602152337440539706
496548397056655378318370
360464928572013065768889
307888199277069460095514
254918093947192502426378
251493775005683201666650
253754109521430557777429
283003213080144199803641
317512755415278652125625
339822124341962951981970
424541262539238831859625
196189153658566562497972
461008409503769810983540
317255791022188809763850
327636771005913009425577
175550144896605570081770
248220625835971835995525
432506533751861532699185
364104222590165908749653
459527963079404739738068
253280365065793083102066
325880338126445971289378
304661809182066587700490
317264206993463217142800
245193746916219034466329
205265748499269489479546
83683492094216353606445
280159244439924145443445
325562020968315215719777
356013277081279135735077
518424882625783796374882
259703632964075793979985
437500979310305735887357
208575444345594017328925
226858634553148424632613
457205094656527029682697
332565582149994870306100
195049278468726027556729
510986737429474512090725
149917096878235522566980
113165524486215260980373
273181214937439594683977
331586954114884741693921
206437148676436059653345
225201472829485669906756
188156511700382246942385
232256630179221006764032
425156628273818027867290
267141802117543014579921
208449289162178010770569
351501890303866315678580
216223716621035422439968
262630397260981393238801
154090337886228730916225
247014662110151210744324
310686037665524137892500
211272862051206932413896
436498238866113439828541
451435200433322348877449
398213484658661019255845
220530504995816738259637
148799636367754685421874
152043182542330895536552
410155713183796675319044
428506926492356727148106
314862729463592841606193
225341650610875188762209
264166709558225387587282
185806096558721423495009
328689093171000228034789
205206018711735380210282
127958824344665346369514
424178502260070756381625
342699951350032848743560
361004216718675766183973
191460811891532897250116
223849136633977772126810
317030132571805050874645
221077903048739408222525
288274396313316648846305
95914552866493867357241
388917941864825032519705
289069386691075035809828
191693965980366015310157
295985440613601422436928
272465869030430015465576
330815116447647827644661
297173587559001585997666
250764837694802370625333
359838787952848507033261
369658589724721560235781
315842531996452279974970
381699198112401589755169
332374474787747607782858
335578273839391222708729
203901623295326815262941
146767980319865817228945
282735416977360627903285
398312251870038285154541
303783147018437247919601
357819117218230972435178
431390287128263564162106
352950811441268058773501
162418216787678273818393
165016862683561857276569
353291577581841379310538
166455185283867169891658
280126258495014994971290
303007872481165925870312
258439948922421041679410
313962819594757632891034
390860456274804832089908
283381604299417475760802
213709699040027548581602
176770169579255716525741
255460855036133553865802
272397734286572568668733
336901100919538418170073
405067339706601635387761
304108148829312502559881
260186009123092808897397
365469861887764268199409
322130480342299773612745
272101944620891122892506
258779528248193092705258
468037505559950171594426
516494964261834752709106
270130096798703991589050
344643072525584472874545
248896926854659455633425
282572356686437367146804
298579655852304460912493
142731413285185286291530
239296303761763507431545
256494211330745160561892
227340441571917020437249
363316032946656203804465
202795141603529615246842
338016100624108631174425
256291378399758919401257
264825664270052883288770
177669820063812393576405
433983016010562664201729
355980088745232149824553
81309509092989202649364
305122823189133982015474
460798642111034832346669
276648068889406346854129
237436480687053913803920
176725053470969683572500
139991319347266982150928
319915630037626149159460
210934482823735716708445
311603777248480033878728
351447576409009743132781
264045261316987023996148
269731993757306662421857
389327629137311753913817
405014114056648209429256
368323019284133215791613
455922707691416376847780
210440828375191504727240
414817193447338353194833
144978578471460105871193
264393405823017079398842
311205275927423200985657
358747942183280896059146
239902865149678558438865
180228472840476891357328
194664733595791794695185
335537044883225603861953
177301257758715752447290
243956148537421957417450
414587923119619994460753
245784677506642881476932
357876160919165150910965
268948043561628535628602
272397028141569869076529
168778744737034575153524
235577288182410228475105
333366148235655493133888
207220151139078761504794
259873631631955151089578
350922825404806101895012
291037346576607298889377
353870987112620204244938
324913659178377237010250
350408488761514960365962
161478487830305871083737
270213794702916161441474
276358158983446147101805
310383667517528933062772
312286167731221833174490
174011220312035852721224
269460813863175955076745
218125827463372298622160
404561302466747219658280
358740730274432171397896
389949315180046387742021
303076070597599337485008
396572959628594845637005
443724680553368887304521
365532562308237618030736
243917729762671567398946
140565782784548214940900
290481892342768995734570
279877871111951268652541
322382506707033197629282
251068503435454274569000
338891620855574691896193
373972259090080530132200
146031401410784745059009
373039634857150377357904
231058704530501183922521
355807959081998643925402
397389604274665220746397
216225408185277475141810
310472840282884138125361
281321534071405521838145
304038202613087964849925
268398796755338445924485
162391007715545217000178
261474990026494378247217
390498855286627598783418
260274955409508223690285
272235017203766949356770
483977674763331466506293
204802645148060798187810
472978191093585931015957
319206063530555128073945
220190844932501674256341
193922182281067029210825
260120528301426312287189
286584833030142559257673
406947481365172440691732
342038427520836259639072
521088668863995633984245
333429496981209486248297
157211811499642871459445
396571617046635908198597
284247355557290751186413
318265005443809467366145
465142514536420504729025
240019492036208901001010
238145603562684384756661
321384807390836302578290
254322178737703590417866
476843941234365982674850
344607789236107428717842
200879570177509684461520
301292492727923550736093
353328625030104442391752
270165915340553899115858
308336557010184849424874
468441084100798344000218
250821011173685743827469
139929207731867525104874
162725758007741394567786
301897678434451958666000
356240330923417226267620
204298447065511954743977
227407705140807793067924
255460058845012092251837
379667227252682591043065
121316256247963582707796
331576370737316314364808
301838813474922380368325
394226272709016409813940
484122027512645923486445
