186036747061095221353658
155553895758813127516441
72087207326128220056865
179147745931074161621033
89271372543443552084405
97328733083646904669337
161109224508770803679706
207412512459353689149562
177535377400958404541729
129100945742834569304650
80228320642642895213933
203815774047864984998197
71707331832484883890472
71224213559625659665141
100461144499373334573629
118166516688967470333200
192576749488581238290900
85137987078017162941769
155944450152642289238138
111962797670293599611269
180341225346267285859745
183083149636842788637434
178808448818104631698402
152910539581255343406425
165669725625752481717589
163674267430845868038082
64083523183657318554394
131421657226649005320813
96167182760834161242209
125279346982500240347953
114531064087625138547365
143027611226821391863949
191206936039226570444416
119732038233998619722500
206640576966257608693493
166573962898740178469332
179203301675038345075202
120086412727066602541877
139527859016821097594458
169530630618861495481060
147273145169826225925252
87206260169937848501864
88585980864838488950873
124016004466413832460410
101215974979316044595578
146305574347414609247341
60749618786959000721425
141136439052169605898061
127558883322750335761429
179257281659045104473689
137794086090858733429805
100016009918286496416386
93870073569600863009800
184780836691042585278836
183241676861644384972225
138258150226985837450453
146507766980591291139229
73294779599676373851610
83402361453353001056050
66003656833367380706725
180743678300532055432525
152825330318471072722000
132510001552114373475961
106423333310385712138337
102542672659632790331545
162122432335944952724708
132645357171553490259716
121111940107717018162785
171118916998321313121269
116934227564747139886888
98468162150793563182501
69065450030670787332517
163815176511414921586945
231389863308441134666554
84978726201679024981669
155844090530182836919528
209467358890218499260105
191421930118586902699220
159051234938223398455170
93692643567842673022736
214193327090770096001717
136527934690092098422285
182403479117661747672701
157767568817210043689457
129257068964817642711010
25844623681363365817685
156765240442113317624033
103402354208436603990869
134602093816515320867885
151999810541474044284125
227261165921549578700921
222429010398439511760605
154535624367487554947050
139514374571553111797792
114984883421427825267016
110514429084718801735816
105894399797307237450465
163957868982916931202125
212603256404037511815653
122523903096553190622112
124440707778902845142317
101354269673934783444418
201096344046992024753849
64343807028659529295249
93077717970686419916045
35065177957633784511221
132460235411870125895050
167817053945108233274405
84282574847239485895669
112533765996579536142146
152833418352653175205181
94283543623596242316277
141966801223987381962917
145156122499069456999220
202522902073760838150397
141977206142563314017457
171894864191898069072437
106760247049814045251961
77758748886089623721130
227415758786630747396081
117001694029776677654144
70098456558357098680500
194540704824185287514180
88090435219540719554090
98793447356428730441345
139538054217657009150884
119235409738798829640770
108521408792820011223041
172534530249529322156945
90769918658297129457530
47737551216531584500880
98688081351695310353608
69687025462975357055506
124365680550038493306250
128725653996415398983285
187421857531057816050760
31385302130460062700466
149019569467591170397426
140677574610481548639169
202197103550457430448405
115642206549914706445220
147786511246374807624253
165215432076921280015081
88523214364057345438228
135340993534601044590650
170718764965559277674530
172822045698072850256425
158265271199621104096730
117153077583091406392825
106248797419795948077506
83228738584097192232690
133670391131652074731538
143221695219600296027060
187215391418663627587741
97422800821110256904882
138747971337082391616082
82602593984394759549737
107551136392621846108105
80447938287494080291634
167887169322547339703345
119930790163671579075685
185380647872964605876921
82637029644304407801908
166885982177168707497049
167547908109598351384586
188385935857570503486368
137848100959365141249442
162080550077527614030436
206761613013468226832189
138277154846433254009058
205449413170883554976338
98281804462688052781957
142192279812274250825285
155046005594412617138161
152872464627608453907282
87688251059030967923266
117750095813805503493161
145639387178811093851588
131546064044311410072154
93332659091522572591613
60860943752678546147336
116358864081190569344441
101131095402525522259978
95768116866201776328020
98202928596906653768309
112923199835631612927053
169071127331750966308264
163923260924590936690610
166306619693211689664473
164447094960689713416961
169404801106565397205274
184075611379640124647597
207755427219001363572809
112297363631282617590769
97758038868064346244680
148648368316932838299457
171787388410999485545525
149673392545179647104417
138841141780548302053265
88181204923269868953029
65182076938369693104130
176962976308489094725082
43339744101132924658210
112978630191497092848442
226406523354721330855585
157348193982823504076832
173608031348163293860714
104664578324452200711362
174608165541831477830018
93918712163210464179600
133078756212851075282141
211697583653106970671145
214717430275600825321081
149133387154912612458112
153919140685335998971300
97708995600691368739969
111810802101361144331929
114136358233953030878597
130291051533865986567317
197712225171156969625122
169684453266176851689429
106952376793120876814953
130133573661506456547281
116126565055166332156898
207519216671302185759721
130740920066946853539290
180292357647621931645672
80699869791425168330722
128137263048114611997445
113942056608375900426964
112589234451363240732125
28718576661640930315810
128174447425045250714789
55662491369042909948714
164823838831005137110260
148397524445711278949045
152040101856077786392656
197067020118008092837445
232334812760137744469108
218574146389765947910882
98658578493423097267274
108671041406686205616805
44574977748061514242645
161868556796703404564330
227864426598149614275925
176736532951679105946320
97877743233840132327752
142789735918600716444461
107650541555447313753125
133429067759636805946813
122522422191070409510477
119427191505366797580658
56278089759931457424361
151569408646920779992685
74120792379384418278634
91845840369037897933513
109584490555928512425941
157394998426412236183033
96705284835241406726020
138231363136506720402724
120166033745303526239090
139805001417516327515554
201620698595041338059157
123565073040410736610921
138309414924227046402688
182948912873414351381857
84211373343735906722341
164228729082576359505697
205445402141234597376362
177715818469252564118930
107489115163608578030242
202141757823289276769325
125289608818282416345785
172386051952683081463733
186737350670363057574852
157568729372475141391432
74470828725476488618274
109688115128048605708520
91518977387866300602016
99062466402762165663365
80370479177402704139125
133493902457517403776461
165482726918238797482682
159242489145415392435001
92300253967031920137437
83093054911647761195136
205802826193583177689817
57060821662639767001825
123700951338534185970050
68511286632767736435796
184300207991279920310378
171509813617353551535994
165018570363136051407122
120049072825277774966057
108530038189250100785056
60547206536811049355066
165499903570678524933137
88902592612820307527440
202855832272714398518525
149057752406219535012634
215938023071756045208077
144255788310135143417434
132755537996062444968914
138675346564936275684581
168799252425365009242337
199543580861997137519234
95388887318663361787909
183204951896680291225906
126406606688050403597362
157596082093567844150450
148119099452519227282324
186303558736892173029485
70209537294729762298676
139136183649498407194472
127559499359259399235505
112451601924187881846413
137072405837256331294525
155838658314404490775162
188069659082632297379925
149407494271317571209586
189768107391259684455298
101767425185709081660338
105425386007631076260749
153891180381103596393320
112773323427525302580905
126902336654195665015505
108747476048912130900194
215203662522753386604292
137718495511625041651720
105924631773906268291621
139764211516168641409025
106674358901334572395745
187786291926579081058549
136947508693071867996085
79354103527812561672872
89054273578485847496589
158348905177391472387589
117293814517225549041925
133251508153364155400885
209240474386621847919698
97142417255958147782410
125845911211754271873541
74163705592971477296293
123565814069676869478809
114019558650599932026965
80144184898172800436980
68428355806901934031264
190068220491612298067821
107035484070053708758997
199521258817969556739877
182897951108622819264820
195449895869456530540450
119614326300632198533690
116308634214829637459905
207318058756595600305293
128206367530318343247265
210986580517000665626786
122724117988053329538689
137360658124433572263661
191619350996014556178925
204294198103323291917197
137498312029014965982433
100975680030035970323137
175247699836212461948321
92936891626047237469945
101216609631027407952709
101257796598632276557041
114762139225576351233437
125317231114866738252997
80697200719102501541266
90208990581094788679604
172196973124408659640562
114579803587515392154690
121647400407238753722474
195857272384585209716552
177561217241831087174376
79261714509529001625620
149394690713644651275392
89112117676124073814442
83307463939474625190212
146337492712392956243645
126768358749053381284297
197349467667968440216565
183221850482328586660661
82576954136994285148765
181442289357997577307554
130690903713946348895629
132002390419013957518637
198010624922259534152505
106148310863781744426565
131463830576061524316410
233234218085288311279936
105735017968218015981826
145015737505674160416485
178983788435582303785330
162554518971877635891850
152588347150550037148900
150440804229417658355881
146004117183852286353700
108113605664406841633525
143986506851345404811257
132909749362031397994285
133765206276437359930645
164117791224219408934525
94765733378484527715745
91684979332778937171362
111155400491077362275285
94451333379347076554425
139654539911911608630485
92218722545432901407945
143549328972383580018461
140930873973613788654673
161212035109759420392338
99336816293092309607513
102767831168195600439364
185280530712972005666356
113501568905970234953393
208305172089779656424697
69590035245496224480877
81401781961207776729778
98898612718420392793442
141406467725276938149553
119985194181806794435829
126854964171370927336090
89237458635898626327853
135363851756752139928520
153665591743921136740676
147229090797157433361460
158537449570857528715920
174442455623308586973005
105124568298918729035225
131728161156855450480569
129900453922461955455757
180961729818187998056866
151147310884740849311956
66812674341577422054085
109884785130786746256377
160550161019171811407816
148204628907737706459613
127833939978744803903125
115048716748284469653025
172610750083782747520433
146798480473553763334184
113229345078315080131700
118951806324114800436500
68438887586663673745042
171484780946935456289753
109199062362510742266914
138709505251350173595053
117734711353034650741282
76524619208196555563921
234618533876149077176705
92332536055511070169282
97568297622062992891850
84776967990656112851237
147397074004304351368325
184362059382281962992661
146349903314198872690205
132364703072255099287428
113588234746077106450229
141127068405569586420457
100846680239298038291361
178856691003658765830176
140428893368938277554061
89326691027437846569674
111795755374731325267412
123953927408474164211129
148618991657999236170325
119656471921058486157509
102505871941596440462561
178787206531323962499330
207910512323761481516602
198371410372735236172418
105797691522804809290320
193556308138367562409040
133385864947545289194197
84334810239190838429924
105873417637915516493393
116661172139090422861860
167410024067981248132352
235431360106310506901450
71855482954958722593725
69023065327110164480405
131727789426491609321997
80582168245199910006661
121441473756701009843845
113697183357646586041514
97925420176928737741885
153356306147965152809092
148994331843738197228201
222488333496942250719941
167771300043661201256473
114216539938307402131594
111212372524185596553577
122966692566376470186973
76889862629186404548365
173928933054549602458685
64066396650932691929213
170503786322287814660465
98370247161668526432896
185408094889279869774868
150521520685267188055481
131957117673667384462898
118838139931631271749722
152698203024550217237417
85066489333811381715621
161861612102593673454145
123278888359465280281242
167958053498701982244650
74802182489551149717305
208428940431781711341017
213324983112441768956917
136216177198151469915476
114523466895204935295425
166848944935310229354289
102830920229914771090765
134516036177287393493250
81192992442962570798049
182244839079119122497605
152927846950932952897817
122427115893676729558826
108127581966499928944322
193016103891303831689593
152090478568761501112865
163599230133274960828453
97739686795829245578233
140639634098211562517425
164191438546157336396596
138163379038963307768786
176865506156200395559681
198505912015805997210184
157795821403415107585753
56291507156999829476053
140112967314024011248250
140867017795867108547060
81023635785812485589800
107301348933735958899844
168229500344863173430352
146449497010054601377865
99767327296632433256045
190444347349509508697384
50215258689902101315844
119843600958903201343850
191585531341912384735777
99137261526023907379397
87508149169242339708404
134701344080844101869585
147686422500175483712610
100898955606776783247257
81403484616233681559272
146413120381921582570000
150696129275570583638345
112767494757530374593485
119035212119095693104457
221740275100017505647402
123420780547766052487700
97551901944883397956045
183615597038344327173661
238657017721415388092392
132902193290227286211241
146547589683196548853757
129332825206988460745085
122954587259964559134129
84243316990653918437954
191052882481658120758265
159067726427395632324221
97038956870413401635986
134564210834280131010665
86559396444820526743924
174522071197936412752610
110487867355445039619997
94827950058588629498065
105681722979317975726105
106932636829836659523877
159679779566708190269770
157992230151334565488580
194335788080902385041108
126174553602367700899729
174714266400402304188665
131159285204246054607240
120411909438967228666580
160558140565160294782685
63911534123794060416725
119106419038486113167720
98350874130838364167642
100172637744342894247712
95172603413113296364541
173410916945922088914613
167051198953030470454580
122827065751563580257965
119302777501823988211778
146515193866797718268840
123588215956947461931536
115090880146649676374885
130054124267658225913370
176611462191059078383400
188547057740418925683434
114863346573610029485890
45784194157903314940164
65050510541878430689541
92519254214301250645553
144033406699286585933657
200176966905518785171744
209181308559836590942672
150931523157084991721588
66035481580263869020098
94677350459169667714330
66325690068703638592489
128116132312739747363522
214235462193603214577093
101123846855740460378260
172314411973099428732212
120052601490039235866649
103275248194435701981008
161084734083914611046789
184677554995526189033009
160943896596014988526121
135678895251662494098560
136772651902509129520877
99977529259527797921733
122567251575130764656074
128229807232658724753245
158102119684986491683577
168917864791133824884610
163108425277612231736625
118032741264374764120985
122312442834549518227730
164773512249037509984592
44672271338843384246953
147865066145483899081192
93860732775716046980593
95605807410254542614525
74121197761555782051560
68891758085859123166021
135157141918757591949605
173711254160957767666450
207110245194275316140777
152068506464401154068633
136032045273034967312836
122592924208050392975869
121243694830801474934305
119592368039303846055785
128993638250630046443125
119504033806419978409049
47569479078175532788229
141322696160044553942148
177805427823308305572661
109277553749938743448772
181255805373661275913690
152022260912841032518802
181648478095062237084884
152963247971743997213714
130638730044968792412961
179607653100840488863761
101603627565535623162100
149841086603997047330626
127552234339828253855378
81686842039553910305954
122739706729070165821325
142328195092774217178657
190995096187992288657364
84395958372133244852633
112242195580955131737653
213362444432496615304565
58170768748989669763028
171914820972490865557753
