160688360921103028824434
360530046610850425785661
237079919889185545485865
97352763220239331074322
265871083432633681218724
264385847231593764342025
308818956290900584736464
224517079562695810062961
218723464072500306305602
130351345193409999382505
270618317516520836643461
238875905985213892101138
109267004375947106319474
250950716400197484537289
183153123231812087718274
251331995497565876556034
244999753678334277198365
201219032157388177064040
157998312562550989399604
344007107057271292831898
326095286661395913594245
241903078979208803600418
378812252375159929150882
271789624446597008685841
139245757440074299505650
239701200609732312200305
119541306189799905457626
216104630928273911576825
172969678473043711378717
264612608449558851065690
354266756378156003215689
123922048430604115659680
250961289906946250934553
183236236521105937458178
239365083573762754694288
234152679889904364438106
151737217726277692072274
120364193183557165697738
223679489306092966300180
229239088039912189159601
204132903885761603842517
172824392088656793995792
104852478258405696497530
337849479207884846621909
214362578415639507935969
181301118394390314082724
177037486866701526091266
262204286208283670682896
88286935726470740577165
157209316377060300469533
312813158444578241661341
239408499532699969667642
316114047008360930770472
140105835192184129137242
257278905515828297023124
349945237098099006245325
118722660427506907374769
136236896917212388283125
204113671590996494891217
135685138391440351044721
197884914878773962304985
263777458399698118219865
245440145564855051598088
314338943390313507157610
134574190938932114596913
324679371400432393661637
335066094343854475729434
273369700582314725038105
100786222280632209666248
276649665410387283182065
303605044383763046091380
197064461475447060353697
103936792078779328915313
148760917387628368686397
207642124821510501624308
100526684624755726465124
298620749729346699879361
300762747854919911680346
136109187418053590748005
204604493432010637556394
201347277476129680167940
239430505763484616162469
140043272276283451028469
213798980647335697766290
139402307476961186801764
242750325908039015148625
222460681636933752410516
247459068423460511815325
126617723040104948470626
111489464452983397522249
305397731101154097785044
219306342707513990114045
108622603111146249428561
230590900326178636836309
206093130239850979233025
47769437397752817716866
252419357932090490735786
91454469659695351854301
336220194776692616698705
272517578579226297377021
144712357180228634871793
229435129205177883513553
75330444933053009261753
152683216259651087764865
217966066102320709957997
167570733395910071026000
251662462544051298925765
391481496896459797788965
244334557168048950414100
77941854745600263873300
115144028810078208911954
247131408769633875476617
107448125337983401922245
206905130808650457366269
170818089687130112471213
219289799113186986616745
128050567847905917791425
226326638642900391491597
174966512644979568061684
266044820443662214092753
330133973093530302723505
146940388115813793918586
219057899162483253676466
125863382849051687458970
247381073857913528545952
277956101676345297570209
198885870870961531054664
257157527162204904015317
224678765327240180644441
152659678712615913318329
104591679332506750883560
118337716214916658403213
129050147465858901800401
291362775674914150496001
135999632022155339771437
169348202534115939049780
103752217849621139794505
159444661579324326298673
162547001021102625769140
168767012624138659974506
348441532963763882345882
98442112742224170750522
230267236651749288844425
324455287840926794961914
247685016181018003267661
229585335667444143173601
107960281143430989627220
196417917370771262171993
41529963912206635586125
236556807220493157233645
278321844317993814803837
265963200474813716951057
134141138993742138921032
193590548309253173790050
294997918475755562086912
120053648310448621871881
292711375295460664144421
348998204694340240971553
234999334183357357777089
196624637819762072496337
168069405417198865361312
41345068036475721881834
310577447356630877206810
142711531756906988122625
193666463037669240103418
106851857540863450209570
139386313729919624270836
393875440061325989965252
141336156676995435642500
287535488614428699485969
257833720084044918518717
54269599062572323608033
253287942810776203894645
269242847051674499487394
119367931577693864080100
255359373978363904549521
237534343226138331016488
233898932264983002275400
176201951201011418944628
116716977667805392786628
169641044542543148848530
266159938648647053519450
196537128397984331281949
138642498047032008743528
104706137087197314672445
108822725661278697178921
80927491808482493298122
292927035441661032954725
302980842849155026470433
224135219304128421598964
175934146128871081332485
90810292527479754220249
242884589587400889282005
147644354499350652113245
319317976833598287985837
109992649846461345691501
210936270055610611417141
237228787897926971124725
348416797146754913885810
147900948681083689441685
207342682263193683010698
191609929061533474068697
223885100096598853778762
221923719194378439601301
349569555796230760084685
337725904765475032403048
191957909724996932083202
322064186056300936057177
159825828945849807028626
126456623231474428976225
224306998873542007566340
205106267113375209452900
230705977991187799374352
233984636605749776894001
154103688096746664083616
118690439895573706565066
177093909485423748901033
304759477202913020421722
248378668396523363162722
231313653373621990425940
119388355193241449924129
283238131996564361378525
192428770597922282157890
121263045277356576093008
138361817015705454213825
190658864638693415879729
267105723015212595029297
69998139069126956798170
259757694349639136352585
253193525456269397546642
223354339106527636401973
198923109237540488367620
273648078069454241131205
151898602890971091557576
155496035984427754750325
200430739245719077536605
150295846345936794250996
84525559955455922981992
314944890280053878890450
219486494732204094572178
116321091507302510847888
161748338563588380483524
325160031309117777501922
275312870624450660885192
160728061424271662074085
136194033281971657790573
96387288514017162591397
313347685477135753394101
361949829961464198813554
247924370858907217325890
116805533607542387388625
258960442898684710379893
275160418347954588019713
174257814465727628649458
230504311565149729043386
206696947125214118512741
248805790356419211112352
285536583988425804020713
196695122322382062092162
162174820258403161432922
105034826512750065394853
102753796551613430439589
150830623294890467943197
266248209304377436934033
119644976258518807419706
252573251277135743809829
105289932655830227561237
193872070706964112791025
165302269350385820529482
247494832416050784754610
118529540849263425396257
283256239049379662766325
200896774339652107995625
319174813082006771679325
263918427269764294601713
257161036273806539542625
291302284642567087230601
140459986665866590523693
57122395558979401096729
302298553182602594901821
161951341838154901313885
119258264100814863371010
215768422093909187370250
151934839979893881257065
204134013704816613693593
211249125921793404437581
217544480139990968873012
333005035458387509387690
155672867350177641442701
139911054424912194303577
205729652441006287056605
227524370923788026011720
227440215998131633051714
198681208564430241666440
248026240894668049458961
133825180221158078833634
226353441637398115289300
175335399979461936631012
167131794731464591972085
192706111545872154595810
218154479934667575639938
171601910743174150966114
200001292423192027549145
224497012994172711655250
234627240699223860985832
200988807426692513578498
130415407650277784873800
123086204313026051035165
225746663652970474670500
109437607161872722837081
310096298896681597804610
234290643468192667553972
338400681338126430975146
257700286052420032269401
211592980519877181363209
195596401764234301295618
229295059455586014494440
205377335159542362509800
274904794671154555936208
243000766147191851911345
270158037554931018791941
368534667156712104487165
242884810574168809059698
397465506095015664679745
70014679984757401480490
254716939797409036687885
243761721771040734030050
125102107736519533765505
173263445043994945163281
193833561238708980933637
206929862380480227346728
225836241039428745884434
238135897088115450462306
142410346909019261957200
227911102014119301266000
270691253082997769550436
143600003779130498397001
333668882617171890315929
189624613020071089205090
173766704978076494487658
198716521062538546699090
188773338702626378088106
277573283252280030710665
156650104333717515458186
211658428466233074598600
304830931146692550454354
199996946410408588539909
120603771250419439951714
152119138687848515894324
109114534521426043905458
294249156644967495441908
153440584571557019157716
136215420797428967405437
201112353555687012558473
88005155746847482389672
223631680485432311901898
209378799341854485265481
264397078652751278668100
364444521346394435506394
149616543050608479410690
205319188120746853020258
256527448524922656653856
320372901470569325643365
121540917179725728069904
138511528559802257775136
201808212501402117911170
146428360813902046996153
181126740333672982849745
289283524408488134334562
99520318926200197088388
270298694436516741636308
173508653667210630953077
211195935810312477182740
312827516979508776659905
258724959047330238980530
203238877506192752270800
243051231734636809420820
288070651042835735948833
124863928249869534783186
70510053564897537973330
182381917916459567851714
236649192718767066936058
287929463317582622670017
190549025797966604353565
337894239287568031729945
248853583198028139106337
208400809220682532792418
230452692222318301116074
290422594492715368985562
283840576930634350539005
388182207445627754729677
126974876821229030716756
226622157488345122734401
279596063094562943234809
220299189278000245798034
108086445491815881766981
277924249667884178299860
182972997616844590658336
168122173560744227116258
137641024317402389843280
250852316941421320163796
183757651092599174860338
162194113769055959345057
107028378756926446549105
265000639465102573504420
239320281935352371869298
266543760876340643383780
293843900005031415152581
317958860511045666863785
227212521233533677440413
303349130749618645920813
239481379320065412747737
188116710047532049558760
265412884030072181689445
321918416318437111844738
148046307723513231018466
147125617954728712249925
166881663439942462907074
164293637013347994283858
195903212918832891441320
247375389387099639754324
227336415072850951392013
274164279607944016002464
214262238241634325432490
302757126568971933969314
265823676091105714685417
157006071051398539693322
305229354192482671555865
123995350707776774165777
144384271675450944623642
205063829039573144478162
237090188530752790783705
193739722030572870883410
125358097166932143719474
133558315590860744354641
289901571213739592636820
176162101843564678879013
275375112107351706464914
261265221916474294909378
121375618281620375093840
197245782559936997052520
183054440833604328569714
161266875155928486219938
304491761969118831571400
113592233408250959540701
287466624060195547759625
306406517912556783216050
258633386035830278623949
370886679170828637578885
271831987625637318114548
258089848314549288093914
228402378548367208929053
167515485050795727215732
298235479043838131363065
85706085049617661706404
106218419003795745998864
128147017160617798336985
188090954100688196727874
232784490238403888482384
245604154845689035735498
196910265567776131464328
191788961015839917187058
201955239153877528981325
116133728753514605522461
89225820153068115259898
252328772885302444076965
183686538249096211940066
236237642498621233011620
190955596360548681962737
172223382706256705770305
163896165771261507020061
254517485871028256646437
213720364216392300702761
254918666959307762196130
144588931730136951393349
68645292497745621178985
206372170108014550456466
128182896520207205453114
158670355701930886994324
238650067550409075331250
286847474437371309817284
138720963984891735944537
284354132807463964800509
133803932736094984832426
165697902330496318276741
236480834780904586687880
269119836950526208830061
209943054726611673345853
329719021437124987187341
338643083450032179907909
105021927971666115256530
140958449782531944875537
234491472501061839629264
208133952456901639359773
233241843648548522965565
175602423224890392234640
134782214967929607386725
339322413120712725099673
276111747339892560557437
179541288648503543520050
250018834727594575159252
232023938250608763346665
139211710660236142664474
201993648104601360551825
249519728073850701687337
158894973619258738041181
198024384151611677925589
404896874468730221254925
179036143940977320331417
243137339440811344637145
235780730328891303997445
262045739028339731539336
339866544817874932501124
264727262200173862881881
275218617930097680128637
244948453823152737890429
175764109411299817187316
210121273816515785806466
139903809201009917026189
149160838287196254201266
225386569701499588632594
196372826197070043739874
215480529035508635459801
181811640158972954657273
175938584938670278665529
135236357772401460457285
119337177282091918657300
189953279180242201303153
296219484726964420907401
307267277886446828977640
130145943714651767639530
269715632306953257958004
235916021797234960482625
274619461375649526562000
202858549300496201264170
160366543308565928337730
200538861285347695132240
201729666738689427355141
373115982020268598241168
266900775736535588147746
188779944064431638175545
275076480768853799410033
304139731591928489676857
168365178113989791291680
225317638064498779700921
252168101488288856268884
269482317328947287454145
151969223329587714919444
322528460173054793967725
259203812541227691959137
268352898125480049653620
183322375212799533589101
73698939181959804184532
264453512233037951411261
346154058034701289234760
137785103877288171901780
103167700031412208124197
226725986841373687848580
238337553609777701006129
301448401205984284931585
243096098112049181864805
207561582284043316414824
175793679526321017191333
289985724794179421808388
151247721025418894217269
158696781159196138590020
209603968584240143955817
327990161437904300858081
165923324968364187343909
250044522360349906989265
243067285420587812480900
210483429608161929584633
82376446890971533617353
248853688010503964294309
206097365321996456338405
184481209054423438208104
199484427814874275848130
190493571855447180781058
215396124656437607490088
290358813761785137483085
192055770575994302992937
208683818961837997416957
236875992609445625348306
172379939740306388664037
291876951362836722140529
161868195780266068934788
177132160507432581710824
238273322741656628094217
268811554424595326286224
403407647833597888097117
171512327308241353879505
147001239869896289472797
175247182876626199580698
93822291429069723477064
90584743653476939964665
210493352990030476972825
219363829623976792317305
162267187394744046390605
92710149240221703847969
292760919591881256134273
170456807778819432028605
187078647086672289828541
184136451478046401161680
199058398008652342385770
243354184730975261755621
295371423523746379658605
302861214351214497867785
351557119873740876813044
279814025426281843920340
296613105117993050359689
186411243943188096585714
214607651835364284734593
230461012985342512583860
174951622694293921275445
119578244135223310300945
101560274733712776707042
233223424944857097045805
191426964065092034334481
283428580587891449542250
358303502036277066901320
198714040286905172327090
216240663348699164321362
243222386597657121612285
267459709636663344882826
292358076672698818760189
258732681641610849391757
231360195024494747071417
175409561024529125819429
336194820768318996944609
346389678454295768520730
168089780985155865820580
284396795803323081027908
130974306488203608747170
107148901590609602042596
158336595752954171967481
183048266724823331700749
191406192044708481163637
288478851002746280970642
106673432052288232172413
404084084270556222947930
261195450642396718899705
164822399719685701898533
196366242272863100455069
268144387154602441431077
132353000511918866352404
163014556233672889627037
256275825554627708475425
202175464637039538840625
231043975372479830709889
273485364209859760810549
215239668047820795859649
225992491356340012677520
232235114302896752994482
285077192935263905146042
124953628995736240151218
321433840798203612919400
271190989461300552098146
147582366106885631050180
54261609357702559032648
251424697478446184809898
250444325087246635727965
298126276163805068415805
256598513291846353082234
147770762942500453644930
253049068377419146502609
94932306803198876729233
