20932161138573546120080
45711941680832408816125
182175473367994545301928
64694565387529466412808
18059078240472683756756
127247070524150472691610
97324421727143926998290
147594715610810686507316
25661691500760513645481
144621666119726394303809
78831803494916026337250
44213890630820089992730
45497417277802529441393
46448502136478295111002
15948448965035990230057
76500205283698506819329
48281365706611429617416
61638875237526286231764
28120967220415786871002
65607627931980995775962
43196097317459518602000
45484677365471228968100
16242802352259340545620
14083847833639769232813
63168032720027501150618
155022694449888162837650
25021762674044522543956
344101187028793464369541
173266189672433584436065
269926438058272407035920
55428694510877652987728
32045383291807657382561
303430402691189184286490
175923801010000634598850
199448128369570828724785
46997743224567509869970
49221365025037481321777
111265416749191207623696
17863841891253037247077
123083887962407797305385
52255076224799429918141
87747455483289157468424
74483999017577493509953
16829204971243326010873
58945306219511875189585
145615950027064195470500
20654419222512855467225
67631887266380521840178
196137141874775379392458
39294711268407747629690
201319900597523337401645
129742634371758869500100
26202126874382595334514
189153945664499673083474
14327287504170301980005
37162369104780490730372
66603991003338357683330
43916161977092785555600
48605461436727037941380
277202753261697641253125
20940644848177022895530
25124446012700436825994
101825135399351236781389
23279790368894025727762
126881266819387755983009
119579952749679066140897
163102692783680875880945
23112068818890669966184
83126856661240206370345
146839078555807215262469
259539900341222337066050
316853169940602102720340
46612786533964231200661
222920367910640325602980
158645168322653293574770
154643862359907224132530
107472848128505553939610
98196746210913387380113
11297998663642709664089
117318318559759160467650
45044865804971063983828
171390415187311826620201
37366103015014480853810
149495982886228791228949
65756196933781827585988
112162651568213586014330
49428395418972210171066
99253048808068231692800
104869151550727399096189
10710476237389311882650
33820153560955984847897
10260826645390811906624
132734183773059332787322
43267857735677701558405
50936640620237269109417
25469714845703572857992
139838842040676615268525
60048693879188415935777
24463514691490655115809
62380237837290837755546
171257913788453737506442
8915679629145954657956
56344877146530919418740
197417548020814903024405
17812534283948656214676
46763312193527545389661
22115009913711734263592
78464702090293286418500
371870748841465081139425
269367067407870851782688
64639137653511438521704
14183605368950190731636
138409816883379332072290
13765915337004150400162
131648900410648338789641
120255102036972217546445
54204829958179909356064
127898954386739784927125
124773280836341054404985
27571505567555387281405
56947432099104255034705
17031332293288795702097
40215982952845553181497
17667575633503093198625
334466450492084335521161
99078051735095587296565
38148051871647840438961
168875570251294127215082
52566828982604836677797
72201817556173987826490
18281904469469350737185
125155828907740558894525
6890944960583872326045
120510730738702638236362
258205681172333099637425
250135438941353127536138
55503835156857240228554
36870093395112844893410
23544077538460571973449
61145415717239071150452
51593292336858973445300
223760696323487182192585
15420387808543620546241
23095216898152678142525
269924346188943605918480
139579547435491707539962
23499509451707689977842
20634536295193708194569
102240779481365949069136
202896917381833808577613
26047429621438474255572
102126866420180047771405
31348074033872351574745
61711133780130969594821
30141540359382507147805
51517576739253266302277
213460750663431711825410
53329819595150915871545
129250069423639071593090
15947702937333169369218
320771406916417712386192
38959961592245478152000
219398371226210433389354
29452906419505898835137
34461915792587999128697
105076629864242464248756
43475050652177713066196
395703958712668612834484
35397952901325110008250
32730696787917375468065
78660789951081496918825
217288510468853462439961
353753979913048238446981
11665793226456141745050
60875198113320948819829
53166762455801525671685
49725511689219070281460
32141751777318761938061
106421553805613112007265
5401678545186551143850
43319347179472339725521
10331875090514022019850
7953684576149615617418
26380062782804756633920
11979053289313629272954
44305052545666139798644
47188420285238248229258
127900382828876667425160
34803497287629995047121
56341085772014109647476
39450040162051965797045
9720446126127134292805
106379246225418406836161
67912575613648104678905
13593466513770740206084
85320513976391172565160
11600666761779784230133
48693718471371787265168
145225258510516132832045
43620628860414521843941
40096872489798679003844
19019953670246485375904
57494916727982463313873
77557844744297913080993
36707221991634399310877
144420524415274914497800
130268745781421485549145
24935489720901129440794
20828231603049266978696
55065561733238696437640
46624570649002485723272
40008146312263060013441
20442699583546513605652
90903943393971507600050
69399140038773428966836
111615914512017631779362
44823706954928211915441
17582763382549273424525
38255713294136301690946
361788638213681524945045
38764037091511940630705
227708784764181606123269
150419804718509428140370
120385105403315745531545
145956164994214507586945
15794416180471631986169
54453448947311296060469
19976658242222116975021
30355826432871559126772
24643290100765894066021
54101094089964167613681
41418398948261386504833
157467675698590880920930
9088225962996671846393
43391639419058626203280
76597090748588748698849
12602394236639381768465
181870867322310141953245
51638562190631194911569
10922676787527721485160
68004350204387846581105
90730560548477779388177
11901526450008167882005
57331343318279243084680
242139501911726556118834
139394476418202831128381
54218048019518272457698
26934032524490569403977
16244890769985444567585
29850530533712181852260
97141500131636969227825
12301784657346644088925
13984703740762497058277
2698038814720693728490
95582493144986931774612
314272192174263123381593
55788651493837560939089
71018340218142759693530
27216739011713907430557
2960856909577353355424
109149372969618780382184
65120076070428211459988
269242038507638885651090
78533545889759160474272
18316026491758662321106
33425398136216282499370
131194138139686526206585
95072382131983451197425
316429627508075942545988
57154978646089049703393
19864356123883142845277
181449274594244492663780
52114480111331870430941
222680735330234944486106
66834665644100386501306
89797176574074707883034
156466193417716326473633
92424126789634223507137
69080873226696722233917
53080418473650358915226
59528324220083378617061
233302895739514776266218
68807911167950337116522
93677804871073288379153
134413062797853741370276
199044389273357505565261
27602912902673010444392
314754595177251210498536
27699527230703258614298
102353050915552719509085
224138413818520051206533
69408369976620598375729
52959078143777028441529
149200766388676823899237
10672750825166987732009
25754788360069694371053
68904243464464355309009
175396608655762134809345
98371927008327896422018
19090672140950455408004
91831008788542968022009
180361315738196227699304
34117608947799521407770
38527709233907065644466
61451822650349012128633
30167141953258827314725
34084124704112948782253
49065557473455331757632
38764713668348083538410
112713920847278812677146
36203302200558811010725
70314820311402357530260
39889096841240975002240
162120644559614057203328
75732768233598345685520
108343387674816583305825
56731681169850805308293
24222302290873177290452
32862353659219937934052
41865338284967677011849
45563279901675733496533
75538366904410992998600
11540726641279446753105
82173839101132354160848
69949636870816522283125
240245018586371169889684
163616382998864612032949
23704671337174473049204
35035072965331306108690
14059476946660580194993
21792798162967982614565
110008370405528180999290
85299795024719920774480
67415667664174100573620
67528076765681561015725
105406831054177827546562
92601474149914405286708
30323600669839760733145
64598565759330800739881
170160414719450048877124
13167705652756591039525
79010866095509258189165
10328014554778019154130
5172815037851614943281
20929223704805302384154
17914397021882342564050
149600882163734999675746
38713479035735847162257
10705637034611053196026
93443952593976659231012
13341158780577854525357
26625850100368812157013
81314399044136455055757
108642618546498514686433
24537031909808284935837
12738098253520096626077
197974846990048900114385
90213145757324085853645
135854896970632674175568
197498490037052563578122
148411916993868735687649
12908094688969819599817
240528002725867828886597
110611819973311231399505
40197625995554632068770
27478374722828214049033
37364944175461758370633
53481831360994721463434
217723170861009417972029
263440348959645093244564
46536105714362327493281
222886260572687947333705
174727906603959997406794
170828055602714962744265
139044698463601949984081
43827727958191738403092
34624188434173192225345
22241101340656620879833
34245247495857009002505
96885655078078334741120
272120582372424416519146
143658649274787906767668
29532781814114170026560
13851957836100977866458
28893000662338340961604
158862267698924387391785
146968908382477131348800
8588500914944082098888
21571394241464261049106
109635825731837207224040
197306335617842870457805
67901738222320775095940
140391613983797081581850
157945570494959190028826
17222970482519017173092
12726847641836153805725
106384493134723838305297
76713323109978928810240
65506021781521509207905
14973900510636387334034
11802108937400529229553
14684859626675186647872
59774489663883714382661
312477240112297474316362
308621094625353011459200
62898630890128778287337
256011681570680041087874
9336836898792835003961
28849495554209297011850
178655331049012842645293
43358179920795701687765
36540847190984251657789
64225089989751067816249
167660149596391804379625
132704202637239241704020
12057323196705748691922
14351234491901613427805
7406419401972347242625
115864585437047783816402
74734433802341744355970
32812397144106473076626
82025258587359774674653
167961785886189138475649
46202459529333535612340
63780684117840565744205
240493678069285279847506
109770065821908574816925
15493610121482917538753
91750898002583912265416
69136802518205252367445
14584844421156747140560
189781052650327779363445
122188088104436176769785
21880389930408288307954
71081321780116117842280
21890672544555843400145
21785010959496069762633
120327405797758644640625
86880590528331661698625
14192104270765252694068
148220078260352511263197
40831921391549869595690
60626565967016126459520
137685107853108640189125
34862097104201722584970
13007748695056704172370
168140772438591572348769
41717860290001504877728
30074876975018707499321
64707696140588254473512
112669439913108727013357
22218834618111441188772
19880449766785677578722
353119637033726721982613
44549303320366808476500
45758244385183329097321
86574330020012129000730
143695856530629705426514
169607877212899470324401
132153391041715683903652
14500193557857958486898
190528140528827963651641
50628719782854551116685
239350555477562365541504
134740056277379708664561
12925121667439269791353
78542228831463661557154
14952270586028211389645
61164018831379812654536
33507367237529075211185
85958615006492286584228
28061175650848044944161
142548680896922557615850
73153840049135349508666
11732508414251214931872
123850865025654904942289
227372474825861769495821
28207127424490947521906
316574591027996488663517
66088508165982821817845
146738781256120668845632
26807231514851102534833
141366119453789714557090
24973183675922399605445
64034031965343905876000
46999463619435712686325
96254062569283385435125
256653408562833723649300
162790817863690553124682
182160328611367843179561
151647674492742730077233
80608467537655475453125
78668795699622528458517
289750754308815808481810
17241753975454989947965
307473655875997997217938
23775808465531122638746
40437330184711689470282
33993373557652745859176
33698165474084512085568
121803187949206395628113
33419453080971525705828
77319769782572582679965
30942052120230554525333
174846200194387813456250
145738019585322523506289
335523564555726223168498
4583337202023916984722
51791120318078336623129
27205517114009264051060
54765367379448628876661
12022993729235113399193
99221927821436479155818
81960544054619897696737
296612669390020902533396
188418506587670232770900
34442611219999434306436
110933568173542037551850
314097854815184134298580
55033145394907842432737
25684293090934173330658
73259158227326747331210
11268455594044271508004
24598850264040301965385
90472546402642955863450
132898656133492126519010
427445890242874794394877
277825380038080824113050
261449086136236553345192
26615673416654562502825
141673160864851505877905
32738463917852283937490
22721889712389742978965
39397221669506597055265
69289445228803318552996
42645325645222805594000
69718997678028220771625
28821264188327958189992
50280696079726699507853
53288479400050300021673
128723977881813997128665
72352873939303136424898
27420897578475393552100
80012676483958371802340
295423946052456824611970
79586542789574295763738
29008562466398556191940
134736153861300978667304
110648421786465601673186
55382193560243346126514
72481493806602062815681
28092983566784846967605
128033659694113164725345
121305280266994068809642
160908627899765962429604
22329343525954182261890
10173449194327957920260
26775913792565703480580
67657089556386001871765
142375551598804289044042
92406554414685672140413
84266518458076686532530
170970724442700792131537
59820941607484390231106
109890706576580432949429
165307041146658754843200
155005110644676188295572
164192538400316714029988
11376461660160923970025
24093770986793764996034
216043776707162114005802
219516293909477819387880
101716394348780825106181
73396838303959577741316
73870508354142970791049
21280415386532082218045
217690870712126001264586
30761578890908885751425
107400165010910034432913
128028384357865470862888
43593923190756365425000
26503550545011744578413
21610065290386852767626
207482756149175028823432
32719656878421196105018
241035368052810132798625
102813951198737919355865
190256802224477914925474
104199599719698505172170
8010454895317049424596
68182812362307123296161
95903101487064722353885
215949730753449877820785
102585924012504092725834
33128875557802118990664
34453612926835922066441
170328203883881151063178
170389408033353598443989
31853922910280864176514
81674248763407474666141
18073347726884556986920
24632381632424328094705
66409659518336167908269
181895735483512938285781
56724869490019298083669
62056205741061633904829
101242441362391798698709
85917249383965142103441
166443901804879898420861
56079575684125390789540
19030217611830022401778
42708162786195793578194
50487399500992643688005
64160485692527932648330
206597015860049247605185
160179906209673779494225
20784762121150289814857
108443028419254560824593
120280573196464852940416
172872357225195908390125
48574635961988496268921
157377935087781863737028
206463541035534959632565
334073971516859055062041
153090958510881256539700
81210750489323476621466
3494576797934182386725
243086136513737030107925
304859949116838607560473
31596558260375875876804
19439575619040119544616
75258719984022997418897
50667390013355945352898
110136290841928899393682
147058168717313880376277
65302501832478135283016
24505196619427069530125
293421588013163882093545
276424815887406030499565
45180487218004418236450
77582350087793858170405
32131839438220165401250
73395943995055672978578
255195917376046876826644
280463484539388893749025
101272004074884268253218
192534445626675118746125
62197222674919771844885
28921280866397080189277
111567002377233362789881
128183949329962261135525
34614591537809460561700
12222791202462762749218
91303077391423264428525
71733370749974095761925
25634955879520948487953
117486243969492008244818
174235321193801222881552
183609088920338000953636
60050629902130119409744
178247093472766792267525
102458610332766060448541
25631425389244815331090
13234337821277432962994
26433020196604906187810
101743426663736270374728
