70596121172607456747250
182318286330759288663181
17216627684207315718393
32264910356637776293097
60992913206681086486025
30457501419797473192330
26654225311201745469122
50689864951364824866701
65732207026665002898769
58881736313842438151597
102289928515654266218529
135362729904816267686617
110129842649986860981370
19134409294526635235925
30165770344681461526688
100225460542072666422068
118599533437509070410920
33051799602909801999653
50677049550321938937241
170282489578909723600426
124368229542131693517193
114178801562699072139169
22187003042564519715284
27988026603911820265769
171847104020200536378084
23293470683439162507773
34023125085964676843828
382534267611745696880954
57730542502213473410372
146004307259576601527546
26072594392677108240541
92150969609981089393114
31093174641863212049065
33879811309253924538861
54982317384600138441778
137658254950933690472593
96605096011843958272714
43652695008992240105869
102589775729141308933194
120311461970427237835121
9117565433007508577489
88925473985389768235944
84066901394680145398672
67191832174296272634685
158141667974087872804189
132695696563977471525981
136536118497554374110740
69526348538954975525960
16321685964530760152098
151835266468048169956202
92397830682575460625405
30384707901532288116128
101671232542187272316762
18018706914127287117425
24316836374011116219794
34875944705674818535400
68553864929838797478962
18621949364704775577634
13976970707500393090181
25897460213252200716769
6895222425056752837189
69997352113076358277325
74366442904950483752365
74261334614722174742425
67123291584311820569045
151333657956860434156250
41070347457214178955925
150783896652721940035268
161047529061325090871549
13816782107644486423498
91016053257311627956004
121858097343445699091197
64429150801772540233193
257476935517757369734349
67973382081764416504945
9573239899982469645322
38845247185677347660953
36784967959055196166432
19743565903194278874370
17503446787410654865332
81179640597097248587944
23702053907875051559617
18552067725250981244020
9387974248079559489108
23233388933756083234573
53593501435744576959476
21022953694375933052996
68439800575819702801042
92760558711475393380178
48270334440541997603690
24814392832659492944073
37847885981495218851825
71382719040459573653668
90078759884571683727905
24409710623727729403700
9920881708172073102600
26983220188992715462608
50739435868087077310610
18021870183450306769920
219759584381880659531168
75831988301003561762728
72081333495231257940210
38618544201429621455450
87468680740909818254866
146093553004457299636925
48928220357922002953744
24156485615113516678418
110204422345925983780445
78598921329840106933690
65975497428204427635482
87011521337900045400610
57790696831019264815090
48086400568129906114450
79554867419270274759485
4630633170104086356546
72144365003192942147466
129456653521740341742425
162826931246513052186733
72007162380253032984706
23748255220574000808848
39219355701508324236490
24089265133815009147553
14232703838174660116233
56147818208931213595405
36650204828622602956777
4186589212964278903330
28668892688622337959380
71624671923019761645268
35641724836115800936564
84250057999397847164866
20544194949250655950450
25142923018080645987677
40993797603730907792772
34310819966545887828570
29761423235485657379165
95684747771997820423424
158965549190301991553424
71791869515855847449149
5546819003146652557922
203009062361807728720601
21079745927665584406850
91762998406627335182609
76635992926652341651874
78044943580092275934865
25748983383049041060898
38041864833189505180922
33206109597723974659117
32583871525076205146740
127347460289804626594810
26799152515524784074290
18430155077405499835097
40103985499794608231988
149393926651841602576765
145381572454589426268232
232610990326853634388913
17986185305774258637209
117942725637909047392210
51977676617004096075121
18335560970223782013505
19197163030593959634464
10302448588925666812553
16091008036792370697314
32584687387835694898994
200370363606914580249833
69079062548957833468594
12830427095629721381924
132778773867814785209993
61205458668337929820405
226677407236947018039757
264731782352094014404109
73109042565573327553738
1302797677347399099040
57751408403040292510500
38609315663048028152840
78404457926336667752629
34791192721579373058938
147541065971891740736201
41391825097771260456365
62679331240860372379730
83117717633721931131553
9124616891274316450245
99857477393247252105073
89564035567004604004669
76132608241113868338585
16288196069561981032882
43385635029439191108997
22596870260801254292425
138392385740910307284130
38955479307394042918386
41853894916007208714634
46174483544644484134165
218004281620640998335266
11542705227846620588881
48930196521258327720618
9107088513180953125300
33954691248293518453797
29084800883088533711965
16956086076362586952773
54470701261029011104450
33370205572758998942770
169143145913824246085909
127336114931082627024250
141628386827219922184601
50765780138510047435901
55480494646575177067853
56329923378938228364626
34971618011159846990441
95454818496382515238436
205787596209536516826788
63792431138682962596205
20992758784224981845194
22159942375465662489781
58414304896721258274128
26923706734168794209269
74476983484526940489268
68706310171219888477028
11474062487691741764017
28938862664400738706961
15671319944016101044480
11108894419420039133684
167403193287409458168705
204410582390396357860274
79972541972508864488272
122671558526638499489125
10541246685528644063236
67592605288101139239250
56068640542351022887205
30892494682561891478625
6667585810190015845445
29949554695434074025714
11303253032549390600306
244693756204105857606893
7491340655930649306725
23048547172887068142869
179176290638019333053876
20852505782133657259114
147284586434206418225365
27567718802501014408105
184907790357309574145856
36614686201677028025576
5549070597619379133997
164336424618622644681892
52379913550236948087138
7903608114968849568025
162087697393603364158145
204123490055764518970125
54786775554489767887789
36108848365136528412100
36924583096008382307077
82175421224613559246685
43229180547026859549970
71376405660698860122869
3571255119582353140352
105228903982095628260250
73552018366048748770709
43375358001280072406288
12126408217136958629618
59990316775447538808837
6294871981449871846993
6921055279403740006634
16272371041648099689170
65297065441197509604017
52726050160193985042185
170832223575060725815282
69566162169382424508673
13989432905067129864320
23975970303198655684928
45201635737957959929012
10704817913194340532090
129496442687237667261701
174929131505433681883189
86040239963532196709844
217417674884584237108578
101708152101633784469608
22980350099755089198305
15261047675802041148445
38078005754415812977997
45402906110317306627810
26179563919865777219522
39164521995862632252770
64572898995308618207586
13468821439245442943989
34227645930220456304032
154379658448031636204840
5459174896710938493389
60891167933609718831604
86790979332542624483396
4336192411929290113513
141893910712573572334545
33973806704499680957402
47990084484648720627569
70938793776970895395841
164483966173085030310754
9440011474840362490181
19220525228905578763049
16017768919081361405060
112898634708621822015042
21174031157877933214753
146915934402365572412164
13010358281854397773010
28474500805676098774605
200827770219015837561394
112076475952972383384298
37259624560991896306818
48149745692379609137746
36998322416190618262897
114740852530139763926564
5118478989351748726837
20781155980447587145186
70970007273688910124985
61043298403645947053825
24217688646077709178034
16850895227335983506058
44221885383401993864116
61753724953614755301962
99111188882662414722193
196270413399828226567093
76628448108487425280392
11555073748216035158141
19836905716686219278273
74412256502967281204674
24855911035877604547240
62526635954473607501625
77019877103785894514413
10823343194738351874389
108592856430119945331370
31199714974943394204781
61427023797427393939641
114483996800861958938497
35594415769059272191364
64088344247156892427133
68227495677002629534850
29098219900329982939378
211802410455621860185785
132551014106605828911746
83912123425941687730765
60294471785019204323677
43936091874290836455485
164502509128490188500673
8699875818917552556754
33323950380365224835650
5351158352840367002209
176800079432601713964793
76085369534765105120898
86733043730549044863525
24277296338499947822740
76988707110396300601969
95005237486528532959777
407233416169269419736346
92065206171709261339600
134836895926776558857833
72770546494728351910913
67478400975852474230186
71840584576359602383546
48803464282248432813556
44035546933231183568585
67921379628741161600221
70444150712006191651170
26297744732596939924349
87223146768421062350209
17856376797448914383957
15470686214859589757173
25989398148165869470820
37461486211105243213621
76751169707365213261364
83500100432898433133237
44715599171384958140545
122005221142234927453658
75975280290486550680769
342811248322643331771373
121113840099176746128709
29673491165000251859330
52443627094822385853850
35191012609202821242482
141474240291823614195973
35364488480877201557930
35047604944552633974676
35427517017689816962925
131423708362392931749874
64899975356537440663129
41024747249793721353050
228555141251485086451450
22626943999647849953650
40944838736811857521556
26750369298648544728794
25341106901546573106481
18183016625663874185933
25666503687353714800058
102428762910996930359888
61044008440471267783450
19439763312452864023450
16269976261875037563693
16438322611684914073130
87618169966949543655394
17011571452828606798010
47775790423611763416130
88781956993838055151994
90214226710161950305053
13816525914468228536513
84369330187594650301613
150091784441036088296561
166115170492829567471601
68542767049606103560473
35394659556363190259353
2185537349664269663245
114011047528235503146506
47810637480877401252242
33124900357474748226225
42749624505102247514708
8518509709655866292593
17430116337695647245557
8310454255507026364468
12952873027084756053578
29243708409904411270356
69995355365586191485045
186290646251365417470101
33093804100591244700730
88375873041392767759890
54621905671483466930010
46856497888099921838177
25915748338892733090356
179536592051266757211533
30478789750513800402745
213909949018920604087521
145717570732049838276410
39182232577313202851048
123227939846771220150416
120369995271117511900298
27335525619618267207193
74094998475484095724970
60653579541277144319225
122331363968891158922660
188564516882109012671009
169097183634660882607114
214112669321106727861345
33825394018836198080285
172243971757698570554509
5927161783095308669465
21542155346112636844514
29866895633328376863101
146469027232724760595090
134942371190295780083410
276504995079200985095266
57941453498298778398425
55369283566055526276553
57856324854192990375914
129026493435448805216005
2215876362265177159090
55897682857778120117365
149022852795502867642045
26870264639404423546778
14042514186693585410458
41822022272751641277041
29082595412551196616986
12384013423117009792036
141710189748373695226500
86970944262230545202485
97922664508990190084725
32800286690815150124489
267156474816283513908785
98219198057293359310986
82059117179897119157605
8952037686620789943613
41683881515596214754920
26358125785919096398073
81229072706421555867874
50857980482603957827589
12440757921514326985300
11979407216055105357554
25357847191875154769033
42158644204793352263316
27076148422042399027834
4268666702898370968337
110875307750756070439001
143877153843790755785636
90511855072720788774785
50113992149827406379074
57246805396235782492360
51321897893601583794650
18920139508109247199865
38864178933189533745700
31405630305202502317625
86413929681560544632609
15348916298176239251152
39328036420209260671316
72474672557653957355725
29374943463053681183092
32229146931454561146202
40327781381447014338725
135141796582011651998980
39593923770131169455396
126012003605325059061541
86428851893503741802962
34319744842288946049424
20909110870320311968825
39934227144563151015010
72866744481518089318837
63929441967334661907410
74432231905538285839496
46951277090814057885586
91775776184714822507008
189071154292893960952962
141679855233224059559905
216489977922684581754161
52885745307005984430912
24227449113448889261082
216153603240536421056250
261868674796925886298306
118064658991732419642580
23032524417610813130810
37203777341709766221298
81356087624951260839602
274602731344848703814593
141789125969092243367170
27975450290031141951349
26837056597417294805125
156030541884966606305201
52167441871346145325898
199019722856184983886472
23067513409418653154985
794992085840639905850
8791325332488314876485
31746851457279633259681
84209955394572453423133
9671704975572460153768
36292178438795091676133
20219272457614566153421
15529656273509134168490
34646550983388571476808
47250978847817365694341
162988611936686981870146
85936711861743402244289
26292695543168896345325
96484307105095869652186
39557507382694166095170
52331126781825568803250
64500699201758616613213
103935813081619726933925
27699349651316307662625
6726388335741569453800
76299903384966243265985
8403630696798845208721
36364572626831997278690
149164855373280349964560
64144642977427216923581
96135448760003543789977
8388965239267365972916
8956016383240262729765
2699867391200610561037
51545080523229266177621
28294972347618393778418
55446414464086232694865
23446434097196206965593
24238268772967625781285
11435532087699227327805
5870837703543782348353
26377187538137520930385
74247027534021427120800
48315413056406478353053
61830301112687926729604
31086711320794063974010
69314626083683762898749
308435131479917650249808
116802436448718256726594
172514434179395145983281
64562997854083619258125
113890974227651572249285
94267952266430663331728
47757804580512688500018
2517986728625609698706
255777316305696762677137
19598914697065249486685
39094937595176487396580
163546905282355326265045
104253000728457400367309
35844016297613182815146
16321306848682670083714
102866547979312044762641
34503692937585451851780
22093955110059210763178
140480843980451623647133
53146158081534983246149
12243083309691972558617
13281428394408898008224
173830388303988426778961
36076958893056249293346
90543242269817593821725
5832033663049846364025
2182218125547007423080
145372624983099073209956
110045311436257358672653
35593268795867237558690
37426599628457951821793
44834591858100514192765
67624453296705627137650
84088248380582459384529
178884499900068729983906
11966261009670344053057
108744361336230779182145
33139431662529341645757
123087464315968626441810
99271486722457958935369
40587171515197101351965
54483361542765719892404
82755142620854996223770
59482821074400984542608
47175353145105720796993
49011657296876668885586
114944193956291621799866
29200331195782555135760
75470141783656288715953
19439025878991265573429
4837125985370121753333
110419996599986187166970
50311474763065515375025
67399456490253161887049
11676067214481297391194
36106869571100226828137
207834089312551849642084
13366350105087750205013
18952640049698131239860
45837930226728946016709
132701950035231300905794
121496793719719983228009
62450979818979977435024
179579936542843471783745
109311884448822599084609
149195561588919847951405
8780270350612395005137
9350912238525523557938
17562138602498545458905
31961137225588556945065
1905841993512379782385
22230219331643151661970
24229396274737838843789
181585094902966992210037
12888472937508889182877
12631521387078975745354
25837311706089816962696
45803858271830132020468
76067111477773880619714
55036986294138214108285
49309038299879024622553
25633615579272318490949
58609726237162252581802
84149533868378102363461
10802199275546624982324
26502118847923174923805
79758986241977414834720
19191945310321377150154
37788118362268977555112
278964949919941255571586
40164340708618139589130
56156274213967241241218
21719958104176741364729
20635984656297792437741
85094846506687059556660
224857371368617744036025
267811519807415017766125
64496560585643117272042
35346615898766755966525
10759976808496062584554
137225643297529747764413
50700785085769654389780
62473329734520853388330
74916537200042489688905
