522708025343681481318005
640526047136068568105066
378790661400944725904445
634949647915789181903688
391060270784559731603170
580184677921639795847368
456566567950570529081713
452902722674634778245328
456672425364095832116980
456776463530897958161509
419609417809069082988821
358163808545272123276794
273409605866236156613122
421709853277599422071060
259262852595219109944080
420460746928920726272528
375347298655211398220900
474276010559624587628353
271640654514118610747546
554237907361882921895474
580553037341426638462450
735230991525358325493200
339136847714088092043170
833745087707711352503833
819832993112930194371362
436225723125978318702821
440313867595059510925197
158052000716752342311425
465763996988136697098674
366594252240787559434993
574059534342600146135485
771205908651208877988677
752970468419950527328976
653694886285943751254245
391017822601518235206954
400721455950007626300761
356212622346489337303426
327211139675160291615970
352407275490422983527940
442980016311197882936498
435825881357683947056882
385595082189648889559170
559814105351436348491530
226511809277228519178004
264850996305214454503225
357382192821030005256820
416978427801490166907377
609813681244167254301610
293859990692143314681409
391595084985753997151714
462242566907607435221885
353462365535227043565178
394950351078490387545197
392333265187371381774325
243116149865045076073177
408488796334080499073746
304081405697370017710181
671337988383208848990388
419565737808077117098682
564008643125094835063540
424835554063261616430160
708202472017539683606029
696863584883746926329296
657921781526450015095637
755873817592418828888489
616472104220377289799844
283277665782328508851300
530220086205766689930922
804241611654081983151354
575407279324225638030600
407723274416766736738861
390963534827240832235496
508355707472677153501325
172502193823747786421002
490218750094847589250720
812066761928549152683253
557725992852048751268629
236216313742650531349181
414204903651540147231145
344770295016225638252941
468143361267287875606333
476823778705963253211541
538790560268431020230125
667564633100047717894357
419935232387242462079521
624020640889673586020305
417407710078501467725042
498032515216388605285530
432524051327563627797082
387784021727043567179557
417911278932886045493765
532527910677278553599237
356541864582609742769377
692898755123474776402874
446285982048557476706933
616512694201659785518402
528000177014678179955656
895838817279137542369729
604797355437583535815325
510100252548791828431525
605804656584324434415985
147024669768950763672970
284938922571783923249813
143254044688076216740232
448383442083743523923570
494050773475038112185330
505294077901328055962026
458922534164593807992833
497643170305569603485290
486882923536848315590053
296097034099171709940601
803677291800844685119865
505102339180720483392677
441018430500965364780264
230219699332517281154473
348482351357895709001554
531486958407038606564721
673167559297475388052645
227070795343763885892232
519244585457536733067161
490751511516950055974225
791238854057852261137424
478597100005900127419661
490129359909301096910281
677916094328446799692081
440125828983399360019906
524063243501084872329169
759113179645546205079661
512019701721311694828021
583401486189022726901285
612042117239839411082185
278381776481367755467940
176265487450290312636858
439438281158069075259497
545446981898222940671300
258453659717099262518945
237201295982573954521450
364939611801966904896962
409121345047319677770061
577811722913726944433834
502892954094405992056138
283801656882003705580378
372882099935314412397981
434745400618008104032901
523701112798401232157945
468907316169362465654789
419813662842369435611474
574573372775212574325249
618445518322301793185770
205224761069602427448736
416648070656156834253170
762664092807898293465074
442956819657833466790789
462547833624612042794866
415011235713828005021338
494648923414206132906490
402436421857160656034309
432488676950248879521333
519516688144744321688637
609826165857178685072530
337141582782134887158337
373075803345756228878164
334024229792363281378937
346901734734001703332226
447048329318679089852365
564191987693903163830408
412286024713131424461877
421720833534873834152698
621843362189377544215249
408165393241160144274065
722215882657936295614450
384584776152804137745685
388100598207881340186985
411617797521557200646165
555656189555525485801156
630883014492664485341149
318496460030614921301793
257506576336141521207842
575772712132128220564402
319030248758652230986210
539442388337970202531524
427609793488161171650594
497870921134179747303012
391677945326152536157956
151985831491310676044405
564533843828322961300481
660112466949319278166285
516240952211941192812073
292462001640132411224978
665161589724237417838997
283594785793241932750445
287047476725454352057850
394864248235724639191909
675736845836575055419444
511551441428551221751778
145450831151222575420826
630308520371420742133021
221184202310146087509109
527329491473425922260409
592454267113441840979105
464709155645403211875336
597056782194170080821956
461803454515625161368017
273320576706006161634209
795172615042947912583528
344475870375144316131157
623336161994270069187925
583342181046698182572544
123167688886082496027241
321707902561055782536529
231358928383683477248330
665976799073632624924817
372915214266379052864996
379317891699311257613650
301426927081805798302730
454702600824194922677770
473641017912355032040277
226676921941382333024826
126833821630417351490213
434202980162279632827218
563031305595259831503493
538085090181476648073349
623379261951624164178065
365447135767617963062042
488090045312834604550273
675572524534740074609777
591054111306320163673925
345227568252202563616610
515213000744314815857449
231764388605198560537364
630598690573142230651909
488213909784559676461738
394495807753300630423721
421889105515275976767386
267191493479627880303845
597510828507619939453249
526787471370343375508893
640867317716232016987208
274380457327007332842602
324568722431346265715069
598641864167558797193444
420248035240956879505565
721127902284379456384457
326887947978205158503338
456642913566833015777410
595723297908749034665810
462520277111261869030457
455570317636745063026922
309058801192846485867700
586941334422270238504385
372437254694944412131594
298485205934845389459625
416428457328577615093250
736567587401979565042850
583919052473717561208577
190402236635205446782442
672572748136147450340805
492407844955207423120836
321218922036598425838234
683700953332437451560917
348076630320429279184072
373742551567119462806452
422566272437861381053509
536163160889527241521698
378572302497379237343829
194999550191119477428794
460609282287792345652837
308032896887618396133069
490724024682355534913794
619580525856209186036482
375872784424932861274738
550933522758135014398090
416706325426010076785401
507071659698558040424650
461323327372023923035940
464976778269152160523700
389746104058739501523266
285464271863706604765540
524693718799719606546980
341947479084455136925700
612059214780004133068424
235308001046891234124554
513775251251584713675765
368964980915702531627189
437459236169702534606585
620956341887729696447069
589893098557537193748178
501909955928241970863130
726787960473684715935341
488856079454175334407485
579445200138126287684581
644621160806482918505506
513756707859520237719826
522896152437657868154756
115804961226500695800885
755932496322393781701250
800877525003750824008397
584587827502637797544850
763068143307127903233466
487304059259860965564289
364652960126391630346977
503630793256785312471457
686184236443850210123578
749258362983864250726658
333413342913575702569888
573343519211988945805450
571402301762186692492642
318866214293740735694081
607568762135530223888725
340541969936809940087220
615912064090194427958114
371557071628622055900994
378315909542120732316648
267433073236287217004986
511112313514442573534969
555735986582394160413802
466321946010712039371290
502611066493795231670941
403687961773358063274728
596136341960685256583668
540461279741217211016245
283875191554058379613256
552549415096239959284937
406245245521672145876328
315832846082209445789332
651943480747756203697025
360596053991569623380309
318825789092319839140424
458279548104960868877540
400766345238742747326362
200356250516060576203557
430683354910868798178802
729361049617883488724273
689907686203601421878893
530091004234552814615026
462319789278843653337209
752124280710337295628650
450107327321368337410205
226037901277456668283337
704933154135007103546740
490850957654583504120578
322818507040909182359965
484429128230191669921465
434867802390420672852196
531548763900741628595074
493060750786296616863473
444907047071430915303362
402968634131517158529416
471787635793506392316338
450905334478295991395410
540437649439388766903338
397866385122272169047642
785325298542946223325597
744206449753527832873513
507476641242947191243844
730790154533494972067813
567169036910224164662333
205051216623928608337385
596484625668094094504488
216257701142701218049309
387470285175864191175353
552400389938512862780609
523093784172519260472116
634203869135092913709562
395589972806755330230082
633711393129353985451538
538771271689574455801945
517567257200556091350725
604982240353835892813065
806140085967243466029617
628410838184887763941498
618711644479471768591497
515528476467408590279265
553237903444853433396517
389665817952306429096749
403493779304785652526493
600728821484603628133508
524624817921026217830740
597666468379564421383690
492777245049571355978341
389830450987750200182770
284636784852730395119016
626745616668163834928281
434098692243257635771970
376171844162165814380458
553836273824012021133410
343899999768763939473844
479085847448922828475664
518926601146973158069290
599109465260199942631489
550865257049046651890180
508779232265039716367428
330986722463193478746866
439284356503979474336677
806187153524311372798205
336967313212214211933045
379869242202843025122929
547084321057406764299473
352570673560282752952865
368716282542654491728861
339485255090862285440705
388656116456964559467925
657749378789900591502248
359459190847046646707425
607138597762937789420290
558813479145599600807833
582288860530830688881913
479228373205960081440197
452824795534897510103573
385487466375368678251400
799628370856558059679777
583501949616864097879940
271570268865196941639770
689622410594906623154437
439861256643914819753162
490158281818792537055482
473909435562596608353488
662679934144548589334376
179107108641225338368138
624732195618600235190658
499312358510229355851257
551062360606477922929640
563234306844825126230018
225224650873117111641121
404689924664751796011988
517287983030950506021505
424649118238525141610841
459603821974200701423986
255497728727381711233730
556161165060130604107009
215550631119184958406980
532697364933392667632122
518132345781313440076429
519845351540788391819066
198191649774258634776145
434139266413830781333433
539664295431036860246482
277706297105279512960837
541508827459614594093088
770283841358257076812349
735702484252924401723746
581962703299213679705925
648222804414758524246465
329673940223812664063530
119919321771218077634305
398031533061958928841413
447771612251555047733913
690567509156812551858106
277058032624003441181885
433126973579650374836005
716845763558883561960745
542171717659377331664077
762417813073253491867905
947007117182202490133845
586048186671587084808169
688319836545835769321185
517307678209939358247049
388723483925394424667305
348096860963882252164657
472222450098780990243793
499966071794997909902410
712093357276407149966333
786075216151392389564136
320655039659743789046745
438413060205029593233733
559318733858400704821928
537485690443777908626340
599573423716918554825674
732966011457545558548621
646684871890805207357985
565906461333280378039970
291918886150118547762009
756193119280971001653825
502991813653163682516225
224099398312825496175909
506239422225170553964373
200194826103347448187610
514081869361650256901128
299145635513598504639780
283288072245055021276480
554056806604388110386389
357244784005186084687850
282981924355031133319060
284508718913228464656185
479352751426019141592826
469044839224428374815605
789229850438119891316660
411173477161701557087357
447932286191040644487293
245049129052591800107365
462530198291129768473570
348366652071482665960165
367409272083795734020645
551056260708716982398624
190781490753789072595450
660695967285628263775645
351816699620497606137490
331821343496964572809165
402748621029956133348833
627501547436607266168737
848508039935029155102417
581328850547722006559240
810868402490861901746473
482367868669404833675141
309135564346833896298850
415092423465517968900325
339740141922274750444145
157559822989959394627130
467506913150105839589290
778443183699205585653117
581889621958128403111210
480075667687992054569780
507901927414518742939940
555101304791092283045565
344530257132018399869530
262289541934575399012992
261019145908884770283385
503118226639340156565634
372726207279199750737457
371555159241029959060328
556582828551850730167210
427818358594060489905800
464419066660285360271338
631293322612995209810521
275915926826882260420354
375373588621504308223445
621248258591393340213274
339620827505732381647844
315819777307646993458536
489614252230213353315493
713964359787276407205321
763231082900251927153874
406829030196769851867145
515997663217465457728180
520086512851018054060561
643116732837112461328385
726762851288446578871732
624535767626762183365258
172699844034810090859873
692844525913758986062793
377440508574786583197725
433568305593633241610132
521391863499943709737881
271744169828449507124225
413010949419251373861905
452939879898518156465465
257053304954604392926042
311914595784183495515428
351715280302087678326353
676624431707960017394045
419346365185812973274577
200895148379716494456601
302745990849876044881552
350039141468643760223597
369602616183444693554634
588131801716261501577348
626180066803789828452373
490849715835950610657173
345148061747211612917597
725399256068993077930345
377359004707264638579712
503460614526757005350941
596852555892860586383684
258639903963721124325882
783349319218562243079777
484668951420876680617300
317111064264300303304592
594698028918479803515685
738367528626776759238800
444519755525098845902677
170111854558117394361353
525216706363871741999610
287400369273940987628373
386125376534842129082500
301192821527600001448517
649340029252158384776557
344890991429193911488841
216090688768857658945386
738529786978200654151860
349411836177885964056296
626358438371998012547912
334394118365629150752169
522926547641780545815602
269906190523902638187365
708575069207544643826464
350648327058361676891930
641545708319361902925409
776655104594207800295200
658965338716329557070434
380565067285228117251221
366534483231809300575610
454829344254845705037665
529886950443142345646402
205531195225695462988714
510504465354657229434512
383540414090466857955077
682712666043135273255508
436659470272238894998825
368420796055983130673060
149021518391735170232090
540637005432710184650984
559728546488507656103570
135490839917865452633032
381102324674169713233841
425418472231518202121497
278210168557218471374177
576706424567086281785040
463988512167641784941480
449536880635506447846325
603157215180247470282250
373447240636440727172137
344503001614365603465872
531014228590210946406905
396141641624008518319493
644963798363395904224505
428748738034323616713605
257642709015485324451908
375121411630718624544193
643435482050191144792861
255992169130288989424416
321681646052534494861730
297608162467161690810625
763615961911199493217157
537781300312270473842882
477692946773346096265040
363747456167565556775817
284183168094881853720242
268864252808658184981649
360035538795394035042493
898389711917647310730610
641596603943795076896930
633376331529915373420826
372118340624491106046224
423564158285036364007072
272993469095563104104101
493243986729996209447010
362772981706058110862586
682484470857966070369013
574683336564951857943652
388534793887324604687437
293795115846531160212709
317641414525567874556250
711784298909525567163745
556995620990485714996601
239370198765441017065441
576648553095031296077725
336830802764735770081533
730106850526267680469081
650355145689176071646661
100033521850638850629546
454254449077850332135165
362718573505217414692594
330445749578575433098778
435280845205237476688708
380600193328818171549669
621857991655382970319252
592450668220815675406292
778737339806503017581197
772320316914790183168245
497840651086858409717890
493364299579588917766345
219670410089266911637553
