311386704968859747104132
277324488815195532000800
278817753877791201114026
359713625215074058244405
288779921702052836268737
323294337489728310702545
148814033250836608218733
321703806620536966906325
115347615135943984637930
283704101743063152677405
404013985888290403703752
308251719617920151930784
197435933430086447947370
186382246311104493082706
218763023789755598068516
219705003921676066768925
308329096256232658427936
203268968848954235975765
146120981574528618118100
307950616520936748567970
246621991517264299597217
283086214793140289275154
170898351246900857548445
425047099427232409967041
303044938753673246348530
406182167286136216311970
360888603122562676722920
274892510482567397529985
313538883459195098468297
234812294304308927627233
168548941649886943744945
213791589756470909025352
230445432856431503978450
310423779460812325682089
145496715907602458049425
231423984966763184818625
192536140439641290929829
169983522399943285682785
94067959389336023576840
151423846250238416188193
217212407357345775768037
308039465429671041264005
145979390854491254313434
433635218383253400870338
321586576983634736531929
172499723685313945549105
320016067744739188047904
176225065595659616919562
262902138355884285299570
267197434439220614149357
234615953974543682510810
349628440673206021730792
259493735078821356175253
75011672931767753313145
135982767461480753362954
137926523712969748480505
221283069467412705726401
229309039368211707500417
248828902091611437905626
237516955435209816093997
361807446189607520752442
189040273028947933247117
101782852577681817003361
348376078576489370516937
396081409193323571807093
387226104997719544766417
224667999561296777408897
197151492189757470234692
198540367079398949484689
253233834926417314714802
225439345307804542281545
317070825727421280509501
383107132469637243777258
188818990543056784197629
212545197838488427282228
264907854719720623239625
274597386333881956694836
145675047135937361983636
253601884099303680417121
282576491587956281751400
296715797613036202048840
257701332330153318537265
289095392135051242006949
254339834793800966192594
227060317712147964941365
171431503031429615754722
340296304460822623018586
227515357046219139405602
249045845348449346792850
419433803523158202656893
117353560518995821313434
129142776174843343941650
234256976852665249776754
140559097182928524353809
443095359764523989475290
236044361191215685389397
267885136097330081438173
172043819755314490085512
325808341754331871405282
224135549358655498629169
140579214444332082545184
274957573805269223169013
251452692303361350655981
355590628723291036677445
226556575659788889920957
212362341408697508925844
218844733876162160342441
95331793367035918074625
227345581321943829959185
202056445538370996860225
314481903974349184810890
420751911139788027539002
176202806795205214064245
320732333752734951921440
21589687114441628139460
381226458412085810035762
201752457783816473842457
267957654260995881779530
394993218296803443349541
249895988919659329866448
116101587308912641646242
255182610384152610702850
373047800363845546241221
260983377511626889633253
216218513425940860985261
406511430254374465105940
136680832087574277689433
195485658363127776938317
77924256082207152743632
360805556856034676252089
146045126500596499294754
180537540549903035682884
302165889388705670467658
245176709049347083929128
286167097225310481353125
267119325197253065203033
309111753436549363947905
171319065527841451095137
251363437167469857251297
239859520630376593121869
298750911163513501533713
203791721542090676479460
238417955949802865671396
248860515131630861739013
161379685801901754603716
370911310123953956956933
232696199378666302766290
149239442763582975338797
240457227770107641110625
298299389476019804188585
412304734637534715363329
268269562823037187831037
187498778431236904692772
174491959245561130582298
278301981506315898633508
209149033101945602001881
290669945561089388568290
263699207274623906797120
115849270746434544352804
231703203931398034980733
323317008029392644817301
395109129890134555347425
254422357612652919082282
221033127315101761596809
263748842655679844432125
292494526585351679446925
405353675601659659678717
345332744494507328969129
209532931359744756786768
326951776566777896809424
102917235865813258211125
255392814464985594836785
130180041660330727760881
259372423271265652034450
217004958692823525046705
249024834559522835868249
236389915095249108854305
179751351914500307006453
195236678480336331128522
240995384693692743455317
186972677237773710700633
211481009148685915931305
276578749426261543546346
365755805116779764517800
156314724015034359621145
175105703067283923142856
328186995198309824876690
324058949823908106046090
328099196016079839152425
204955102840291496736305
213020619917796081736474
250185970503906704858565
397077993871323964941320
352389035565200468246224
190486717083150705018269
388237058021719190788738
291462705359833085257745
412345630769148896926009
344493065315859013271521
162463453432944080584625
236311327661482468746629
302477744829905617183426
134629348289634895833025
78048941497413827084201
331543703133140073440786
177900677382611712206322
131176381484845091951069
373017163243668205233170
213538184662778206406948
267311801310374536868050
329836855365260614591065
430591329600288633409321
210694949581638546590234
344604684921687632833873
218567687703105641455250
369601250768097119861317
188116507625969945330909
190402267350585323903129
127455581481014147194573
230305082484918674103845
337412007781590119554377
218710219982620446430201
270806240846173358600165
233681802722846754612904
328299443899868815674340
315866183730111259927450
183920734703449624753877
172532368421692790638517
374036939878255433333993
233088134039782052971045
262735500990229641250708
191997471458765705168210
280080637730996821481809
319376756758203596005396
267760511690821622076125
255132380912756730287056
346823848132774757669170
243983496777152051385322
133552295585989567933645
84676891802844498050458
259306395378965154011333
364745929921468003610516
430952062603055802541120
162462256381109860805669
100144208991144055481869
224311795489518287801801
335741869475645240268090
248879993979518860977992
162059072148444839481401
157317873320667417754500
234510395530757965589997
310229806079214979096505
294954936187518266290720
130571377948275529777661
389418717756642974403757
166981031753722590017140
258345412596222357900944
194770484384237191512277
230920086610865541299101
284081377651365019403732
263665345846907540459522
250824974929521183201265
277116064802218183874389
160601377331938014676681
361358177529183095185153
276085240821778766046409
308991574095334638261268
374353100309802153309269
222956147138345810993765
345578018318868604279250
269101768581664176291665
128355807383653711780465
149004186575869622802634
224027635057885582121277
221086476847372364384445
194153836197729441394978
330724923438475103264753
92889695650266261837425
407321011592333423568692
218140365532420383833205
354487253300682751099604
309921626881840509836066
136894377809685604558312
235933945996198220989450
176203587673578209202146
415539766700752664433901
389127867535684444003281
336682662868906841615985
447060336060909206934850
440988311963010152999853
255303109822874844216994
282974441115563258410889
190255711981124534375458
296231348449920362584576
202130963534294168428192
210464655199202692090882
236566061015004614500217
97864257911371620539077
362929321682329113306052
127326502600926338211268
69450517533923579761821
194696720049057972935985
229675296424682731146770
179709729284782717934209
160881920617191175002553
234696793795102516039432
322781167711478558872004
297224094965798875903780
232546123510108257026645
354889666427740839211921
276485891900600229978553
352393523512770547079424
311188702748593369377032
177222712994013328781693
67490994856762867633997
146028521949685084591345
120907336325294695234705
209561955431338751345050
95614048972638817967461
275907864238109529105577
268708397355773105257573
315646209877589895469985
245912211302932065405586
176830459125210147567168
213170606441951098177010
316209528371011951623385
240648015703032347114618
220514682455603144450669
205830274130196404627258
305404967846153414277010
217600738191133770527410
148427749021098338843949
276249086039675770567093
437753797492345057682660
244168683898752371054160
147247571467533269619200
175396165275469346827525
378856552390390138321322
148584012624251436953269
322459807282110100831625
393086465374853768834474
164350904771100323731976
287979159939801253817986
144333980019166385224061
327104906087549117897233
223656995361934363491540
242257216746743036392706
209331373282538624584948
90154307466015408563642
202023772293834879857977
340503987512938214237557
309035717071581747646325
369445039651725224096930
210415330324784971885226
471792894071135773371530
170589553092443559167029
310904688232919005798312
185380034141736366454661
173474725327198787090690
281324736721023577328970
349189886681703055306728
240501971752073305467976
188849529614539752480778
309060750313617953484425
210244571476157027994596
253183671326934234330944
301127857695583621938617
266595754523839281555625
294623817233538440619449
351505120471030840113082
327996861667639339375621
388878521970835823603508
228993169546496268074701
259464491667264044069522
233434007202677188460090
119005187476684628629513
230959441303014287965832
245732382873501489294557
161373284286396491109410
119720061250238978107520
298233021901155155212985
156671196477138730985245
291192858719504868944297
223998306738251097326420
209505302983901794998125
223249557195128375618138
394904576404844795464929
322710497382811517998577
151427477719116211742272
410885471338920543783157
270842575164833806385210
272822666993186985113597
146869277183232429364925
267144980415343935724692
117736661831993869431161
443830384994338718966026
190712015045832604064045
341808150723972425035645
410198776266155657921713
306739738946647029154948
350786310691644865287125
151263016375959182316005
150126245866958306787920
189985275143531209202725
336439054540015776557136
292527512935216839987536
154830540461915155862305
323261360763056567754964
175275630088756744769077
372647086990850983960090
185450159680829724129250
375173392754921274513565
300207172046456681521325
170439408514130189176341
295079217966331430809721
125671136941346424986025
256671010198512285538313
248382660270769210995433
265616469241461778551842
227042613873701783502925
284409922432674247168009
305272791162676100778425
313795074562157150243984
262797822738880797953117
244539303781709640981941
265212221495667565484240
182557928263622708779700
188032619377025685727513
298517986294472602136389
308234010212883671744165
215390902798360886701130
129110632614886020993193
304211273136185531664104
103970789786082661551730
217691115577347932280106
270433822079066184161108
146788551366942032799460
235671948330017213767909
223820446062558778126324
88275593663072576082628
226133310218687000235682
179190542445721286694065
359379713528122745877185
113315615158255289439120
309623686198482847604933
356315405555523835394065
185526280236594942544825
150578428585263708666037
108589191536752917375410
220910338816641904261760
351788739948493245183040
167006426235281076913489
346906721440943448258933
235008306892083034428037
410779626635646824114754
55346687269569621113137
119794801506756186087368
215788630043096786536429
384183045810997820576377
208067287919959263584545
312158205547746351962786
345965797803605578682660
262629622115932418228048
219480054405506896425973
172830148733283488323538
339667105837245257569097
284827766840835593578344
414295642506245697700954
219759792761683407910052
148845614673999964529042
210562301344382818112354
309387387779736700086965
117066462808185175513986
287111386407956848547968
286377609163840443761761
102523592101023692565380
239461820115264742164761
255639515246437706073869
331546701691705357123330
295985980722167689100456
394155007223298405974717
195027370224809810789485
270273516080463966156404
371394067737098499832789
279534836184953942037037
364805382380080158062824
255139638849083577513125
371445321135729790617413
333483693200092629131381
167255865933591011430857
268219041104372866066058
360198253272960731513345
208934659246028892493081
111677314494307986145970
314773881078095694535312
228533947270925021100770
306719035245940855306801
292965346031635552936978
183160714420852703167225
270348874421650248540941
220149439622345466328049
116586530265364526362372
260154809481072026666785
157815366264814037298973
197837463687631692346474
324687233407499702583194
151229508424529556907762
255232862059639067025140
352963799310589736872562
189788411051786200761736
217781371195665276148868
313467526090850272962005
266886259594290772853960
122812073318258686166225
215554247269643545954466
178386426808009351701802
328947130523015221100129
126115769629788333593410
334055695987415860211009
237477640286141331072889
281159113474077492561940
208968170900349766902560
463103632971347481002117
247303157482920743795600
340025279165306121500865
242182307258673947837429
303343051573720949105426
306789036582170269431242
243965378358026987611309
215771183811229115216353
297552308648798008707530
229843600875044475302450
206239690482264266871290
470247485900614379569369
349260566378858228053241
264352273649784756151490
289765957005387961022349
91061819813042591303162
228316590782669198710312
271630249731455582586205
230423725443202128115889
188014294659749438684362
291455443669798217797136
249531917787666671699425
117408320434606294394093
415783888117863457860626
303954830269949721744565
132543541525451319386045
288138546268061645768989
269188561545164940450637
140100103543785358866370
262776063446358235928989
274004642250869933639732
171661782290779186550816
298404261268290323366890
202703058056113945720708
299378480029812998765261
371923891034671784932741
290788282114864996135364
136337681854120610442025
359796473311598970540829
287805764865909837023370
227890375513554938017322
330908945616793734906833
140287727634857966482820
289457682318536724950378
276669668720324186210500
274111778919902386727921
125660882777384552542578
92533960125041385146989
386639375444620895778593
345380928332705068336465
197838995646807156161160
403661157280044109615525
282453782850362942918017
282331513211127769123258
300004392645612418767713
288457828760527815978225
249530151507992113406933
402927905305358335972420
248607614045229856896148
226323628337913111586960
286502424396218721097353
163172928274643489131385
412975270140399609850421
299703135886450622140050
211651569420479428364245
290719638698424499121380
279974947323420620656237
118282746534448878114653
269198220910726107230986
323359182409250913787108
224378852501774014313625
471530518403523925138325
306226800784466384789473
262335152956503424337725
219008845122739776918965
368045314992399240713725
380723182302257357160161
277654892561067517972708
199035208093936816119802
256960036991378969021129
203886164187561022729146
436268648405565544018970
348285673953636442244069
205331546446282074368509
200408437587462943108498
109189078209676955248090
215313268973379098607665
272142923072234185169320
84489431712830693830370
182039114072625486598577
337725387165845276561410
196137448089153467266805
147149990341261299875794
351209098151452066303161
274093914670245712285520
241458574267458939954730
313402001993083783133993
259719460480772009158610
344816568180976478494498
270539437980005884710037
400378777818527001492740
163230233024394905077256
236326103328294625211784
55744590272846362163146
252235724678125251964210
117989059213443904995114
342909228717874792571546
174901730370853127165761
116463253426348261681033
281853096090909260123936
263194761973449002370917
358723724335383094491778
325752883442284522979080
442000584247210393749626
269423367764899257342050
275673752072800487272674
202828831921666491094450
209802639050827199644345
152354758486406679971378
287225948324691855333397
174077682443075617281490
169359505028896716636961
220857241733725622043848
187395857677377954592353
250183303094218244671125
356443413443563123621520
225034776630341619997410
239295791628990533833930
146583516689028712673725
262736265815882335372570
182207725946004855042596
286148431104343922255125
315518920975378498952452
284277357512960800205177
288133870097213733938593
257671483289223682536541
137209981892489347052473
235843237049624089530578
274789796287655406949389
179849640592253276843029
182921905343478054029981
260976090940722841135042
351191000550111986393345
261351537070612561193834
