220973637124171032236365
91787777455900589669968
203712049322719056573840
187971023407931884012320
277121395916830179542770
162660241042287450043625
338064621537443918242009
148256253649755059875249
256232884491397772934644
131835216163848771191242
284802709738499780118993
192586338126352886553650
116079754328094280484549
194336928117367634057266
140919392701187410809104
294258723148427708046980
265844378196949128538585
166147653700226905367572
168968666628897102844298
301598297307630509401777
241323138754896505008925
277603346325719444952269
194270941201112299737905
164680047388061842101650
136464003481776360322256
183824117416142480839581
172532500161318169292297
160998526861340444920340
156835652438334793168125
179109239647071287396837
138411251593230108542426
86876616369130796202237
173669057503809009401681
258970206843084158372488
284448013388941386999944
125964917464381031581561
322151818968186536086816
228150862167519911317321
195310733887982515415380
211475063666857989715669
239626226421110843356612
152120902751181962166785
319973478830971911441109
136117228574729927895521
94037565581787080540002
139694306287938754887268
151948851637303475155141
240892156575960277891554
287843941684853179118216
170096490605396498569925
160423175721419627738724
194519027255388961981480
119276408252306287009876
186219556104697454119720
216134814614769864084820
296775211317112169125780
186023114429703250029200
228376602370631195308756
190075991195925158012725
106281062502854870371397
94496059348568441381225
251123614296169351445309
220515291972365168486089
163490713303909303490212
217084617783576786901832
231579225455212104976873
160767526387123345712810
360171646403335796826050
195094509836195947562020
195803811422071058557305
118564900988691305467537
279869277779919274970745
86851300687883834468785
276694658998131759681321
158352566042157653051945
128117153661328060671082
103029087776246754290690
195680064279034917677321
139370954633941954538753
177252307441513438084717
128041155033256453286633
198525593463223064500628
208666226404734972636232
166192719020585201229700
168240767038446648128516
221562199489011179438417
258116644533974995017605
246887589322678182383405
326189193175656627800845
128783640837443586526010
169218416027190538945705
191307282677047948217237
328444765772838588943730
196499999648041519941050
150803835335854918079090
350167054636991470526573
149677254271236725786308
131857659408897687624858
233952825074033218560794
148432254355145151998041
140605458604460191292113
67600793878546417220425
152474177576000430537725
120467191736777390590114
357833114409891657703370
136136441054003331922097
173839687405220058338925
161119277260369828050548
185376556601777117974570
257999930157826837217189
133167403376229174941041
98627553979308960935242
161833480727230252396573
239757377695216233943220
95515229903667189646082
203181881866814591179101
197107311765130994907509
229153298788412289917933
222188978307675443514250
181896420861644394766165
162902278257231632085009
210561925460802490729160
120384255922782329142361
224874514290497069782629
187973226537271914021480
247374856481368182484048
262711142897303569239473
180461274309224677671066
192507073446162101970425
62277915726072205818821
280814684396665139135812
139369431801903749499157
104128876434787058218717
243608663382650575617541
186657967093232121973637
226259230865076282093205
131243062644841828212506
172697569774291148587648
125732333600179175634629
227118987514702623971581
254270086917761282113277
137599799987500727994945
82084012167391197280484
113222878162859940410954
192162855839782274811137
113327283025209671363124
202352574740187255262085
209005313865401278437202
107378570173551326531645
195988417219409939712482
120551952090415385789834
211057595563482305152569
157114945058897596145545
164395676722948850462605
128555967535044331795412
155636163270939487662409
106976550765939090845922
66990001230090157603105
196073899722661408305545
144747551928986021192425
175054802992557794269157
212392165463091156412432
230851170282926355961045
88372290453700341518824
166331762065294537212388
106161620520065943792298
215198644686035425033186
214566470347893063904858
178948367812253368105361
192990487694938837889605
203602857762209354988786
33749530182813506141968
148662217559183343360008
117084878241073678132964
211471371904705203875858
170585382887700384327490
180404139086338669185986
167285006677606502227348
138670410589627957489424
184528113139076680295506
173067213113688757425544
84028259013526617760666
161730556233170297058450
194902404512188548722389
240960907233845572753577
139417228341920267381194
107878056361688292965325
216149793615051507924725
231203844506069347487873
118439741207215474321754
149076774173261085958696
168533860084309252627285
223921682120100827590610
133785701462422972644520
149504539932249090831700
123574710037835152558085
306687434431126286234122
247274470302568486418713
221117349305563844410346
194506999830481238198185
115069305164075492813921
246186073981285975582002
166930076027199087326069
156380444854710044779474
174697057454386037178260
223044138811212612495001
142953146814955400943361
220086908516401491482849
183672269178334504953570
193264923713101228783125
187275637085284662422741
273887970493010209113956
110481048537125919710441
182832789029928201811816
299103526700068706680868
169064012024678732786162
176569439185954632664805
248973601524988537023304
176764223329089895445525
177377438733050258120050
282142989372913042331242
161861637423414453871138
127368961360134840475565
276218930441216837085785
155237210094533393682610
266946826420900024523501
251921613629081826199802
121350336845210429119850
187885936079498759121025
219842239456662031214069
265168891307911346863025
141157626698240067514042
229763399370120138884560
161752695951453660166697
290013596429480151417157
236119315618344108338116
158765281289268534133362
277818733771845065385545
196759170412745162739336
125639786813423787173453
151672137758766385071281
224056920244995578044625
218398820007727108201997
132457829359372964493448
85881506021299628526897
153981064628855285982866
182195312420125892475593
218738722832087810470234
230881011513569585600753
227532153946511002175236
216389641577273680070618
143301325897588564963745
281938850671840687317896
129203926283371997115778
131647295291910868119065
217561644739272804752330
204973229196686006348458
330235546007003703386773
231157674081596664581666
199499997857672678416993
256191835819550622137969
97068773127654783540605
152628974943370418769473
146799874125185186405152
218973706799450786189089
253386932372617425128965
259725354962871558254708
133267089327205326018741
139012100178447631469066
219127165603616493066105
116779890949394594668585
208565755251907134695645
188237277568868769135737
208364189161068361889000
100117318535529114678746
100458162548277725411513
172033382854070627603092
166153785214711280939713
146270665476383000999042
345890199052585323729541
208569914915595320908745
180401620995843913131553
85026373818592874842021
103695890461415988064200
299495665689186910767385
180653721427467959068690
311601222449124201048904
199863397165512645949633
222738708178955095649749
111012461064655286745962
110605734337794646311761
270211254889205643367610
271877734917965062507853
154308191386810156005437
237542494053827655569773
259082545543472052916321
151944776224276005166041
213712738234173418214421
186254056137580943855752
224955261549828041634209
115076289017040732366152
197351749517556250642801
264096557794608938745705
116939085039041352213717
253625355282541738619749
295124791602154081591557
97366341479700718119802
153114332075277645957058
173677650472991277452585
296754889147773197739368
268843946101218043759604
202327798857388632031453
177543730407478093727080
135120697530276268671413
81323186519979229109546
88905810294233537238356
203697723525341832965764
50703910762412113148708
147943026457130106952385
171545140249864356078973
231052909074159351363428
134945598534222707010149
196491764865973536776869
118268184569689502112761
150523396867141594813717
310984158480061075935824
131942592844783346505025
239011916720762016998105
156884401341714449216853
291598224305303086166434
149866835841990280702404
205154940414397314350308
179401628754523047861512
57918971368902930625945
37312013510653488949568
98263231068555888828121
182942114470596068988241
124196346459048489231905
269526099155119435831865
188197492307217168517733
164753478121673271767665
164180859964966211780650
208366291784747296922472
83902997740673819665906
112454661633619628756473
143713136480502113822453
199883057720756214239305
194102829434719215074389
297672148548891035760125
170535985538838352619040
147723665995672562665018
220497004532000613944522
174906519975040253583301
159878952654867522061000
65111634958128615277250
173901868025357208644405
209125874095383725686021
319480401181514900318032
300924851436914506032825
115097037786855070414416
178639825914123382747250
268720959156873463704709
287182915661045998234045
100485060223089631489892
187929209184995247100717
216961541966230530653938
221485849388026952480721
161280698645752847939600
114399157630122536436736
134105453866227095542025
143032676692937765609636
196648654478971493588162
252132825434899577320818
260087792918266026798250
95795640988176681726029
192984047396299288652785
148380201808398265235905
96424572691185760835840
334604077005979667997396
136348894707250342928618
138220289042884587148050
47548827627803344587125
205197028982641710731565
69372687531200776331473
203467041842266154746306
136924456738514119905145
185803726478854333979186
168778526746068659029025
278093094260861186674450
133258026088269352633149
215594796867304271919016
267084606535458529860200
181277623652106134389813
205667869238307773885088
207282330217767063765625
157618185313286966556496
94774112304468408299133
92388133694410959740921
241534610426102973047377
180107282943446513926672
310763929265042099220244
182747290885047220812961
155442699517359865706845
213587403408333403203082
199047456391713437191762
130457857485219312846564
130714765328791646527040
84573762281120081485930
115619069152979654663970
164710584506704205511306
254836460360875666410961
183754184471283918930425
193915058576033526779893
225784546394254816825565
239127403321254532445728
168055403342425396202116
196511090095722466993081
240311230292384552424565
240407390187589391339600
267283870115334681720985
264676692969648948111650
179976764237110972879738
305619637938801010914728
265991895159495519966289
198440693245085376974562
286646009902043774391412
223322098588919850470909
239350306184705666555701
125731413716700070931917
186712392386103159177521
176075540619888311097409
209295208481954041304685
139352720724728454787220
186498227677836226037833
212695832231166630844042
297272015100127666507912
174054380391613512135720
247098588070531299794201
145972075213109418834754
199916732026934254199402
179574659008406998914946
106605098840040949847693
288617383166847259663818
221592979909658397630250
257774642889115608574001
172166346606562228598996
230423854576610229488633
279100697140019077733090
198104753524426261184737
236181313379749081309610
141597223863383794912173
249853907228318624296305
302265927074821018971973
226217225522295518797570
159101289937554742286370
187131317794976346924100
107567425161539412097249
90871757286459607258754
168942630064611476639681
194336096977515895325640
180538780670546513863994
201462619711039728600074
155163674347799332026793
207004092341465927510225
135465152686558941174385
141719933892848006905933
221308899711400746372530
198115767907460278510420
137586314057527965946500
179936634982007242404724
235599337921400584141600
163399679291958770881181
279987059832409544440013
176457925650990736363540
228133690710641651440682
81689688813981905854408
154337385310634256672145
238903740286364992624865
126219424620267470249738
199767585287371808673850
319814913444617999023933
248070810002269490887661
259162811479346087085125
234480028376700034728914
177081177076083131482868
198821366995905245521225
207012548156849157643561
198576023557951666013674
204996263927482591297717
252244075923546246449460
208739715032199708254549
180787027846598381744825
221316446007459166268801
159576781359091179646340
146006099314567407654440
231606542287063124253396
217524876007672851577552
208985879234893474814365
115045727550830266388282
171020705798178956162197
184854908186131807847530
267960026085512996808865
134897384951150875345192
203352977959639538040500
168460847090583114733081
174331825669593652620485
113973365143260489038994
104579490471567259342186
223291618101443089242449
175177391132702098313290
304491248211634159887369
194155177958579871660168
170112613679131254659866
79094729969342261885945
230048481631558024487144
248972615732823253336660
178212823463933222872445
296011866231239813048452
145393943748421993315114
283237804190193241596930
281727028886356621004020
176631246064151099171450
321742498751575842698413
224973983674634338269410
167531621107206065815033
190875814422961106206628
232803210898536090247444
134693497672305023221850
165429218914371377462197
205817380497230440186000
205547565113786213234225
255945278190148622157025
150759236232435623574889
306345420683904272564637
155865169702494371539908
117050049237976357332890
252287736630508336903825
140512237924751457925018
200106960113394194825861
163303526855532688189877
237263247241033699054249
99642882798465052706125
221566386402180870891773
247181852849511590627306
172602819400214281193473
104421307720566375340034
82169915169300804013205
167186319901688385555472
197578697893936027578090
264108874344798881837293
305823680426536209634553
272955403027923499486501
244591937023672872574834
138206883591652809485380
173932413672482892788786
123852399181990101791620
85312994459838857749069
164856165206771730349186
190610175580085197116905
114083456842073351833549
201087122987783418987442
160141331149125263918954
321466539565597765483898
119056182823901589975242
227344752512248170588605
233250131623128912761729
102534296220670550687540
141755935848157945644520
161887910544352831952720
172320757288889020232405
233482071657475717069832
169251341795809370735140
135033136790185625420816
247233955953537598082913
302287493627384574939290
112971231539414559405617
281644855926647378354650
163888841476454535493876
222791805985031940787877
177106645042136325708050
227694356767894267140500
164591355038899208427412
274735967958102950475386
166682282380701837865645
186067265507818866261557
189174854050563730433257
211628414532199585450285
213698592398774631733124
125067954349930360350929
152634780723427745471594
266131675728551077811252
178304729611479549692112
87607792868202778097621
180150188484763362613761
240980757427733083532932
95736273428670238336970
157536907916806111568225
91868575444645629855061
210025751909198359642897
258503394166664125184884
112298045528624130399122
162720712132967389478948
162267975533496396950074
105759379631553201759629
170665864653845083096660
244753306187206133296709
143512177871118452311242
92214828785799581740245
195303072515674986399778
265851777649874036778706
125706657648430916790290
216502961827167384439300
179755370969158507914218
126409623656401740556037
243391912425299070396925
160830500139917497411925
230572417692506234763529
240519872263458391635034
142780253623521702955037
274384891436408525195581
115931665659678603001380
113118343369327537905618
258432709009602528124100
167239504209086012362301
242745172654352200099605
114038694529319627654989
133761436726746634628498
144574367348017300029997
97301452501752609230674
182852047951157265429096
62459960183442523098098
101958312486522505354298
220818569877886502914465
295339732850325949331461
239221046836902276983290
179413966139080539457541
145521658382148782654740
162506117120743321258985
195006745829121820713205
226460591526192675458021
313680089713747064407028
245924858265864960185860
119646662509464660339764
318143760748174642928842
174902279143302148497314
165764265298097814250634
246455237376921691642193
85629835753483080182113
130520988168373687994000
56345800116132839463656
317189878092071657265029
254097971881382747865394
242645899647199453306970
270682184406602174115725
195288192976283831366377
175206242203909430767208
44135204032264047304680
147726127891417653818045
226492324514690495999098
162415281494562214787693
144395716493646493149794
271731864032050861658137
170105580728008983516937
72100844234393688252436
229387043351805900079658
173392344500760690303245
