144857083059860572635517
163665612493390894875921
234566389530204901564889
242083497406059318332368
209373790570168285248202
138739300596491235706250
166996152880137787991777
226463282137383642888202
214374416602335517770885
190017604545472338847250
168076155831695802473425
197411961768823367842690
257181809139805633233604
247720477370577348088205
254623522052791353819017
293025245883744104890772
246310032513028751436637
262998162188434620562618
192625552484485637821681
225607448572091656940741
175489609186540155181658
242213276243482501268162
273565771067454970810000
286821446028046849468697
234780697289045242539674
182155212172599044273050
175462008394102938741538
230581442574178113735314
263967754299696503435525
251702294100317784689381
207460381775299048578249
310415228293255319360809
105741029749917910774837
191301199169318443231240
213031458096511779139221
266258267622652927065665
123388200060303496847632
313472395712696964212781
147899563904674766465000
249302386193115434728720
121852399461127524090820
149045129317626280191172
325839018699224887758890
286167512577002850374932
253216577117686920217085
299724291589601130916905
188202674898315777733732
294184294138406713848770
155930208504109090733601
196926278082455028596242
190929400965013153048817
124804597998820752346912
190978538740980398536465
160194633306374897421732
199023642043644275363981
87520212246356205130880
256174985424541365637668
250381447213831378718165
239001208600587854111780
200784945459490476311284
222819098367028355833384
284274555229390280258026
284771050699861081891840
243404807571268610168345
94447592102412877429565
233179117258561367426893
196653618615239071310141
272722259368689472580837
235350277965629608943929
263703932477559555573748
153023488613397328745277
169471234884430810702925
303493345126084789892306
232853171934372864278612
267364573783908420958946
110067268499636143051856
296668960816585319303989
204584423833708388207860
232950756128630453746298
194625869201481590962970
167198962585909101681380
173894941175069450439373
278461050991671082038829
348465137503338106022306
207163035392346798201938
275308227132024527634661
374319714897397545247492
300207086190092070274994
208309684864746149701057
258811055017938939649250
255636484632337650430293
261951055546492207357937
215199627708511080639698
208204662184433218494117
254626765796094745529026
195738551768449791442381
217218060684417189567952
275080066458331128323453
281727032057120794069540
241698749063831521343986
211262782601940468255554
258174644645429166039013
240493233595523348294309
210347299533149605931645
238368677156855077495405
177010342355952685419530
264739092108484589773220
152109235381534351145730
205083556005338955813985
179089049734782793314116
210326967325404469035520
153750569753823925045760
100138436458547458205200
248157039776107821432049
305512835045819483773949
157503651293129149989320
225170704245081898190929
329637234614830027202402
303550513944199060292136
204958406402617725263914
323959006566027393649597
181487384883035892908865
235229941997960586686314
240557347336538909324345
270806824794964104546068
133067814822476826615625
149572237354761148163336
194862789482624959800817
232484635058607005764745
231566315866323288076778
272540112591856571336393
233648438220587870281124
162296062522179431378845
244712189768350220745680
312031511885884871209509
263304780376128690074122
237109404171479733174305
188730343844853192397529
210117691528718116320701
224113318092346371467282
193135591620363874825498
170986819963759133152033
243637117637704323320680
199255804097176504148858
93385437226337838102602
301919043087428498856072
78041061441249618113125
319317601034877348664154
197863627591636427751245
284263226776021828992592
122088572234061824299729
62872516215980084496644
158873748305949916316818
316194486394976597632581
162487118672499356116721
175063470421341720908953
250602800569147901648713
331057604837895831907085
240728173858598498772605
120493777617650956325861
222008383577626682644745
230350776168930658186426
178861332954782858405381
333427611921859271895997
237997056346967051370116
259073479062753154674362
257781157792846930480388
156968218802907419388410
267076655271753481931858
299012619763660769732093
230786581357914414833170
162791395206685008980914
168729171729866920465444
251018957388587736553780
148807287731098630437128
283355944103552556839824
321838617746402242273021
298122597349977610117745
299007034329935299561213
155281318331055766252129
144808385548225368908042
275178453707273963697493
158302621791552890585621
203801313039531164319636
236918878682195986927250
301532967562846801083061
251129226725061831163604
324892060738769845363541
258258722943701322459185
198692491250237761260706
191131188472882089704605
266385932444009062257157
326060551251905654065505
204895821462556176022410
159069057235389034208401
313114697367008865874913
139594873302090119515940
300450445107213815306050
306018524141874480045092
315362968941805998944994
185485226884130594943538
170836154174921908159240
83065519683175663113962
221725221100334836643285
266764180435673223384866
98374227710039182052309
126105034408414235161594
232174206245566880092417
309695681572857542735210
294289520368581914082545
174258698998246956052229
211520003379251583573362
216375228404948970715762
262301311830830882562632
293377615151228951573925
198739413810015673210709
199729005985011258107586
249052260276477125603161
91152789511104152917460
205628678355140028591082
176899703184736956311282
178654872412860273030122
261202648647046475529025
261713147080059056799338
279557770666918166268820
219028922539703922616573
170105350056441438530653
223316287541584237845522
305445008861133974312336
348558075223766097136210
228491983939133070984194
216269621778111225372738
159935124527750942357761
298653731944910872607837
97471418241030601031780
107444841426810541037300
154963487523117505223917
250487031198953171211077
214734670561066400011277
207910280496548087897972
218821493808091081391245
247914104892520028911232
244815664709170834441245
134677640233970855665169
197167412120945147098964
111068051379788919758873
172570680492556526417065
249651651538698650119810
220958456202236291960441
215988966031282153297025
213772247915735393477581
113960044048107948012810
197786792015873367533306
255016716919239329787373
311896449262579122679688
264154306702110939839080
186796780316378844720410
296559581664215562529225
348392059077972185456625
213664036417941241883621
161757236214847484321058
308667411382876074034325
196645668546875615535661
225504086450487698632442
283055185770670995007825
322371750578187903627904
251265612297985102393813
216441178152151003984484
141571188143777895506869
249241199508521711307074
245977666753622760029801
264329742947372273420042
219477177841752620736080
188610244467940879206785
332382155546934827764820
283394145167361312859858
207964014189753785428628
229241420625433515260392
229655812802221841813885
236301485106684891356585
224131130655136189080586
274391257114622216890505
263394508824770699572769
199619148377625305439476
250218449698517751154381
201078675811344750466325
229905916349212575915010
196335359865753021812996
196825294268815120540036
206464956548685005681680
181673336416015146211337
291845848965820394947714
178190738838021647348900
218444259692338850611577
166429996333341879082932
254725934801053840726312
229915153240231666214977
148672842248212652536857
275872402530937455712157
214923625536475402459245
200152203359950249111234
152829764864105698741850
221221416507955539406160
247890680147420655983354
84206518601125657912909
201678208299982751609224
122508625608688942005617
128461727286895901236213
222874938417744071880961
96138635610528585994466
170618228723859372905524
225331543249876657500488
302747406811218857927140
268391078708736763473341
125412854222103639706322
254318185368043350651844
241132572770282740505065
159324491930729322440098
204345843960258139714132
268612394931686022397753
269545104123372743684317
141207616559142399449921
203920332722954146125445
108875633325344521465365
163589635594706528619458
142146760924008138861061
119303898251832718867369
245771645515748917740500
254428715361717180553492
219703809685073509015650
305698375200084462265482
197708681201165835302225
202898390077638509420530
188258756129426815318690
307684602733613957530292
153374050898645706168260
235979520811351998148772
183964706324813653635400
245672407427571541578617
330247872543691608544781
198710770998516349607764
190659654137375281794645
235268639781002549638754
115701707614227843475925
253494036367358456241442
394554179943121936724785
216535146028952784526865
246798072217845487236868
209308652378431844707746
234430966689616980712948
199849085850639205218530
166291028301570027011234
174252241222611177276625
81671847563167170869066
289930970850410694968906
207617354625659065608281
134954397640961507761025
243226663676560385679322
146280343176323709802144
258433352818151622794290
299236783366224905559876
124278075471083948035429
234451978894752712582468
286116436550367730281625
248577457034062675281850
204026730906674827181353
182343722181211467826885
305621275824712405491565
178003007246757741791201
270715039416114458564277
143143841950350706614888
304886424887757457173865
212912347726993794662113
192567419083389057312800
312768827335591115540245
218877425104346702498745
166126398769444646168333
291144319240458535705890
213062392486626721282417
317700750649351819611321
235573590245534373200090
252213460662016466373841
218492652329260750306001
277579037400497795875869
145871993475968356170397
248804541382643540364533
146643437132838360023530
261841452878566330300457
167942119729785137962945
219430365290903054522624
323415430731338015203876
315143268945661747204345
145328954507836593377306
166973700564797869928272
139863129237820159879396
195967186791120590259268
225267043136329041345457
245061797696382597242845
227271686923119377839037
271478293037262764406445
160379777236444621949641
220786398270979002478120
202275312437545068951837
238187996941027803179225
208061890831666957283138
220920318943246498311080
212083476641282079361426
282633135492125918730106
206786238704537064607242
205657671077680017987401
199158018294382868235181
190653322173891905885897
217506292181080989848505
250846733932981035605968
207248012056273618164545
286055219812259700076874
261947447893092353467874
276893017327936490197940
222952249541476599378253
193315715830973404896292
198477136693131093850210
123347776656582746523658
241588133395070826899522
219231777824165702602513
248544428073232087702377
163909404217405051979490
171212562077060367637812
160571306179953744629069
154709170369066829465074
244556129829542010086965
289021983306581071585025
230158021072202781955394
199842522581957175845402
250399580965717326837625
278629485592991724272825
197912073043421592593545
216806349628612511401140
122356509751091746136656
194151056092770505896682
203672209496898527440400
208263997293732823786405
160112350714206550620754
242920760024128322058984
291211235413111298716349
204663055353473881035764
284015066331217737392900
175154708626636905880213
203239788425667662696354
252954651322175550988033
239909977934734556426017
176733161789939366360228
261081447040347711962400
209544060578763024359209
256250273020541459413892
272488116451182368295969
178984642125454191372505
217793275811256974671309
183856241677014038863781
164998407339333127375101
270097757115075488429665
224777437182407827345241
119322723661278663759757
129042546093042093837161
206897822800346686197136
273288028976860502449585
188521980091166169796724
244647242991207781915585
224815408654429466858401
239607007669166365374749
268553127366323880090272
221813005495236618452449
243429535751888888657489
238705297382769478302760
168929306983047738413765
250361545000965459041825
131364548593079757583636
160537761394652904815642
102944141320647582242345
253481584585386072393805
120970447566493073810386
286572379812082216919953
89673472493776596800360
195568833612525473549264
177044381726227435987208
153729659066225556718696
218870903031576897387152
194502038063372220818530
265900968938517642559961
212623048723391936922298
242036827289830799557445
312292454663647260303394
218170513898280835216417
362308335613107331172594
214286415837847013819138
290011680078360182287888
95004684810433846930753
51664278073973001172769
197698594102741383834740
171866885565200261349541
159086390685451537046125
110193469862088004112681
227463682923559864493825
261396489732227827008385
333837861128434320269456
175016940953822594626984
245979455773482659611720
264499663238949070255786
260745170658430822332233
161157199721407190615816
212128778066943262202984
188929016049902671787525
212665006192017258444925
168503817065687178768442
271333887217182209561956
133336695925564206392164
191294311950506211028541
147846833546028085641685
207462574502458985738602
214656783434853656505970
211158035165219102524525
129587820242405724314561
239493054364601247061457
173241889716892971697585
229922020242763390738148
314442481355792173436953
205289041140463815440506
313476622937874328527194
165731769224511608842033
358106607303238710023794
127790143831103120500109
259777654984456944198865
224038887370630336093405
100391921604108300105985
183170933821364742976385
188917097312050404488501
291685397341342219187668
243512222923668526872260
308730557328057737845786
141593582203742658728034
246057281482837524897361
160012505477140285181480
188824022189043590886121
386010920257011259157329
132872335615340039530601
252778181343223727463241
213470683632756411622713
227534610366412734594226
116416779371769575857149
214197697090828443084794
229659434370801253548340
221755607590647923333041
290457312975991220439685
236705777761788827184290
276237005902652592064865
191468171234841150976961
257340567224451140863514
243919795679014380960250
265162608103449776797873
270169135290657775661057
174136301346719305990976
350565366475573438438813
162090988695497548061332
187859858876484598122813
272127743328376449231848
200400814748166126854818
269675622484352856473314
270542958796541605999112
350520644254118183960090
159070762646232564166465
170874357835965097826205
218133401436583631636797
177445080901260635876829
234243021390973939440485
186890813218156298999130
325565666152994956016698
97749762972399117570457
236192162568754503571706
214071308589237173764945
240598679512762938704553
214115847815299429496410
270834366424294157808154
185872469005469158390253
167943259451683990802980
299077408576269685080778
198613509003629681476090
88158173707838634409802
215436904517219390110325
231542717788998591272201
326505574547301401113258
264013908533871061223269
169266375502444727209250
250258521174388025257060
203436258891764799783040
237991255093676252249765
219529003253432956415252
173280096763071470633389
158834695270906897854629
136223836266821747104714
143955626366055953306888
194469075938058257560788
305228339047537079624410
221557502694338951168221
304001587764007508305009
145369023434557505570324
208424479535859004859642
292570370524800237161792
188941148507536643950625
144312184999809967817426
206455135510412905801661
141406132950329372523908
275118388389555021583577
227761885778860893333674
172285256182179450840352
93642636143851186686970
175927835154973852376189
240979862178363898604500
232766363708124093825730
232113773075342723671873
178242432828978235480605
223105132217773823123674
227597643644975674791200
114390532830443296300769
342628278259334995995202
284100146446214962908185
203694983673095521406260
182046167637715649172577
145390205682109051236490
229368553591261222710009
194632446409944358655440
141443239809398559890273
227867836071053798818756
274100447880802126985330
266242778522612697672074
293096372059255859647505
247729066406533670647349
183995557187195500402388
168108213046221956657216
278019764212557506133125
234152434488845789755722
187326014541553118063737
220213901517677524686917
279695394928889529425713
212995382486617696147025
181739906993796520001652
254241406724090418661562
299231002323145635178356
318184809756222522704645
116292657340787572945129
186201376927033926417965
328012643018050188816193
223846391877797829360025
277484851267489268355865
323044495637774774429225
222931856932540092270466
214849714499381913212210
224895519636853339014226
259297130966984272610512
197433598568509445935860
145958516753068176769765
158209809779758550404513
284161045236622676249489
180237873153874074475012
149669951084248685325120
191516750097798150529585
233541880853746409467200
269949337073029987007497
