93346440434322289783225
93259770700844734127410
48773040346367183402869
114616133739050393355530
84861925846557726272744
73543310729801892560458
115144842008026862527145
131246955059242180685962
72422409832817040185165
160593338513496642396101
57590005423227912283709
87378809941671824714053
81205023036706585381105
34242463182205335403048
78288729182316854900098
118788827290834223842985
41820751746139769056832
76507486738331666830898
83793177227878260359570
35204018684634196941850
114668947380859002849890
134439905304348787248200
52710291591069807800221
132451593767352451180168
61135248334518840133226
61946218767161740450000
93787943215080894103265
127077392648938386493010
47299362711401528974045
99370859766719273994733
41462618755355808932249
126912422638533370415978
124071824000161666440522
105936594089816327325890
140495997571491738879232
174216162986613870254865
118867837644110878152993
48210856642843298125952
107304127678865978905733
147896268774166226824677
97585482251205612574733
104073851782366830514813
101176494674081275905545
144113686494374034765065
45362499644708842170944
87842731696092213839018
159816838095783870542964
109367614372948229987685
95040137975756969933576
124202159380875275370068
133157151207295299518738
124000753698398111618036
107584427577362907171104
35119129338221823579656
166818153242778333784385
96686486551517593327236
56133286351215851372660
105850577491578041192429
113455167337176803201089
184956305975150539555648
75580795921170653187524
68246373249391091316869
115977230812848665745853
88245911601922798438937
111951563078325838551553
141350057401122505805050
65916164583427674626885
76783608457170433545850
99818814544813521310085
50818477800082944342833
121079648568208055400322
114626626829164504622642
180040082521924917818170
73434126098345994535321
132641873799035382730528
55368332841994418769373
162103557059491692917428
101030681510929193479268
125605435780554226762369
113795155023267886150410
136619957127641378112434
77149489621452555708505
175369612311483052813370
57426093471806656853392
162743630295356774088197
64945169202195592794833
66625451427043550370645
41001365253287700541348
45763209401109375209257
117467899505455941894429
166883131013585543991706
108931398795879423932576
115200420917733033245626
40153180522110746244329
21579757462199012977066
62626754859957737584321
99026848734991948490960
79523096153178108887849
81028966285892364158425
82431016846193948869897
85252664448458752161034
31952406592019862067600
107809041577839007528820
80952424988377467599680
69510714132343170415562
105932591248109019436634
66843759831535339465969
103079492741799617666625
110294134916376523806557
78728486819530414381282
114618050161198616049025
97163117542579624007921
101357440448674333301044
156573053587077432636433
116822788778968082130850
136697202033409528854713
121382450447085643548989
92340376971613722258184
119602306302317655753218
170386855350370519347666
91953495546723949912658
117171547559315517161138
132959783378311340561125
75008659934741527309652
71566163007582540072218
68543718055266671960450
92800181375216547357410
128198247717649289265945
58370541217245912688672
73711315965610385996642
102745301546956425266645
147466640032376246652386
96265297475015819008450
121719033190894573649744
113664127914803024541088
73760565844831477245274
66862410338939812029225
79666718624468686681736
52572687647844747088025
120986315655919861444322
115015768960726059616017
32747658638916131615266
100502533950222278619970
97805737580452464732485
38978924358568767559762
131565093595051723656601
79411199318595991239490
75731920774154947589625
61561423759229746910917
136920649661009755086977
101497812474543879757186
147761742360719345283001
126753356920687149525704
105454767857301750127784
130914795463896485662778
106035367515575085771812
101379851070768602394914
100492940992856657460709
99495777941876064282570
39516609536246407945141
44388804112614699926722
44532013443223967267437
76709697269800227460857
109822244193924762142805
109743262718450998466842
38460015045672719516789
153082665607499770759506
155031655743395850580666
84544937772242489804628
117397322896320730558445
81938508905699544531017
44834488059652819327620
65032057033260817103080
95730226596527398226000
48526486629160445189770
48340480907763537324125
101154789397403155850057
48315342493306337941125
97972516452492749935249
143411008782903192469917
118599261828861857763050
77942937823962582501434
67332805325432906035842
102696332302659790595354
48985413638520216344825
142019516608861539685492
131742272111592973064273
85142943755867757022292
135921199936386422695498
162331809561789051661290
102153065020042968114349
36808909316043926403277
55918272498044526809416
86412390497344679647392
72020098225236510644706
142579651641194627789789
121535028352232524188538
144931745370075041229154
103594332139754269200865
60440313959303999206202
127355832397589780187493
103496145488695554477697
169537510652867562191841
50000689370853873745000
64229481322319738948308
129257516781524606985256
120963544168875203380469
135276974311218728118085
105434567722611435453181
91937996807325250606480
117927182807422862653481
24935031432914984041154
119031753515805181891225
102242087902167137250525
90944023673583852323770
96380688466342424845521
51313816026473288257901
127839639608654514500133
89815590806990862310681
18376405228133925661732
73658731974033982592785
21961937450346377896840
91205669321021759295437
122497749310053197897945
76326534281043935843616
79144912384033335106250
128079020863904659625425
44357977877529721500938
102846170313973476469769
22656826608247985230900
113871782959246443489257
102381588184890513360853
114539639658687585953876
35705970069233973045013
111972577680826131096585
112612303601142941292293
77514964522662680982002
60877453731827900440729
67896399859663320505492
43183734048920558190058
69813906574889897826485
81063639917885675777345
55178002440060040932554
148531244499900890598130
94175806903731965100433
95274205810787424009797
119370817385522643300562
94039650494877891763354
141234810930322572956489
82786564233847102814945
82698966272762517284564
139249812589266873232021
140079267267481750292201
53465351953181747643149
128063606693891584235860
86017655124776160009970
64051375346835460126225
25813151090802762752474
105436489151198480152490
79619028369188210438056
90721548027473523702340
83138710255531305192418
110520373385584000098749
95236137340683511318173
89873183305646277133689
80470373079787251821441
141230773127756304474989
112586238677007252180082
132713874209968799128225
195266904461040128361525
69968711999709775378169
93058149600254113556837
73188946193382098112725
100344428094331850138090
58089623364042795742100
43524290589759892054165
104782417541857800201869
139535723651197853181033
70757151959154891657905
91314523605859718769098
135228264799606832139785
111008236091789805463205
123032839131650329936177
151053224907325105461370
130170010261540037966165
49357441264360370683970
133746596541388672608020
99975006741642414505000
103780152838708315921568
134275565170058201321081
106535291184195079769642
149201843443039211604385
62489543441793620187737
112059229961716367639549
63032387230779081247970
123226809132818857512034
171243628008703649165737
81292633461389823081940
101601570115652075199781
68518425209474018565553
129343290189086736902025
142590899348474021573764
50567399407396457932721
126210392230744752655880
120726365293741170566672
102607585278321765767725
51342262561187438285268
48627316421637414524370
89204142488230848432164
109050062432323180111525
54257185104759492232442
122466952194525146609314
92994762241077415407880
132218536837591494933760
65479639709951239500648
74094624580340772607336
106819527025409636856449
63852401155457743791029
165644944631833568517162
142459020916512787364688
91565102366000298637940
76173663060703067404753
93847495234500129059989
72368999448347812923397
39690035838241480614050
101495144226379213523428
190564930497774829839730
119136695603567746259825
53522294024668767603125
121425089854256617525785
92646709800102809734345
47685786357324373624985
80316442335094063173298
64703613819323618916290
73633970056733931132944
86386258221449561853554
72695987002260673303117
38119106236036238034521
103962151577318533412128
100865433587843588716901
70468011032647622547925
118914190315398706578013
124923314627120780489029
118910948211330745432805
73254562143259717348549
158067730868949485984269
130974141270061732442384
50931827478932763434845
103097092294300421786530
97462009165866434307297
127470316862464963403473
76666782768479554769649
138168348403367968992050
25279985088109499957901
80773150319821053248400
146240548628230801785301
182158953780292576329757
155157571883180659570189
56072299552832118787882
135819609481246606645370
153821066691799361741945
70647131907144252833866
66894597031460303625232
69575063980965795438280
79023823413517750849061
66089634951440160452250
95995283362063660311613
52419931021369859512445
77122708493067200140645
44673946549911534994682
52287712912109740146250
99423705611876603955266
76869124771243660810490
151301398531513876685000
69504466220055310196714
79834552991168748841570
80241848425705186445365
121926840826754975272066
74815855372165794635213
121519248095281243871525
65069511087397128775525
177611343612624906581120
120250272945794052347344
134118205414382925196778
96887176859026875971385
37675300900837299363306
47257412361842309600420
196530696281328954700552
137832734345054025808820
52805239883093839213096
123310615931787240372008
80024828618155662795040
93318354820428546262505
44507904050795575292165
104398085716119336353677
64503912972702752157725
71961874372843552473853
68869621560404333311241
113123728805999359732285
44367730411675872983405
81704267051315353242965
135746597230185733470909
100418841726341479593760
117853224416723747639530
133714913642172115800497
100499704062337054867145
82535057033395342226384
79958618476210390270957
112140110792745167093113
84809626275819399814096
102237340577378020374889
118392824786871367808552
85639082663273323110985
88528888486340578045565
88158607917679781917117
119656953564333941715700
80906267498068807965757
57121595033430347383825
76348835515003663912500
80035617131542070928772
48504168498304824808610
63815084806324616148418
46825344224649898837330
43509908150149359046210
99974542213724605293769
40742409127511948262674
72012539470475733889810
76495837750582393079525
53782023458775000081025
65615037129388276537288
117816375236795882308840
46850620730280480015109
87272037507817147175060
64197673060449524387969
109214760434063408612717
119211889330514422238857
177340402219563165532905
91900943286895652885309
111242822748015657226469
194438048325072665382440
52346584331198972773369
80167265923069317112720
152261465959237038379245
111811373275911056598016
92527300321011883123641
128512240857956582403653
137342396793045032857508
162977352948698286379912
45864010077736553955953
106049095484295300585965
106309328471404207619405
113405254688504379803764
117735513390855329911976
45984090868638628983604
49020180707932466644420
154017830722180267495490
95891222430178228358145
48823997069074630277801
119446855916137788596722
182657753946695626566160
75554509554644805926105
81739626925207504897745
100548274036448489007049
19707063119754451176754
112358903658811437639717
144441303277029443273637
190259699440675175677925
127271014354517324628053
79870012055022326047588
95463385185345527642185
16014190316607172621961
116611608343461199841828
97816170362222449462309
101128919693590326968825
112633771262316881711620
71132868889892223000282
79838488214551824878665
91913206295919432978709
101087991132297551380629
106069879436243743061513
153470075616149555388820
96692144386769098796941
102139982526849356644250
67338685748689647874256
61129892440567365800653
78816034153907018931245
128960799971983746633725
97571313644597490468025
64196839052492436024080
178007210613111319329060
31978025539400708312306
175120127842333833878197
101901938242716130107469
131816044089990056583722
26474976656223827047333
100778265182318962881113
39874761640077668182429
113112626806709224801280
157136379950718672904985
70956911075307239303185
73396145171678385767057
71707240274665640508757
93532013396456821484020
67363655440338616307890
132438742400861367819658
118115900648879473023764
50590269718868235090496
108482443281869389066685
87736508359328377121666
99072549839820913641338
84779364180967929470864
140718810775384738138853
125337195437139808885192
97585719251910101235802
193124739278373599007593
83727207811879322423605
66758418649606204651505
50557409389544796739652
115991164903932434259125
49215196864596570956605
112726167919422735697146
151168790248314713920404
83130699629743634160001
124712122065723618066217
65659132215125225289605
122628981381395723733137
94039418692523027363616
114911289848225574147314
154282490630615987430093
114816072177222221708240
150053867418751595639773
58184026345539403849178
83032938425695402528250
99097976901687401049850
138472176193124334329128
145346976758551265209994
96140515327983282492234
156688358357898217323434
114199160002517081584153
35113187604572402922602
156908080451788757703553
81942366785027355547834
61395212345322726647460
124189027339602160677330
74508455983699187967861
57006988068871756254100
171973218396372974362709
105193296358098891696162
35092388444407141436585
200532657637135072761764
43624795990552748485893
140257885670389536867337
84612501097380491668754
77176506969922925526277
104891906048795914041617
107498929003122387121085
106548856586378526148165
69883254380946048696602
77446645805812755109177
68993860922933612394600
93341550672507171324285
70398086455734601547881
50773236037621874593700
132875881648870098639809
145767043973594236618441
59209512135691851943425
70022698063213115859290
161565253393301406467578
89416531467675606424633
88838925488761966622101
136746795767441016124532
73088429547552189840413
50069159562573840375125
24734967338953493791289
80437066080464307161428
135785500416818689592810
144869700163463444449978
109346844439478579351652
27780228911373540764989
73485938397243399760609
47923672549156590088180
29994795228207319081936
146159667953339067254825
59924807564752095849445
69254136553992485178824
142892379822727743406466
53142273086053015917145
73779332216055792282725
120376375084668834052637
50299744949191192246210
123602747823846158486085
45004298729183920699813
77678336968417004862370
46655389772775464599872
165317717644550338467113
109460546608035176275306
203213500637979912998130
71368992132682205280281
78912103949568641119988
140171984489016888959917
38355439128913275061249
142186256498968949443410
128219711018761980192625
40038878289434289129514
114785845215156257080052
182075433027082156071353
31658806646135614297672
148062351655510264926016
114602079041508669086810
102182981690315172579161
105966049596530562200693
68318399801763835416712
34002597603103530232045
157395867189113703400361
133649776520132880906469
65432823955188739617121
92416653870096697985029
79336919537309720131834
135644409965946476782480
46296091071786206643877
39733636656365707703482
95403923541782829935413
57113953356008872520257
76382693746160254172788
135247376903775425438701
72063678424924169138857
77364138802997793869114
172690797186300165268484
89571526309023287034634
39851480109665962643464
128138378679972613584200
22582023951378845516665
206522115986437785628133
121492091827276001264053
22300188230366836826725
61751070879840842631752
49822895037423434738617
126234116784789881893210
141645009344532228628693
60898686427106094839364
97395432196371150854601
92210240607973871703626
60629854331817946409986
70577550992418132157753
110683967489856352341776
128590581212263017502265
112651885950796898261117
162350293495049258702498
70133280376651455469117
152637700114651510435618
111895457010883869242036
140666855176040127734106
85303229103983411423120
81466525439254877671242
150371068729560402304593
84933135594133065831325
81113178965350216233193
96939739922008158396409
99134562718723689150130
77823718115435070530596
115568796323703819818180
58534623372613859670797
79050104073955274675285
86084168608492104602340
134315438468707178301365
58707222492067155608237
