367824725883367732210013
201731850581909361821753
573211168661598658917625
607028160139610924410669
116870707290649692776917
693948081219370656171890
371744491077949379423636
405698356682055776756089
529617604269569622163220
230491532453821201303402
321652324574245718682597
439316300249536156666938
364982709141093302658512
746281577320719618517956
655284947546967424814425
255821539036611282520945
610749945327837402518509
455082246655350527831225
257613461301680506813754
256199186943722163592813
405013239430873035502052
308477279456745015434805
534030062816855412202900
338720425429670100552320
132468863650980048964330
962341859788944750868493
130170126829625997413314
262787103058103534339146
190425443102456120821349
322525943926564561892722
246030082412688935734733
698755059437509372138721
450779497223364352682010
269312868379109248582058
390663984780004257109826
717597776849019463498925
63113762635487484143464
199039870716022219381445
455837630183586883424197
285179858163201549735421
564371965579947865130569
305515807728400723993652
500948576225815718909717
329858296255318492216714
401533983919644494146880
631741324188122777678080
116049055474571042027125
464667772847947864175185
469373521983954514999760
282208514943899910882833
193247625230803620234073
653641896072423113602325
386355918357758249237968
134157369416114287564712
502230731834688624039592
191393461551175153964882
505251186295795310114109
758795515235420144825384
747658817659201880865641
914472563591816189719177
635095354543365532278610
196790061091918020592585
510408470146614061038713
385439245571227444322914
240447269812068121039522
373663183597344187961488
561010478478779049984397
270479296412383892897466
318020856603310069521050
746574325543051678901618
239105807130282550540961
247685826324040387992976
517050223152245424825074
349571449174395526056250
601799523829315436509856
641166516120125755285765
261956704408083841553312
275624255521033055939129
447904162859645094905853
554238489823468484020101
289856470163300148921553
55181674975047600508453
227350683698876726697677
296144370780730705020213
471779346348031211135389
610070932582977111012985
192922857307329955921277
126894357700980547608682
134269923451014419213570
290326952389962268114010
286528642365265179827569
396733889710294631719696
485857196279593239623125
805447693451000434068665
252314123218640397055264
465945462246654939275876
407527734939099990896690
744246737699425932443341
642046346627088320303633
240586756096773627084349
264033085441632797831725
629554179005383742597989
447653052423369656050729
481236986405734577899610
585458514294608250909364
322008166180945181044081
398071165840178327817044
830897596419131320382160
374647790373292273582133
833097129730386364479645
730452876288622289261045
518101075897668244675541
477598437602306853214369
330014440962179389521010
474816588098587059042962
369298706217413306775305
475976454553067650293429
375429186337812035722313
118461012774705207418450
700602046113869093284416
721043090785241865543985
517207550793788961039050
301713139235263688818612
289969214748042097037305
753581314375150533664690
468692895954881767683082
710459727573961346235266
465667999388342201242714
646981662383762707189181
118870510907154431001376
657847937280587375725940
263637767034753187500701
305794827779903703175432
107954102914748567391722
647473262480388356922325
335817426759195055457285
376835936623669653523493
530098901061169922377349
459559016805698077617002
534820482425165006916929
136628542626280267969717
717478382653140153141378
292629651729540799391306
376457236932015590921044
465154993016923387232701
516160652338984254842426
160701470569817334837529
505141686971522068920209
141804242416305133564453
109978268784854307270201
458602913416692544471717
575243611837001180349200
505502356999712494598865
271979345074826090313764
322141987538290585997218
527805201418143177899600
340256628796824542834405
189361444398720250517354
708553011569482356661066
680886859944349447865653
282073084520914736744125
592610644901456937082405
530010557193654523209029
325054633047529395287653
395566222594281375908324
259852604432273366110361
491215027982488149064409
599250378553197159870874
284054963779734467936036
634504472075925944678452
618220542235005312689312
657958725841360885100242
425442551294728575479266
349580608674721200752050
644792114450997486709352
451927728434134526204817
330847921764925008062357
130622897099940737450381
248768038262197309081480
311207169190889710277125
54690952043018724878450
422987890622508752361869
294867018614985558654985
462219371812598981906610
212709387065118232750756
467275428848663054864281
192875385088794623451013
185747794332920210007986
367448671832006998511442
449561327110374644651785
547384902771392669937389
246867771167818289528020
449553695320954998592325
358775278649185378004410
694301430457380039564650
249552425805230602867189
426904565151847156043053
677740212058411172339345
212152469710957740680209
698024049183941632944040
160427522598750308663316
593166727906740924005268
497983943027598784142257
730761096877910976531970
386579745264688187327453
345816650808289531768424
864423206639054917346645
382179722917980659618960
252111448562108780704733
344504309096410168252081
195852593173959228329441
346076066878762865497156
656104463758592950324372
387574761758751964263780
573231632044283315550842
440684671310692250664721
146055728329308266708402
372099766482961549017066
603319873110587123707792
197222361011128207075730
168995148071435601983937
432379736981160438793060
726178556313615000483050
187925271009935501633869
690999811239324195851105
329863035906429695415666
164017496454866233369268
277450843866104616768090
428823614515431992080481
366155087522402474555045
254301022745296958179984
206939792606761098562978
572201134637102007522833
349096387004804475273978
636617738244288526502017
299755880604693568559177
739829329463700017111285
288768018910295923609066
582034650049163156232400
486959463400829744535865
395909688777640080464170
86917208808976583053928
390440975705955166252052
313025577748534420133954
421483059552059522085392
437858643440342829140626
249612889868739096069154
96228882512700220237450
478012775933771485974962
275720357146926471562925
679409409685889257915069
335694242543310729360610
409620463258147309463773
492348374670120921151477
694305004202085408242312
473233676539348791309224
539658701568646255124005
155275276311277998080890
50921734758320181202100
517475294791019009855568
269524299147567967642325
307459011882760465382978
663302479257672395585600
725766863521980360391610
151305963470284428857353
305027244181674907778345
771122477911969423312133
252276070488922540357897
945911282938494284249874
208555594098332730582537
540917519059805363867081
756027154886325098054161
803137998624251742544066
179256409047552331236074
215188566123490516641389
372738355656368554202500
474142437229225614072004
494647884995815335628960
512882408896939142852228
439666486523317869256625
591130051712565625105040
287992659631785382942457
380031274543500508448521
309048106719673485396333
99361350209122118130625
653734602418486942195193
772437034915101615582484
120106839974487138663824
66226128793569317788225
319678492210483178309585
608381867578058635908653
443117421524955545804936
318181472077015129463044
422579080290788471525161
64633809306917331067130
204878301625962073127009
693914453238315427952481
241127607749879029602644
454409475145631059849541
586407597145110483679444
749243959784177321124872
40060112499336898368490
396347105286274058138545
768875036380643157384712
406213992557796619370210
679882807482217219300468
600130376550057801359236
525717389136034832922530
562599816174748086536569
340032295162548296759752
124779160058171692188033
233387257152270470828314
293597861807056570377685
399979125717895111068925
354696232095124796523673
310143089623858458852778
84377348949764527000769
705219983277457248696082
429821091177100706476957
478432453506831358385705
181011250123181545880308
201656204301127607316785
796056320264385723710557
479500796895944067335525
819862005680160176193745
269944804175263749988058
475796903595989763435245
475482057375690720969338
164672709377220101933153
821486152994949891391688
408896002406804393661193
332878785795235804651145
422819185574828553693988
313074511692320850031013
415520653361667711112016
154059067402192018219592
624884450308460917006445
363487092891330361213850
289455814710030649500725
502425034732370734717525
323613234790154423733530
165245165925151704305572
297449454500660975571409
206473740736172117360069
581176389962531485412680
464366560019545230292810
794167835417610113295392
516846207391596309705165
616702995616873608168674
682647864146074668469293
182444840464244383124353
421644826946484951028490
234308961052987893919085
365927139788178609839713
796586137032547464982570
720875904306067250622788
254894870757403762013521
532562010429745264633985
476278267395811693127265
271670702795115867900781
834245358721412839489193
299442917875615023462992
548447231654361404411521
938626708791878253861273
211714067505113970909730
603650232029030276286985
590403821558100658224272
261596687284924026999610
313602826952334538033882
218321660204993542368005
276203475048820684028786
493365841032928930334280
291095408637771457429229
185209155236244794603240
195677684245064509096954
572156282440774506753065
470362164196996504199402
422919709040704564925545
706747287355640462564900
496436300022851734337721
428739696020516820074234
376555855408461304820245
228562347556875771753893
489160540422654280477648
305614133378338851478233
502272917605831723093025
378132453465097934709028
245177783222597267988634
610955107918613485333865
475051148447585881441220
248766550756247275491314
256448592513705699915652
535032202829284068097901
54134075258899057917325
647541558477903452134088
312019673030209826184616
627864377412065167421785
692988178727678955951625
815440352936943535405466
176960643954505560630274
251481055594746139994521
482014936792855549199461
316169761827123904539802
558699234683252467057097
274945266693265397738713
237399617587009021585506
98316548060593922713609
886542263380222378824173
128829498127632858445353
362034433330329686658580
475843394890882948848965
131754444362125483206193
358608895668397029423092
439380604439174528389909
429418514483100178639090
673493616142970066669837
307263967831930316892317
232392065062026523502941
585964286080362855567562
255932702787682150215149
645669412183385501815432
173791792489271250408965
364090910070624820484185
598948869074023730970765
835591873176710700901828
160589710229093655775394
327596651808558202346629
767036723821180003310425
270751503407852613111376
348814536068492480235938
410426551921859929876072
129023106344477518026178
129459228760752738777826
207824613795680119188925
189849988759229539526600
621070887855424622355700
855378929873481948178337
293689083891567150601888
225420555382627176147325
432233904513366834029813
500675012686107883765765
196758935990156706643930
614370377177469042390017
557741619551168419345057
579157900815402814742649
499858821132184361608154
250271883295622075138722
317363047001054533609885
383375922257307879046337
356756109059366617203810
889956285476462415723685
401538447750009168098792
401966725536069126791940
228144123004716119335865
289008981582903539049353
83590842696159337717940
414275046239134625369341
623060945656439982680665
427350171207575040976745
231754139312335483522801
523607193409101297900898
620090789629327052754985
508472003194995074437242
373057093840031886542413
395618064620697214938896
462039396942748262113825
156563948562121234108372
746266403154173967141376
609460756950722663367625
444537351966464746137853
437924799855388961772413
525895274758203103700680
594453869862957667877562
569683450392895156293632
184732081492302762527513
666069352025029076397146
693705668511528258890338
664561914692829645964685
217788296678927719836754
704524776102388646065184
311662311279335454535010
174805907278151918543125
35928123813307163913337
662151681791018776343045
711003456452347221037450
141934504160360680137632
870269763224430215347409
128574323429438410123850
269774374796759195588833
155236677027768865504621
725072665036329344615170
727534060749013831681300
565203801691984183915973
100305044758631142991802
127403626779466054430740
214862113879484485536117
454594366939101704984864
542825732982556571660677
691191594978436322893440
825931082343129545272906
145309353706098461417018
203083967732518245070917
842288293030133527518322
193756790098230086941945
262556424139525910296082
175099155030594483386276
261326439705987542063250
470220502935967934761529
559772654691498761448945
443942687382889944607205
235275666895211063758925
412836560605817071978778
561937341393716498171956
438605293158145574659145
149577822340157038205225
354172490391558304178057
388106060197091085140717
467776280786001075384505
190295803226873811931489
339701896634649299150069
188088420551656371327040
246674649645222067802585
60618075916815931752040
191332872861350091335641
650336460563093047192993
758393131277192189519669
150320665313013494262506
343590705923089428759080
289871377763523065474693
622309445660447298457553
420370267939103085917441
376338695882765658695498
217249953604990118794384
619199592638390845035236
482708109236003146036117
617606934667801362081442
527135310457400290624849
627114439724603875400669
369301660815666981711690
566365027389549481889525
653369984706604920584296
100181236228629941332712
699148079382518588932481
544896708107035645662821
574711879838038029749866
381219396082986759882509
426881678255403792751133
592082331839725563797633
587926683959119305333074
573723524781152179109800
593301025312833992764960
566640027628806694244130
459914055861833818490813
88851965571135151534733
509621914671131882043666
420705512943715146064580
473895403965554154153665
780525430827328751882941
260347590159101527623322
102013936317969341735386
907102022577163134492970
716675267659741274493556
274598208547370187405165
494129470466872633665490
336145795736309721340240
429043018714569745152130
441211511766825539347541
317174602788448685639712
323366646898375974785813
368040287023280128306013
247902354924771281461922
246427457431464717136580
169338149691207245411380
213336445262152060195610
776846452334501410267144
259424998793745064049485
391721201114790535423585
595754729798165244700906
581392508976399755414385
174724906572038803753105
332155894832924409305090
256991028968148444911386
318186897407023068226640
654330659254044800964250
544252490204676057465700
196697437330248902270714
673761433025390476222133
515418333938330774055733
239690668436048765241665
440840217642052985338685
141672459522819753460049
370510177426025847545666
267737495481065878491002
616528762552659335512346
303990171094738375466225
179643091808768739272525
468964942625785142121421
420403672263763845373265
200024529013962789517970
188101104660724898137672
343632420300253035422089
310002117982487364890440
697612485087599974830452
386968047273288863528857
88329666480177603646468
278342238544250745029402
432918955208502315532948
303890983920832742027525
745237742123497076095357
532539276373389439468381
395689395311386386445525
561589806352824464363905
416909471543784890674240
806542768044526735460384
573233291706638823894481
515102838314332796779490
800155684030780146892873
215513653605444349116025
598301288749682233614145
530703850424384757246050
145285654985842952282069
513651276451801464708752
493672644975222656798081
508765071614340187950957
358987238009664624030017
283093016178558774693812
99259995417868673137465
292969273037046877596377
199652472922612569263714
528604691348359761712813
413431040126915698838228
147404163024098808516937
735757207884620296589097
426652663295094236155885
254313643864001229041881
324420830622578151662120
557666410105916774017274
290999621478650601852253
277339874097525100124282
327284659602845098519588
385583474436662735244064
299182661854615342429045
274017187757131735682554
385211401545003116763413
507996282086211339288569
401406621596677795675968
270614093837774449282853
395333988669508567200964
228431958481998896824897
412918440449369674951825
508806885085733331215249
837180807778674047703418
586058827436501570332189
513294219194717373297529
693434233105992806558114
361154352242522942244997
510144195754593915378320
272960759167596057155881
717748861771312895377817
343905721989388097644276
165708227576873256845249
543592691649313973067088
475458345541792801465120
193869938929384919552753
460079335452375243040104
322748269703947256026817
