1 66 666
0 0 0 0 0 0 0 0 0 0 0 0 0 0 0 0 0 0 0 0 0 0 0 0 0 0 0 0 0 0 0 0 0 0 0 0 0 0 0 0 0 0 0 0 0 0 0 0 0 0 0 0 0 0 0 0 0 0 0 0 0 0 0 0 0 0
0 0 0 0 0 0 0 0 0 0 0 0 0 0 0 0 0 0 0 0 0 0 0 0 0 0 0 0 0 0 0 0 0 0 0 0 0 0 0 0 0 0 0 0 0 0 0 0 0 0 0 0 0 0 0 0 0 0 0 0 0 0 0 0 0 0
29
48
11
24
30
48
20
53
49
19
17
39
48
44
51
20
62
43
19
0
10
14
61
61
2
16
37
40
19
11
18
38
43
9
36
39
65
7
55
66
3
6
3
53
35
17
63
53
28
36
47
28
25
41
45
28
17
19
55
45
65
61
45
26
65
12
42
2
0
56
42
20
6
35
61
17
35
19
6
6
3
25
19
5
32
13
10
40
51
25
24
59
52
25
64
1
27
52
0
61
33
10
25
46
58
15
37
53
46
33
33
45
31
65
9
35
37
59
35
23
49
16
11
47
64
66
55
64
10
43
50
50
27
6
32
5
27
21
13
57
24
30
4
12
30
26
58
25
1
27
58
53
14
28
61
26
34
5
23
36
55
57
64
59
8
6
49
41
42
17
7
13
66
61
28
61
12
44
51
25
3
40
44
11
59
3
23
35
35
24
16
29
29
32
22
65
64
66
23
28
21
55
8
41
59
1
2
29
49
26
26
25
6
60
7
13
13
64
63
37
12
43
36
11
6
14
64
41
32
0
17
28
7
9
13
56
20
20
24
41
35
19
66
51
46
6
60
5
18
59
23
47
27
44
48
14
39
35
17
59
19
55
31
12
66
33
36
24
33
61
7
36
46
7
41
31
16
44
11
15
9
31
17
19
48
16
61
9
22
47
43
35
8
17
48
19
29
34
60
41
56
16
15
19
35
32
7
60
44
14
60
61
16
44
7
61
53
42
30
57
55
18
33
20
66
44
53
45
58
25
29
19
47
23
15
60
11
11
36
45
39
55
53
37
27
20
52
4
33
31
49
41
20
47
59
60
4
53
12
43
49
1
40
63
40
43
2
46
47
2
57
45
65
54
15
5
48
57
15
47
66
28
57
29
38
16
16
49
36
25
59
24
37
31
23
31
22
49
35
48
44
27
19
46
22
64
14
20
63
22
39
9
29
64
9
31
34
45
53
39
47
16
36
39
61
16
33
2
2
26
39
33
31
40
28
4
38
40
41
47
32
61
35
12
8
22
40
50
2
52
37
11
3
22
10
34
18
56
64
59
2
50
64
46
28
50
19
41
62
24
13
38
48
46
51
36
1
34
46
1
44
64
1
25
47
28
36
13
11
28
13
44
46
57
41
61
45
4
60
36
16
33
46
36
9
62
12
54
20
38
20
44
2
49
23
26
20
44
64
34
56
38
13
54
27
46
12
37
16
32
23
38
2
30
2
60
23
20
65
37
26
53
57
48
62
64
29
0
5
37
32
4
9
6
59
17
2
31
15
49
46
33
40
44
1
14
59
34
27
16
65
39
66
29
61
8
23
25
59
66
29
8
61
16
31
0
65
52
13
57
18
57
59
40
1
16
51
14
7
56
56
24
27
22
23
9
55
37
43
9
64
28
49
44
50
19
3
55
66
21
25
59
54
66
37
42
1
13
1
1
4
56
38
21
57
60
13
28
30
36
18
50
37
15
0
29
29
48
53
44
12
12
17
4
40
47
42
65
43
44
27
30
66
52
48
22
