693416
495106
761258
1241357
1024976
975904
1101602
440905
872449
764420
705377
1475620
1604314
771048
845101
912200
800714
1688425
1665233
863914
515972
881197
1094245
1119748
965828
786473
1086265
1468616
748576
742370
849361
732353
969536
910469
853749
1122530
548928
1405609
1717889
713410
748906
1095041
772193
1439329
1489540
576881
696100
1273889
733613
813268
843761
762417
746829
1397345
975572
667577
905012
1330097
575440
1058026
1048778
1093348
1915316
1239440
1377181
727200
1451188
1191562
529940
284756
548500
1104228
1503325
1343546
740018
1380898
1410065
1174529
1328648
376765
1265933
643345
1182922
1617169
1194365
752165
1188008
1231394
675665
465445
799826
1042813
926474
382325
454340
1574081
1123588
1179338
1193300
1036474
655901
738244
1556581
929416
644341
504610
1175824
1360930
1061314
934522
512125
572245
860480
1014565
1073300
919012
1050953
1155524
1141205
1185509
803925
811213
1401157
1038869
1245949
417800
758573
893842
513097
987281
775540
871442
740884
464644
660148
882324
1006400
781065
696826
485536
1058900
830618
1517210
670202
562105
797530
903421
620612
949073
1450066
528292
1395034
1135818
915130
954932
555925
738433
668090
546817
1457117
1629032
806770
410261
863881
1280693
1254245
1059218
1437088
1299433
650000
931585
1607504
626669
1188338
987845
1242585
1139125
934537
766240
639409
742565
1073917
646021
717985
1133917
604234
780845
851764
1126280
619216
858285
615040
786080
959410
1194440
924410
1766717
1133885
784754
1290440
641924
1414202
1171161
633224
619705
1060793
1386065
629485
1510501
793700
1529749
770185
968410
973573
1188938
1160338
828612
1173780
1370970
773514
1510885
1243465
1232650
1045705
670217
473281
1219076
1411540
1026293
755050
811058
1193741
1068821
1036201
1148690
414413
861220
603146
1380265
391744
1312337
1205657
1195976
717021
1374946
1144340
1151930
1577069
829210
1222010
899317
787613
446900
621305
774985
791176
1134068
632356
501073
911705
545525
949261
995114
1339570
488853
858850
649370
1049800
504720
1039496
1348505
1217533
1673569
964233
827208
869501
968864
1028770
667609
512725
1028578
796042
1181860
633245
990005
1197018
671040
483418
333874
599749
480421
764900
1012730
436642
838225
564953
1070290
1374193
763892
1410660
960308
1605537
843209
1161940
992177
1109684
813969
787492
932962
729545
1237553
1122733
988465
951284
1003525
656000
784490
908900
1341194
1384330
1069696
552708
777296
1331794
620797
840578
1198546
752258
662605
905760
1076168
529876
729360
853417
961778
964420
1446029
955300
952249
712114
1560388
627021
1441877
738601
694322
233866
759565
1165970
1264905
544482
965441
838682
929828
849130
944948
528020
401540
1022500
818981
968117
1031840
572569
783450
840717
554429
745538
1482149
1686785
901141
483080
1013490
1494954
928105
962861
1145449
560689
536029
973690
1239400
695840
1419925
241288
1834312
943538
867933
982250
1553617
669125
1556825
687604
813609
1287332
323825
516200
474322
580541
1270945
1299725
1157074
759730
1085076
1304784
951745
995840
1193741
1394825
602953
674833
944770
1007156
908837
983018
276841
1038101
433233
817508
758210
870692
514697
1145261
821269
1556714
853673
920077
540121
1336105
705557
1530000
904306
531505
1296010
708818
1666762
1304674
474434
733805
1109189
505237
1054629
1523605
1007473
447914
651137
1130969
1115810
489661
933277
1059049
590164
1087616
554977
1225490
1087033
845258
677060
1042372
1571125
765136
1522285
1416301
1080388
764593
879365
1336708
620370
630965
1592874
1370458
1609928
711385
860756
836914
531616
1453192
881777
1437617
948625
656297
722772
1145178
623506
708957
748325
1393706
1525649
1039121
627520
752386
1040489
1572705
886042
693200
1129853
1154128
615440
986600
894578
842962
1148197
1196325
846625
686690
1008449
1247418
608260
1048153
1296882
901490
878740
1283941
405032
698545
803394
1560925
270440
629444
801050
594169
719144
798425
861610
555805
1100621
719962
954225
1555922
1019485
499585
1078533
671834
1039397
689485
554698
617725
982634
878629
377140
1082738
622197
487969
1164901
930089
756805
632770
543373
785845
1243789
1094290
1590026
1720744
995024
994068
1139137
1212473
561152
330010
643162
1437857
899506
705821
1664513
856981
453781
1327541
1137924
1037480
673696
1328960
1092365
1632497
522290
889733
1249745
990873
1438336
917584
770276
1222442
1626178
1209457
1063594
438689
1105697
1328353
463405
1269305
1027505
982088
1191697
497809
737300
1366210
488848
725237
1007450
1350809
979092
1217945
793732
751361
882538
1488292
869746
1052725
1253825
1240922
1191389
743913
660857
1075861
765505
792137
661028
1071629
823565
813796
1004789
937505
1190458
996661
409330
1032421
857209
1170621
643789
493025
1224178
1598978
1314504
1034410
747209
699021
732037
1081753
892685
1192121
1018793
1345698
587585
486692
968605
1273145
1428752
1087012
844609
894277
1119464
1379650
1112722
626585
1214344
870101
1371890
1230472
914905
1388465
1012450
510401
633425
1023797
968336
1157652
868345
1229210
1011053
1232296
