608107557742033348653205
875058698100425507511625
519390938242295960327002
399641407791370805260577
624224161882971341042594
321391299322769641393013
651159598608929162865268
552361471126596212239912
624951990562268800536745
548385727430361485488162
248807752175487397089685
640028142623654610508546
356439264094984960810530
338957570269313832138833
379878923073227599385300
812383061399054178174752
208067602355902575261770
814883682962068693764948
857351495754700322912500
277495333228239758887325
356813393617851866038025
508485350603517943499285
361523210725006159808656
381521119695062251515505
657363874336887988099400
438476507156946558357225
364674394223197642582402
625776257576747087800825
413354137698582496137748
363066626230431588233405
663005286777975630787850
946469690833661612036680
458166561337840212030548
665997740746422944879720
509685289977061048838881
563224252838767377311213
442252985099619412721425
303011121544314730775141
555390184000402171528389
462898424686548517165309
542051193165655172629050
320361954208055805882393
420980215522165088216704
552725810520311380035473
214159740785552680172314
470684383220262160034605
569133716286545136004490
578642917166953539488660
413380599813601497072593
622627299023695358082772
615835690893240144198733
574311538072057801944785
620939511142239118128256
351429398656903716974018
867370655678286210138529
581923868355681048269657
480508941267266316475645
537043915306623691929905
266098406878464994513949
277964913355512163997885
478278645580706053769170
189507018527869972374405
552800849859497184088914
366769941761527376852497
515727291170331992058029
359771440212989099763220
483037228343344215193874
670487208735472327047986
409646057185076819045300
538624594024041034352705
450529079674287700019048
670273677594185258880221
313220471610112705529872
358960561112533598370029
219355360024389148063690
349114145508786731884997
277630631352247474375565
564826393846686339932084
494162805066185382272245
764883699209977345660136
660136605151016257073860
496447649873641419370000
302762473134812123011333
556718653194113684519505
776454490723486932110416
748849286086967021020105
663494356293694264312196
580522824053737245242461
624388192254088722790810
425746033970787695343424
819922238423540287038440
761832048572218099631321
607818755777305154381960
341058880532212704335410
718505523941052725932612
583485282586026781147034
397685216037058795820018
705534096025744648734922
473776826242851117176490
650754775982656696908388
304598072773605115399250
280944119215532912159561
438999895901546125138970
659639420475349927012945
324383666636059136213077
410900375445882468263162
728234536757680532350481
277811049955846435829345
604454899616726820632833
231565506744987474657184
540429221260650880829732
706869969147719693588441
330136473166917852478160
267467972041244304555538
550558860620882158893653
234800023706430573751092
274896694434458383972425
390403265348202902794045
560475201025658746390562
198596265758561041957801
436946806378485870387265
650565124784935787215538
371576027429625179906280
696453026928917941793597
770439709797230342979665
762742934150037106575424
268422745968031624991045
441496725509432607172225
412781007957118788768625
510426209194538298214505
738586586705585870938941
513047190488939548789178
805901734960412661361925
291532717311896512168144
252441339682536642079697
365007002707804835141957
811145231195333689268585
659965975245601779962722
384696741391999402690925
462337072813356363797653
393081568388960395281860
333460741651377313947881
241659551975714073226946
352606310476681582928441
171756596531012539830986
549702109689965685977058
467469716315162956000740
121810981223124937284073
349560386159683924317968
372057074285941939650829
819143088861513691045945
394996872183722741989853
497721336615127962663373
418087166961027182000218
727406301816668613722906
349373146824284552609562
773893940559269435396341
817335657540850112934160
698696725839989929748746
571669229489217875886338
308234557638934711925801
292390262005440486114432
588792693544283535237397
411413322175592729542261
517230045349243148355506
568976414100006152243380
355539653131487272383652
577476056514381869820340
328812404585664452398580
596205636405807333442256
700478238652906930985480
425156116951222735904101
457538956408167245142362
456789032908793113266050
440044685597950533797320
788130402971551394102482
725178040460565588490601
452346299485792930332613
522798119618287716246178
380700730478030601395689
633984469421041946902861
680591761998140357015360
633327889806498452418725
671569382873307308953096
476066749418539885984498
594564097449212015259074
521402076185060508103665
365159886890234875359773
462190584613454629538112
645299010849926052976960
557331504048575567243545
450323052217114084865210
701235748913186607054496
636313636331669345470493
577981690667086049541377
506690847946684090302953
344871717230509722386417
625030625342888056887629
751859401264908593930117
502965533439035771589761
579410867827364540815930
343221144554238644379221
535299665603573095915600
188232027596043283113332
461924329136589437257610
939194161535130320543642
677635853525735807429465
287700867914588535646440
1017250596556045773874625
478003029436805710784733
487172591167489142083138
441714823822693713520989
606067837889943711442250
581540091974489980409018
511565538512218151222885
556883489454900223017233
330225253157233939305257
428977469029472514443146
343618698641934950860237
329187874526723149067080
122651314794728134655269
415409487647064099718248
487569093076486991947130
604148820447606809347057
449283969216395424960109
701569408781827521210973
774259061322006994715141
670076565084525881486914
555940724924306393667360
485762197597053203380392
560529101515922249900445
736676806024241044410682
695125952610111735471593
456363340136388086770705
433009625043119144573725
507356362534640407133392
674997170646597086392282
510943081640355242193250
198138968030928200294213
509463761267209644956996
619220004788534186361220
379633168968694559926421
382538035755036271951240
778499709127050088180900
286505116260286987586440
555703215637658078500954
690564704988454184516069
875117427489093575300605
339879865409982222280397
513747254651844798359473
311293779256259298255137
561884703414686683214170
261027858434182867118045
199214728832050029338125
842054538748272253068584
932634815972650630887496
607461976957883461625385
279833581002506632201141
595869711994629531725620
505680322179172395233680
447858549429897254372000
463664175422781746380178
406203593690814383925593
428808641617145531361425
239687323935190146448802
435172002575922103898674
731774780935009995364409
273398844170759983708034
633949835596456964717701
564897407234884175396953
537963776960388929532145
148051887935941016388733
748130843112838789115125
763069778944105991804980
507419640801888272246725
375353849991632895088549
374137875353969711244713
409340366121183536781433
606403295498684385477833
553899158330276619665108
437824387120823103425797
445204660831085286882013
749033578870059574814402
345545236901214334278740
645513442561603934670404
331661673820352865384040
545806569451500841204946
580369213619435254460153
714010805390815293389642
568884568751241571454882
571961832033707240416769
656571469318815114575498
882566608942852523608865
503554835777769403969666
296776177867956789875149
298123881652051851099938
695131275527840135233748
457202480261385789559252
375376104656543195394050
357576451736972201122500
336886932988731765262050
297237037307475034690661
385753327754919373103105
819106221017174983136680
278374093159884365622721
614005095541708382370625
471117046223237729425577
527277493544212708454833
334677329450281752160482
654410467775477489225594
714459277377801731647778
647716356336813240085913
497441439241599771848962
639987368446223110167229
462417416454814872134717
517872846416725141419125
705649960375966728836041
336117767603045751270280
461694577129712084621970
537877025783411246792037
554131742218964525434484
839074251339993358886036
402024293279105340933764
443697930130815355825845
673375538909486058610490
214532006245803246853529
468214950781796995969677
415316960027015515787314
321648925014320974731517
281885624768638365215332
637562512266215574953825
452019249155385685211426
669029546140806172161762
684096304648019548947226
541961734367580240037325
399149965525554107491546
460140313411123739456098
450013650526216490913160
625263165079158787701637
468131990391051390178850
475200900946613047138388
640970353788741230316725
529454074137063333549817
509884445772619166796914
382178658637700001929717
514305907109022119183632
597927429540415051170386
265311442728478516022820
617661810472931199314825
593954739658549176240469
270319586153166497096224
614397088483827174014850
331166720356961966929192
699913851901155352270706
516723476527072754253785
338668386640214784806288
476673244958120463360145
616689307893750081903252
441490201560533605328953
571901507858017285132808
631610037674543961227009
568281876023457741276029
450508061006865756672445
641710715047933081353322
548101075372258345189256
519000458256242759347393
684536901460367807726370
721874847641373486225325
639851926762565063487922
542559566678768129265050
274900608889202527419220
588580657132433068991410
818636620765675501776740
433390529278708784034841
845980188364518630505177
569652666491579871475621
599297151963100042259545
462262099990348190856877
343508450381510181151397
391632046568552197837769
615216529735398681107690
284771131946372250225841
346108256865116044829989
476469193101225054436253
772246138385771360950538
544720897991641787128765
510111575123855967248002
486474551015170735473538
430789958168486134347400
359145103939411204456645
350464377715207123160426
381858038547513918823541
529747051097602045887482
623531290341201760074050
649239774342385881048109
479159035090294845185170
372041572645008074873341
353688356137972580068945
428513596903111605686649
433338659795984934923125
497302522526689533919976
346250340812626963678778
703866739611947034700825
337207804462311609765572
425290217147815003417333
419310513401600526422216
440957456922187886079809
697083707317385722558562
437175573786640095514042
464813974023219922058000
394407746856014311923565
411120007397427077988529
722784852404525350907636
280665810053561356009569
464669468357943712897010
437507197028519792084125
751793331571347612731530
693686909627556648860450
366144717945338726641616
461451170454042472028837
471057511194949584628501
759695337592386943612573
604848142983231611413109
830999035617910390517348
452999640093357659302925
449355451823826013235610
437647441384657762827442
453932148477593220619860
670668373844559328306877
486099880348766849589712
799967457576073865087528
703699462867057064756345
426173578956741540561533
366070819352671266907077
479830606365074519114890
458795363189522892651485
574454822002991198030912
576246902919083164833649
407187141893587968460397
575323448058818547268661
700305579397243258823185
892514369988063580892420
379879480084866597990097
577076237174084654308228
736321000398174731960253
445163944556848426749457
267291809528668426602641
661102053653684933341965
509097764841287645704320
286102962983099099983554
515664027372782057396020
656983986151660273696165
581422380947590056942970
337145076689538595481424
578271000135731000948648
237082219327479453144946
478583900669799819952265
658860691377120516161225
495872517699989106057485
531655597360417604268625
785754791875573940769625
768578908183252423172522
345536108962602695038873
455810377430728388563882
704314092075191349690292
458488663091976475408234
782033518747812320180689
439646773057368187872929
401823494753437121780530
476480157522302811850825
322129469569653803986105
624033676828418601477122
398944109468925422448250
388741966878444773993444
397158698274099925107949
742690192252580224478977
513398905383850377007201
868424353002914018040130
296973619719393327815842
468699100569719857553525
327119647234958781216490
918207271481104531188205
744060247070498732669041
613546883900331129088544
499691747618499634626832
223753295425767124814626
651306763333487501058218
259198821585704165073809
891591496918276230816464
489135867753387082333585
489722952334131259488905
335038541133794731580521
894328421127846143693346
632021863733016889194641
397677529029401368438400
581574671251752522201413
350298537517028190343709
611975259392164194370981
603672695551465805790522
922080280291238822936417
568555186483218726638213
919453126722477921049205
510649803973881919683016
469555929595868074301696
502401471453750517268201
421343716879972452636432
416275617007888956956053
553372038806447981596977
389243372379837969488653
341806978493905627791720
508976548365113173002704
677101391083547825234225
638674561770056684372817
666520036339072394448521
260597281444841606345725
666717948426020037504325
437505761879442455634704
707606789636743595057381
673645133481971078585209
385434787944094938656116
603771811800594651059225
459568505006405940844466
229585691465328652619861
565059333068104049858546
213164524004989737510773
533889591812103527133705
870837402938692242581762
898492692614069315402146
412524634130450731286354
849927440533442413417076
839623017748638512521565
463465087682387066799757
583532507809284600627661
685764502335367429338117
557261805454737366225465
636287968831888893900997
587632542607551377960708
510264268381068011011745
816195250972753136161274
800222635679885728107205
237868199584704227185417
512258148158070350540258
287737195099863968325257
245588927775978036129365
484264977660914373306373
386403143873324667030530
429296137835971811027330
521510308183690934627545
446090710400628924159941
521745866693079993761373
632286655293370878469381
478982751349928040481250
662171280402279183591961
263182622453018106418568
634570728989300158975400
339860338965952278762265
222582131163231690040973
325126965119667905687860
543783503362815852715025
845787094991850070180585
730022485804068751825940
358347256656915050219201
533852278560506800429520
358041349892762406858325
675062151385488400338832
453146184592473041732036
602905605468557748129049
618702957294057511353512
314841108454131629740005
263877176891002636500916
765766624352885539000378
482966347513087312522425
616012739431629983386290
677071099254016181258802
536427693080777534291882
204096230340291711234856
450734998084787619288553
579104477151679273508453
427931927988859355225425
354733880553685764133408
436216973217310235605960
976168830187532077561288
489746551538467645979245
608005184970539780331993
376689118444797608039938
405170052405540322639261
353309233780453334691509
416843890666268999299258
471344392135397985413137
367740557260032269971442
410695300772805253099666
489233578086140364177485
954020906255230333238153
248853141464031528023273
561645892396584973764900
536264196206347791007282
172645500708098402901264
475633460527832666542621
398996653715611078481237
398542140679456411370377
559266018865687089924889
494495178983743773206528
741576980961647950082185
230920972893080801225476
424395526576956472117213
327812614237378179769613
368652555463538608800106
631880862941969688805001
536040780074938651156085
435856025822968076040117
627496466875191180875033
259955596991618193447184
803364986118403947112825
329440312269426747620884
360791617375578267398129
626344406636742377923834
386004579813687665677169
575296957226583034412569
535672188253117577697381
263260683844732534433652
733672053282719453181329
498444717610400955927688
587930764379218632259297
913222603879476109720925
372339147492141572256098
452918339723512800067369
522723113508529599976397
318876547605501232541525
210351741268584221299472
712952096687193017767306
469455035681311632578165
748612147002372854642250
349179557364072366227865
438996362157650147255450
502095101327652769015252
508375455936975148141693
485764341147647539546034
364408985458612076044628
300985573942105553722205
464278166637888891495946
556881246478875206446010
573361125553047214856785
742613367475831115959066
639061229797684433175825
623922155106163280886317
335457524719970797899060
730020097558593279708260
287335333563428931572573
882618947747582492173492
252572776562670206081301
652107285022572706798877
592929713961446511312308
384933894466231996710932
327322252393357210533626
578425485882021537903146
476922904591963800368290
623053272094835573831346
488768407031172245568266
407716467382618656232756
492368224741882383949730
566036923580160201294500
446897505013708337066498
