32507285
90898025
36076517
50244298
55091698
50709760
65546730
43609162
52338250
65876872
42729097
55465285
67160365
66821365
38132081
47403226
50056417
83183977
52474141
24623626
47313748
92168037
40390085
53799266
71676938
74585396
41732308
49772997
44438665
65771476
49029181
31230109
26132850
51856337
81579665
58213844
61020765
46035380
48747472
60579185
60304400
28392885
51301505
53076637
34231712
70182436
57252793
48472570
39031637
45001493
57794500
62072309
27672905
61848693
53454697
59205896
42128788
38461085
56223757
40238890
36844042
40694548
58242673
75866801
33585305
67482689
66570905
34022068
55393618
35272154
45836165
78528484
20000720
57455060
67295749
47483801
73214800
36095720
84673604
68299060
53876260
66939905
76379365
43403465
47914292
25585040
28764725
43598600
66231556
65207104
60042105
57779332
46636874
52474234
67482698
63807220
39355969
33638093
30946120
20121128
33558500
42801901
50760328
90551673
90567562
87598017
60574466
52515482
61794242
53066609
43223821
81055066
55233509
56353553
39859945
54851210
71903281
46500565
46640173
34871426
39827989
72358717
16402212
40964372
61201450
40726186
73008065
36492469
21233053
68505749
68176456
65129609
70943380
54828674
36142210
51140186
58269608
21705525
63161865
71178165
33763258
31133786
67545701
56355170
29233705
16523172
57387205
58706568
33907277
42342365
46136061
66382037
35296132
67796585
62376500
52497217
28288385
31846469
72913661
48791453
69609677
64009489
30752650
68998541
39669032
39904049
28886728
96119725
56916800
12174893
27115317
66490580
46124585
89202592
49809645
34230920
32077601
74830285
26758010
29811482
68909033
89864125
33787730
54576581
35464169
33861557
40338658
36130349
85951925
78419097
61162408
71576882
38467189
64443850
38446729
51237386
11687029
60815437
73633877
51514010
89879954
48312277
48718088
59648900
71146973
41410640
41023300
75370157
94674125
41157448
63381389
79915816
41070740
42899130
69152485
69656705
33229402
78455272
47331817
49171657
38590880
62114330
38189770
80012404
42991385
58846082
54199769
72270500
57114010
73445137
29235284
73471346
48194273
57393410
32321908
33452173
46625617
47937994
57902436
53670865
69093245
18858733
35612386
25759981
70360264
64763018
46184338
38646001
76104482
77231360
56495125
49840849
64128465
25406258
30743973
41116109
45583364
80972125
70793557
61399793
74678346
80701865
45646241
43450810
12907834
56638746
31752565
42555465
36906689
45901426
55529860
26572946
33970985
41899664
57769189
51867362
90178065
48357557
36030800
54576509
56552669
28226024
68859729
46865416
71739065
36813352
32106625
76383970
40961453
75861857
50427189
30368666
45899845
28896785
80731085
52973050
54433490
27587033
65908525
73540937
64804450
47789288
61339081
52655605
30047362
36309473
37099197
23449225
41207696
80677658
66537040
35916138
59041424
23158666
59787257
34812050
50831666
84387217
29114605
39970600
61485649
40578184
79217218
60071481
33976016
36362196
78071810
37187908
44981554
41737337
57054245
43737256
71133637
48528884
58259482
93203941
37522930
50060776
39252872
35341165
46175149
58607842
44934245
77232010
59534500
78087578
46349762
58104386
62750857
42497041
56655353
62028576
83017426
19880122
49004345
35132480
79191824
76213096
61590404
59224681
74584613
64932053
43002338
26033360
52771613
34577225
66736160
49029858
70264373
48984329
82032553
51871945
27591485
53009045
53698184
51234905
32518345
59033204
44818141
61390705
29341930
50836298
14726480
65561114
58548841
56174788
40150105
33464689
37672324
63863050
64028456
48735322
56317853
92243105
41148013
58417538
73196800
74289442
81361096
57121056
47480805
28518865
54347242
37970941
46745716
62153876
56736776
61268530
52995713
13172426
44476516
68111784
59991074
36348884
72796705
53623930
36617828
43658114
54041338
53646696
54477189
42217897
76103680
51483140
62680545
61264298
62410618
51368265
24066250
29643233
60236930
25048469
101156954
57310565
50261690
60218845
58810165
60429562
66023425
62457233
33812578
43576900
32088500
21051025
51814594
75648317
56112889
32415041
68669956
40498362
56855888
77352277
24418298
53253617
70940525
48068402
71824705
60459722
35468465
79002625
60190897
36924805
23910020
63256106
56984621
56578730
63439298
55384265
56462589
53344394
41561585
35240065
85422433
30043333
68220506
55622957
54655794
40715501
73202884
59128136
75716002
70354993
43569104
41374436
67391249
75088165
43833949
44403145
37493037
44618353
71704121
52938073
57112724
39077933
44035290
83229925
77477650
73178017
48632389
75641722
43638400
52705610
94379525
61882705
46845053
60933557
40266137
82541444
31804250
31250729
47864384
36646804
57949520
46128196
45237114
60305065
47175565
71123933
36979930
62461289
37580660
11773138
33306721
42501105
53312425
37521025
59005946
51737300
34726976
100141600
66876797
58924385
83170673
76820605
65576025
81895816
22416641
83052225
40459941
58068333
51372877
22694036
51144169
40670837
46458529
40457925
57513284
44178930
41855348
73456241
46276465
46654394
53701929
97642145
51265105
43961161
44880016
60655010
92083445
54513301
38378698
49302349
87819940
43781828
68975633
46131930
24919002
52276765
66499817
88189489
75612645
45760178
41311376
76419540
74417242
53380808
46413005
41373524
70828381
33371650
59884490
64376546
65152705
87898025
46843465
48421060
65070605
45184642
76099880
32593601
71550337
50635010
51345981
69595577
25636706
59962986
80519312
45864980
62586049
46192340
43743917
38492945
34568525
51027850
77788514
30483784
31885120
60395805
49131298
68507865
47837017
42909553
94840516
58928945
38879873
37950250
65719586
91382833
61852745
17671693
50757701
70197917
60415442
51074757
65946978
58628401
66641768
73078274
79449661
45150545
52477085
63192589
69599770
53201905
68995316
60567229
55348820
50943797
54491476
53172036
21428840
70131101
83745961
24761600
74605064
87954709
43558929
49516085
38742434
78869861
53993149
48772256
68618980
69746533
41675045
46334033
21247749
55291604
49193365
67746485
65412973
60808666
43460770
27825233
51488288
90601706
