3075193124
7526172690
4960512698
5830626274
7933782665
1055900530
5768140165
4362129265
2238020000
4202425845
6192723857
2776517866
3629697256
2754025033
6597821317
3625534345
3979086761
4636733026
6944860260
6723235300
3349477412
8624270132
3230231017
7228785314
6463035533
4999574201
4475545777
7318361930
4078322329
2851228612
3406628468
5244256525
5286414506
5071200929
2390857984
5809550760
4288067141
2148761576
7303006210
3482633252
7482630205
5049164237
4788278618
5360635025
1648958009
1978564757
5682727010
3796010578
2822772548
6918949426
7339595537
5249006989
1849500085
7401378266
6055846765
5686409536
3562816392
2680082516
2881356865
5926320581
3224925700
8582491025
4392966041
3311602618
3985391785
5324423273
4882242053
3571000784
5520232537
4225021705
4086326322
7758570437
5655149252
3505817173
2552285146
7794746536
1937758201
5498832265
4429104962
4715721650
5445625706
4332731540
4039749061
6866450937
4647439309
3142797074
5727705352
4590079650
7124512525
2407790250
5222919938
3025065992
8598192292
7047064400
8005851880
1737480673
4415001128
7888700570
5968394420
5191059653
5599889794
2959576580
5990856325
5344340105
7551921737
3302638061
6559937213
3731868325
2799239204
7647847056
6817043572
5773492289
7040361800
3901484277
5728775396
3081835858
4526391389
5608929952
3764530466
5875897133
3453838114
4013242969
4073479513
4971349493
4999743080
7400942741
9118410064
8870246825
6070266413
6170361185
6725814677
8474763625
3645546538
4566859625
6590574484
4316402114
1657900066
4626512761
4445579801
5233051525
3789795866
2264229877
7174089522
2453737617
5035558138
5617891865
5052174053
2946832101
7336805921
2535416245
6994805009
5671873220
1540831793
4894260893
3212601353
5309629642
4091158930
4070295250
4753026770
3330643865
4339426640
4906996112
6321356226
4482737785
1573374032
4915974856
3565451458
3063631042
4252320341
4450980157
3260288977
6212886037
4002500000
8220680981
4453234249
4792274969
4533865213
2322813121
3448557125
4288750925
6325499249
4333338305
5534611490
5974963306
6207444820
4033047434
4600455205
3084341845
4449744580
6257908330
1926259065
4242699793
8943081197
3891804849
4600009261
5862787729
3429375021
9421832810
5987983824
2948739634
5944145146
5401388852
3727247225
1877506313
5548277033
4641684793
4968546713
7008418957
5782975976
2881502993
2952565081
3633371413
3767316346
5174735913
4629048436
5305303445
2350846525
6379600714
6219250722
7318046885
4647086793
2421957924
4509794917
3479444281
2766026353
5886332801
5595769972
5936162404
8637177924
2401609073
5026078609
4029816682
5139220628
4575496448
2963792497
4703871989
4104754114
4636411034
5572819946
3640929725
6342684818
9550053586
5176551825
4136767562
6094727725
2635697770
4914066114
4183008530
6187803269
5701816052
8889433858
7609832793
5368184872
1938053745
5382091690
1573207528
6227959130
3976451476
4060785616
4863826370
3836209745
3823671122
7506658384
7257475485
6734904992
6162275633
9752131688
7655647141
9328412194
7027280705
6860938789
4467393450
5004322525
4669661405
4353185306
4445841348
5541073282
3905377273
4607688541
4559673512
3622980473
4044713810
4758084605
4357794010
5897446837
5713749389
4480111873
4257562842
7392639952
5401880573
4404313341
4081008425
2047635685
4742782544
8907758480
6156667241
4867819348
4530424210
5047921314
4434985145
4070622125
3610671301
2112577300
5578566237
2594296445
4953263225
5826224450
2697461617
3696128488
5970379169
5953957802
5935468570
9240383261
4793327690
5580267604
5451056725
6649290729
5885932410
6595009265
4688763770
2996416980
6100687970
7742463952
3222085193
2216261317
4839543538
2514039145
3487876025
4410810090
5246562490
7556827441
5604642197
9178121762
7958410109
2879832709
7331710244
6911148250
7208430568
4721812985
6504851124
5958148948
3734154125
6353886493
4915838021
2627877925
1664436605
4400319780
1989291665
3417294905
3231137680
3018794522
7048505700
7938340954
3819382045
3713954506
4453164217
5174754320
4531379450
4204750381
4863332450
3199509512
6478214472
6572841476
3016965610
5904101221
8035149373
1940233093
3092683625
5558868520
6536441713
4745180789
5730731305
4012671449
6500235821
5428515817
3508974290
6512196865
5180478778
2464887125
3521836980
5139361600
5645198612
3620363636
3552803522
4275332356
2858066289
6225150914
5075454017
7098662600
3924503882
4976620930
5766545065
6424043357
4086825940
4489114282
7034740362
3965977346
4139419528
6517632500
5455959925
3411489133
6516036202
4975380040
6248062321
2211549377
4445110613
3576910850
5100770441
5843674472
8048850884
2609641817
5842570532
7772789072
6255372065
7841237620
3353316210
3899423522
3929010853
4471318850
5852902378
6741161890
4100673770
3700724186
6364841600
8410331408
5672209981
4957220420
5872569453
5610645170
7147953713
5553066653
4249353233
5818864757
3376060065
4932197332
3394417329
3679491985
4020848105
5219276624
5391739481
7456471240
3674586932
3919822425
5571626189
5000639330
3409347856
6485886581
2562417409
6523909393
3953914724
6508725829
3801901229
4968740250
3703219108
3870325693
5846964346
3765273284
3676439938
6948678361
5306188930
6726905090
6848121026
1668612833
3533458685
7705909181
6400521410
6677811520
4136932969
1973280770
4764267034
2917812833
6987760397
5636339669
4239032584
8193784225
4407454565
5516868853
7380542665
6938202010
5028378389
2895949645
1991443810
7476812960
4632017162
5614023002
5159740469
5519173300
3997450580
7262883125
2578570137
5821948962
5967674269
5415086045
6429693429
2174063850
7189464946
4652484977
4287462760
4330401025
1373686906
2417120690
2097510565
1526648597
6453326240
4969928848
4310130730
4445151364
3436866738
8041599684
4496581197
5506886845
4523353965
5556475845
9341676650
3984161081
3731470393
3177039881
7076595338
4520135504
4752215273
7545120365
2305570834
5516810938
5071501917
4519796485
6495822097
6508560601
5254232453
3751858093
7104016593
8194325200
4828936328
7494282077
5419832500
5891146362
4522252324
5822606500
4946460434
2122308640
8107697925
6413331829
4000509344
7461489997
5070958154
3436110820
4850200818
6279416397
5883747210
4941101524
4594447994
5372507552
6712867690
6746884901
7019607620
4569453810
8892753754
4334858026
2955433465
5640315200
6352161842
5143179249
2712778874
3388054097
3638793700
4110973745
4176556442
4719410692
5074034290
3662693864
5809835525
5731666504
5008966745
3519464266
2846083121
8623563530
2124487610
2402516385
4081876457
2777145562
2303755450
3274450856
3651374740
7659812565
5619786577
3767799505
5849732129
5582950594
4680656581
4702403848
5089010642
3205061476
5086450010
2015840249
6957888676
5939178997
3924669776
4662949253
6993512360
5529689442
7447343465
7488541796
5633804093
4506108680
6403002824
8131516461
6272121785
7724323250
1866746482
6408112093
5973405584
6754489460
7687044880
6407508365
7611213994
3755481700
4943096237
6079203530
2764534882
4184791613
2375675613
6115638853
2715820884
5692427525
6289130178
6499840064
6146095913
3402463012
6180043700
8423495210
8194717130
4156495505
4836948025
4015660576
6503880884
4801328962
4991886761
4835921332
4740855365
7389993937
7146623233
6192186740
5593673380
6266293025
5724752722
6621660125
3805528997
6283503229
6348632084
3310857706
7173034570
4220452081
8179715305
5407675040
4572895552
4643844881
3425525258
6215221753
1741515073
4034012404
7156419001
6937822820
4257715145
5342185813
4629663457
6459317200
5171102021
