520786783395993324631265
385874327568341063724737
756425037332221565371202
1072801705146274196390194
389332685495795710079258
686363503542348239021545
550792995002434130503265
767303262552062207904650
555390420713681366778970
381584921292899921703465
676983277284691116171074
366291820649477666049184
867910400427710287711490
549842238488360614838400
530081549961814980135477
731609436250256678507929
744726282198168281992450
499740799282934765803168
911439635366891364500293
334093699586042159008061
472205982656575816847524
557905978373077919570248
516302171425733255795700
628344515401710414166337
520339156350607465638805
594917385769263835645433
552083286039654316664009
886659437801485848275624
713688740836398258038388
905985468836075733453325
686079997885235729998729
695395831842897845549474
486426009076388841802522
322581317156983003944505
501332165731581492328033
557400424243759919436645
533025417393475481115792
340287931980130461853685
308710330070457212722133
467890441108617770749397
482525414527438969340816
946216437442751588288528
786975385358867117962381
880312648756594082322674
605646134412147669974162
823118398689404873864290
1045044704237790737046745
706725384647051688725960
560847739782815078435956
881941904207245187367521
354828129165241326514225
815128910230910889588061
441424213512426697195409
397943865667539946468804
539065074693637185332866
777382989824416079513065
798056025753062942117640
338010768952044423312026
613132300050521204353329
972295481478524251326308
559389178619510555312065
562618933926519611262745
729015500653654765831540
522228662688145998565700
491539372512741613493108
782027383623539232921380
804980616762645895469456
579560001819256633059268
848715397238056425274445
1014605422919945188517565
422151539144503488905362
312899531746387973982530
420866779963448209001953
734793928269443349259156
773256747517429966269757
810656415204012285187402
600982845852848051005661
844023247071481551350932
361703378102109298965450
848794145451088992604378
757619004281695563018500
585266039616068485327568
755560829820900663598690
645658005801518463535505
689889541132519127838973
779628921451516274841657
503998359778710631200925
462339621561623773496777
767941993564697342590984
577369369506276356531762
327576595079702381950836
341716973397171385382613
560445924610957301915413
550617133534281239078986
887692471785777776130137
754689307518128533473369
618328713281539133265489
613167791215673182232489
408234237077001021969330
460579329706851584716258
917065947081120555250225
724313796262037432327045
761899924547504474749385
619994570669493503438041
297028914383472339603860
416365433511854720424922
926632992317297381382141
689700576635644950426893
1034740028564188731187597
620716388909732437008485
504250257688528685991077
347041762006993081971381
714094213497344719778349
753727071304128010209545
444377473011689323270469
590246607600046657494018
283129255870860844203001
753424453190405329081186
212502274698147076467656
626045091556543773334573
776220585690707707194677
399976694085148853050637
322545863703592606415348
957023764765543817456740
711986267006337284619697
683520529189737436655517
316619432602835581246050
680605081452100347777250
708126091798344335412745
630301049683098661859953
669720966650355529316996
358031380801475083469482
628494083618239114058917
826835197432302646898050
550037678287848259448221
995040959634488588643666
741045467286425700027194
349625040461943727167413
407143094549222740097845
734263819956741623157076
666076097898205869765421
316098632273328102119498
418878934865947824470066
422048330602927379590388
606656658261182278310074
298593234694833984160580
978841744922356855356581
796066029877469337558725
594450802357998322722565
367331644006297868861042
461653560741762408783429
725213657785324845249493
771844553386117420226420
816045474559458117620237
836388438212427270302842
394621274002282976900381
956346578475720625369514
515056835393512992747250
685153037129956882090922
539378530327054506650722
891498130024784548121285
859256299175024703022001
601148893042331642407778
593807246341012866590608
538806822419650257448225
404352464681862793503706
575317634169639849619777
418638887581030723276949
637379338280798565504260
325837561625049590617826
654469928770584925275421
584872355850945035333266
477292949909431470665321
432119976466499899062992
668152481989593554676385
756643733410238316452885
914527678470241505368784
318348887454619775878573
548393637130699201831210
589180406120235057094226
675321042523995183089893
525407009725644302732264
889826211577259085263810
546312509050735908691769
244879502790710864969314
444170453237455896517185
602927230761479095852697
519699847685812610739325
585110884494415553641250
655249178369269495527300
551127665296614601465236
469354449537382422973090
640042152921898195392801
631123793964504180807066
406068256572383943931797
575887003570469010091477
655257961335068462787890
669223172716423318622138
440175504105657719384810
700169798857435692107365
312202400342499211537220
502756174589715772742249
390761386014003370781573
207137322120332929054417
492908431590557252994709
393526558134119118466242
512223586913063293880305
898413791899256623137524
366224755070155713339089
692749868364191163484213
993077644254763400893090
676010252537053668888505
598688359708736660559601
669386669239048223235785
705385031389581447323429
1054569536745504777732565
589894811428142711609768
513029442880609428579460
634131353469233357429794
639141243980219815563986
391210842530796715746337
687684980076558362104640
477393974065788463768465
768595153637726806397274
528535367106993423720041
459853788627420551388650
394559609507038347725725
370140496351621075791530
723073224437886215495473
650581208113491022978576
193745162276170611338817
498448440182801504146210
848024852677838753907953
517155558055008939755572
624043294151813026849405
448805721111502295879957
566816249182757194011625
696110921661045745456029
516130543253136250423082
265071883559062975339061
499390856069243427382769
704292245014859849248010
699475550607376461684884
420847523871313108180936
669865788673777460912498
538308847220263224723578
472324329206721531170788
762328232986080988276253
499390194731023241506517
527255692930689622944040
593134562617445565894690
411283793497049268956741
569214464627641645129921
499073823515451890430932
515013371997587709364340
656648056339066120928072
305798950703592966176969
306667501608683902025236
693478277986772571400130
575015426960540888855525
249994226847649000780264
403832260967213305808450
495974371533364284926077
390101688489240648155716
677716131591239451441146
469635193890816586254981
380134816549765507819773
399144258914533860729305
387764457559693973369224
468205292624152428981385
415191936283212888709589
372159355704684714121480
417774633017632979616265
1072401108991180566780682
478627060399925138117378
671802236030645029579805
475691053078307132688305
857913060774132511853125
410192150212487194499984
1030084716138359217526978
540769384333567844187709
492832327774129581167620
643884492656333305669489
531815923259107967250425
486246692013262790628005
228700054031703876511513
747193160317060189401248
571090312389139500402241
327418955827495895738714
363715338673666854305125
365242284249229531657465
575803435691827138005586
490515770841319086751585
252847776594617870090017
791795965885290029303138
852479233164523651560809
418101804915838476083113
1065355860653202234934010
570199692166349455280768
625349053889689131848506
521467817407371839967944
507965521320958718025713
399319840882993572191245
747228191721248494604986
561062134058707813280522
427751919687132824773876
1054258638240063204227821
770939160597054724040708
1078380059300653065145396
527314076124712696848794
486460994279004809821485
607847690090043010500953
520516825463361742903274
435635758220895406987985
740337768051328541230469
348010290442230487872016
712141367105125134055112
721772853550544332683185
603445848990047858551844
184188654255156809444917
661009963307494233363712
425186807870983044260965
628797929579212234845049
496144144443103565134645
775632859158772069214152
381285056323792562106061
321440628412000893789029
858046986104918919540026
430858018630229845180685
374540431615571613863125
239474078758120547979917
768942779858531002414769
299586701452215449528449
461316914354353875086309
631041189095542620531617
321889902393688634744450
351839736213257912574770
438662915879226168536082
451348349168255582461114
485900107043203112394600
851340313472513340398477
423878538652599532206920
477447658738209354495145
326849608517328495892616
747971860478142994654745
873135106130471315593897
509248143362479864491216
688238919146975015172905
431998125261030116803045
689921717009384736149261
537572442451011779913377
321913358544076266385780
602458616073778023107381
580493116028472360890900
829703075702052244546450
915845857735770323441192
505337991941120543480626
383753404976529742914464
165243948556426416172525
876305973050750687870032
835366785682228605552680
686550853270109015796186
852083399667606324885721
471369677718057443406049
543622114257805200028177
544801774073245374084929
555739162406416994490277
721333330960132303341416
450359818916943402162664
976531549236858358235330
509129347800107410494352
393144598815108099494386
495892214925739907248378
790439225113762356633898
441072614284903873182125
716192911768812264323641
859774748457751744131476
421782813526693152935746
472584983951259147734570
489069612027120098402536
515191737236942740177517
520928966189399220558274
151729988157892179977905
760672353688029138857800
508920944703745521956506
240427935991895317266770
567283364405271144769552
700720557672511258085050
697330536633593087792165
768253263769529728227556
424000046243766601800820
551283026385067147055898
782449294264268983117573
608869938457512761655730
361406298965101105919069
508373655162479441343346
627859757607893848053322
1019839639928810885606314
871344452857125059209025
257989824601557226873909
697500716453176278359225
780956727651012073144058
561869222185065871757393
613330463925535641147668
905275688489830792540069
968278640047188207425437
680947875532716407751258
549676682477654003137981
870601015646387749820776
483382408091969306710369
668926451863702447654045
909729172266814800091085
613708693304881747671610
582069003473607220491908
569455976872698823959266
437958087856630923270772
354124947392592395207201
874745183658464633030317
749478420528173668247210
537254729288068087708810
614814003269536942223428
647629917912694292929810
545610494678676022030465
519630201688625187244162
503911281363475200019636
571168895086381247338610
731198258192591372273786
483434807618089890104680
402738498546861515259008
589447083929289434580100
539452451809422597009925
585743959025045585443433
548905937523421658613661
354096395583356916898601
770561778654110134983541
685150092457043060736925
601054863549564060615949
727119749628401763733733
612246110690621083729860
339053272470130487427364
588747596467851406973986
339042753568789139018084
542675596064087222305321
873518833180451726862289
726293021974971032282842
409914925045420994561844
938077244291955877129025
450659069431441261504969
494270640441865581576362
682002429535747947828605
500508129028978637433505
935877874410523071839421
962332505426471136754381
686582862388244309317505
562625884721812079902253
609157664929714629913357
858382186526147908273625
940891485896600023033114
567569734815068851550074
452168520584462602331821
776340903988782036309992
1010159455877048231941133
743262561471357243765124
673947166604815502179541
444996792360287483480177
249227905387823604003649
663476669414584682097553
445455367697599849841236
534588619673557233236785
461332659261908316532000
634514829608455622907833
802418127036899321459426
477831119066999925771101
303554858170256663043125
795094858777186639792564
600704023620376586154109
502848450453144322929296
308023813813427630625640
602808672102547565025253
643896174461045271085161
818303996594966360491681
758530864404711069965716
621387130089532748338861
499688920580715598094993
304252757860604896758865
380455000506296416423673
726657017353644333295305
208299882950311479982946
481593599444682327590186
775220016210606091011925
372427795948627770353685
577870933224767277435200
745811621038480565870410
959345896277516552312170
560779631671841082183545
637931598763738375195489
616131002081128808002050
454077142529587731470641
523033681524651475308941
460027321425975578963617
499109445736489474832569
593460477757131879702196
457188738091825495244450
724183506443815688867972
754107670753476795026701
535780124374153038601402
867623475340215966595325
828976841178067809972722
417625084062289270173397
526008810059470880717672
800976357855172020297248
618872583107956675107661
724469502989371470336781
399197982356086289697269
507957061827613908623220
563104183816086494827130
290748897158931574812377
566582652693174011547249
906353258031179226331321
570378493442578737182760
735660436165400670370297
407896169296392905990216
835536895213708383954065
842088484866634357826249
880780749735619873721165
597584703830199642109508
621963749511117133371604
829079120380864549958073
687149997418088075377025
287681886217960257275402
881742200228839137081785
499035516409583354167585
561439912647670298136596
381197393482066478454397
666518144190485323857377
316577448552961862381089
446788793827811297828025
1063545150031431364486985
677559931933267094903794
717957871131367847369701
607877437063119090042704
651268293042373990755929
536182479781525670523953
395167871894716090038500
375447699675495742389989
406988725768224578360309
633289380837212214002557
339785884855804593697933
850040080889132207920333
461436568935881672074041
508968877006658900473181
306626821988504064445760
593081832183461429365008
613324160121688572780745
573620865025128140970521
412317066021726292646480
491778415812200133432029
578092637197494559327354
300237275791596958242724
453707234828309086221402
496414759046931635902765
472974695357621599321253
511714640822660158104349
728317198825678475344073
614658286383056552266453
370436517059197045899490
779740632584735267958544
535223499762463637712210
689331387558979447307293
602515959821313298716682
476399388766986261423505
697029525623758946853425
693229202057230958082977
435937009901505806189693
841347973793129025423752
694986094668799080728285
810967814771028018895229
814752466663785169347412
679725446274851433479905
330904325952243808035877
245091217063271585992945
496755333386144897476690
801601851956579992888720
387027537090109791496840
188790611901598179415466
795740799337987439149481
669352452916558801853768
640055064463491991894970
534737079379299689239321
546640229242294074624676
525482304866807353163377
561126021771617351881330
626388277291990680548197
571980183761346956380017
644061491186905929246245
628755532245551104110721
480258485770887354666265
797819575287106435486865
471945855597456346021864
541340582903483335821589
753092897532452057936354
334535304382081962979076
537645333262645699984400
956366026182833525412421
827628518115406414230785
904949322481467733788765
1002484334109253209260681
425312932164064147678865
287381163146612728410845
632578483816936435298036
789866104688027273432605
495950846945524337461220
766731120357645443966389
646159152858004685827525
624951340891788541228501
819605834425235002933801
495204623219201648865529
518427228184102225014944
537594065211831279737192
526768758173920802977568
456081886036385953510205
470247742268065517393690
340457705710222327167601
567465356448291784469850
499943516294031527700133
319043333564344149284389
830757377299048859372621
553807462987617402077165
536734628832728457478474
510420615302368964406394
517031565013132054466165
662117830578703757165000
655704382060013978459890
675563995476057279604256
513990542809114263462169
544669918183381197524725
563947802201112078186713
680477775124262728546273
570810464961796002825160
855100640051089989928618
708638415572368577622145
506328380255879849361658
566133223650524216027645
678937401291637428087269
143790612269981578626688
888540901053506875384712
457470345269936726266810
689188784940100824620288
593277754586563780582868
767073149320168184868349
697209845260416926702265
758809582737816082117705
545076696570217546052645
490684341039307317348904
850978154405522368356196
790238485608789765252685
1076682005610423419666329
985868961808524285738980
352883821298961402719669
505459981124498115339125
911756340625199203814965
722614209665848133571730
