547089012302776995399597
583874885294145144405185
182443860839230435063208
524724199759429200834221
635036160958618461912773
732567933184892247313444
622959790726218655191248
330872414298671573146690
485310291187208850929285
369326190231839263683485
667536361063059962877586
648409702069399175862325
661520409610321206847573
586271030387692726868980
500587143567713711453925
649100847804957391753125
696939228040201884848345
366715007729271380258564
453679809190900969536416
616893157933909606256162
632045086030200256451314
484598125042550376541434
513136158822385114300433
957738933975554978429789
580494946795578660264341
599389667604500947108562
649488785375779752294756
891532216837395125048180
500774790929449878083185
157463378002784389439570
529609941929294528694433
872299294384805315427626
518173541885690201678144
552201449824104724321042
950537416809953583321157
650782134331090532070352
760504048670211642858433
384645912342353210616745
591330782701455722325700
243678736722415658183908
942380522389822199017897
744842369815812021000241
443446434400654098824224
350700419499289626166313
464107811703347789748922
650469734487980287346660
567600866335164776638082
536443571303093820325669
671403688235726913054580
791023945701516098969545
735059632261932182350249
796579561770046827479621
773105993001757042092889
436662298641571342297416
789116112835848680189162
389756132032928859741960
449010285949302474086365
578594458888673306342260
189109478423722659855424
389946023107030532526506
1037135131733739454532309
738445521384536618846180
489755734148320477019810
641079962230620417694429
499385793158490801606425
490373334427863337383176
564727407733534162656941
383241227622229998838625
688540199855009651124037
279222384043761181002226
692263966815948069972584
1071071790965741408654914
865993132471826842449649
478224008412175347690817
604472101234642906330666
833563115912805983319385
686873540645420815299860
662466175003790573789290
563402762804923497339673
590668553989655096636993
639377155624530958072789
533881667893058530770041
573236011364300918012117
474217648767833023428401
395829282659347211331829
609980874179134469028173
535738538600565090088805
604171538933607758809225
378728222075862678535466
619513458489779776097858
554487650973990360751730
343572279175391465118802
416912080291596888666282
639453882719624567556329
720230336371478424297992
566822019196197460832418
508278072482261308633925
734768973044493222311624
785093500442070819253162
806602617725693044760489
730237389642087451639604
415841345737535306339330
541832278236261845597890
215805561225972118137041
642631623065464744223785
780668560699149572131145
608595156876679396169125
447038174252052168780002
678773044708772250728493
713931313777060872321800
818957665871355800809053
538140534188803832267657
578199746495982101791130
820283646511704954088340
961202836645729364261042
621841428895588268705725
890257558865651102432881
834579007856676940636753
809493116221978859225813
644006686929757823960626
791690452590194189874466
427982356167893342126029
580061266474979391736705
180397097924812869505960
561776478185862149403168
624255567783080126750357
800536297579480675230170
256819032479103824298244
867938577130128535628048
582463000100950398405989
737255112449620997890517
533540326028387697766004
558060734636778014005405
345124774140528148749005
434062827151517089370989
802168655738928944765905
1075260956259306259309698
240886024994334493772393
404016427515100804785154
603117309443923827694177
449981240680519117433757
745813698652180512268709
684059899274279227790569
450955948626467955110954
471379303675611388941237
634019462389143528563268
1002087051487347314633248
340126768018096356623765
440410051924892017996064
920408446168291175527485
570420544694695769855348
723172316920730660451989
756821320581523373697665
426441498476258173406452
331301431636595028584501
615651179923161146523380
791701189128959363942761
477027357498811147244296
701014230789534071224825
393266939400730599451306
376352047825493488021629
249261227924839893864020
825968149027750634455386
644679695273452955262485
479227633967067949273129
623342579470723549109704
219710923968253677649313
514162883131589334809657
923645586342232951573428
962669013554319573137192
668170810911869819064685
894048649977860971099945
719365009200657996787901
651735633877277012062394
512377616087599688794825
793369855005748680999538
202977252119625186543290
853261034205969827477800
760840906981321939673365
723622551097550638932989
515319502148982288315664
182969886227564505087364
759719268652141186215410
414005596451904795995905
682611885522810437240128
538823813411286492597220
209037756405466308931453
882076037678048005502130
800214980058940789401461
947279124020458978379680
503266516389398022452410
927817442378132793358356
246450383203539665082437
461937889490590086627794
688142179152384992112005
389889049765559719464937
255277111623738613326565
587955622510770522145160
594103078021318403133965
776370742145651397155234
535310728308639301929385
1023832570239412309150388
464736777415628569423353
509263294089764651648121
570563971784689424652333
770788874011524762172672
945037584954898614355357
461306463103107631970064
476114604302098804703392
814850936471202637657248
295988371420512297225394
457214410067657756587840
153432437153527312425290
371023356036042800471680
371209298835925950395194
649244075808379695810202
548034761907499193154722
591117892693143098998325
605353642532884864391877
321872870976991009612164
716521773958678064365721
597475218518572402560170
683131015509512455904533
775035419829851728074545
400664155908533469484577
582515577768201368934442
792693316404470615426981
324199055276399808328612
437891370723898147170610
747006894521403319280269
758003251036031701398301
209395271616947765368389
435236932231802488226356
484357195639247916669929
625147478855524588678280
938194277555605165194025
521714524272766364925554
567009652031651076807113
844372686229081448599082
705411339978778048775080
430089816378636194521789
432479720117559999949840
664770275043140148686114
656780431451532053516370
704826879013338689195485
714961593132258032229617
689207260723216041328272
475846374564728743626893
497459801442616626465380
556118922434485190191145
412139668993257102684176
574102799378061828104101
694577253137932624193540
747866640299839501709129
917989033296699299924546
255616495271493765182660
358194867314817440563130
782152646843167642700722
486721162439694928331098
608031439711352848949914
550750830148148199327841
751634892090055217759393
560027137460772247148077
399945420858431503096596
692385247886238708818020
503199140002072977526361
397694135724385548346425
616723560868696585486708
792494351170785296110274
495487550484547137448061
709321298308559942416685
167675431224106514056010
878720093801709871365000
560672979435694396780778
500700592946442840467841
402308258781693002517146
562592706666924813320162
536985130908914122393701
448743373353694317664660
957656969939484067511140
298182577942879325175905
545512871420256575726137
704350900137067161395920
704274952277270682554130
505215031268801957045450
326823899090333846107945
803381266544122559933860
1091044529187027014810197
283786333383991921805317
739634446206975858508917
477336352181123333568394
497958189642261614435528
454278701921022895580245
391521171133924974917525
560566742140609328922850
635384376635627485961029
594490608607375710301234
940141490869640079948761
402419997455823581901701
473379548533201144212932
224770027657123673188650
593845920570989754586421
810212902206136754674850
767251628666739460671517
639141557519192919963922
685425247826309595085345
839716482167515309507394
896467233600380712262617
792386852167664429892529
583789725769355706619313
295597539961869845703121
445544555055866368936013
213591731066028031683157
543042510512102199953434
458308062930811697051306
1112961828771812977485677
715409269886470561137621
1071627571103795837333330
647563911755693159708125
542642373522289491481250
215754414292788921739169
826612220663237953481818
379967140201277198355112
775525037388544826539460
485334509107539514674697
577975310788140285181741
553758210103731321331025
428788676210247938008685
548611590052792269843178
605185614498938868267034
227202849517810421284250
692440273334809062300113
374625844191465275670853
434882764063958159337985
338770622192034587000850
371139824603640943561936
454660049648387647700324
237573543748223519731954
814622251711672129851530
501648529318271183790376
538654081563585065952965
399711901657513672131985
581147018059950350010349
530923034374302923717234
664096188050120490640105
457822256851510693376545
353254479045683800302925
414054006527188582654705
680818967842817509953028
635088005455825940892869
860479413944703148019178
373047751204897209160837
721352239125120814783205
501138935073583157685674
953254102047526997079121
1147834809744697104823418
682758703306480529855312
618122901537982877607914
462368907635515947510340
708542256761869364828777
523684824565813415627449
545360982753223387933722
537592223363268451627930
172231079172443635724393
660672109702587702542810
639026125983823771620985
327555215056305441572368
363872806563829344599925
737676971119584972022661
277118360676573699497960
809981645985974613654989
446289448441841868987941
621569380464202451740372
647752821187570860979825
641093818052733599000773
726194723063828019866000
846424328061727173339153
492126231183768121741866
317907547374984190755170
253340241009450220579594
485498506902616116059365
571949813700716251934160
390184500751187347358116
653074463140851727383172
660083819273937727074053
735044176960154647826125
613500765035662972541434
868823679002512431861338
593381317113684026989093
958546216882724306690905
323872063972438023912500
407048761661859625452880
790105059241908479195152
446089448480564260552129
372001348332062484411085
649757868703834297439682
579329200533736809961898
1051406118808518727270916
368957787843880526198049
509112726989427492204073
487636957445559120085093
320791240480326239544178
730836259100292364129898
570154921980137485280053
938900122808056104825530
540866611213415517038321
543374560383882319689188
683072571414715808577245
448911971944317783127125
632781076901614944623525
237276066136811863720522
817525900630440299019784
810746570251755955738321
590140165327051853777940
524992262683303511852960
476957057658152583908101
479570484152650542822504
513786410291636196628442
378827993467271647733213
448366757352210319801504
593356039972969048795889
436387454100608704306457
753430565966677091896554
415871636221287412956569
923340168691458761241013
480843658887285233191562
533930336413667484510689
428542337301285215801160
483453964503651747221981
330961622374867887161104
627286155765379087756424
447375210801059501793785
721004201259631868962665
798123454597206853291397
517956244966185965268256
599500705350776660592005
375809955736088373015748
601140147430444270080596
754119961341196643316973
440233227575521104604337
669431657694794501351057
643057436834117145147530
838450582091285940703688
486436391929974390588433
326973960762635317710874
915336047975856924524441
691859818912612139731250
892304724914608276783346
564007683101347183442945
626891289288895976992420
379505876788611858908052
643429557658357797101380
510236903447782717467848
442917803665821180972717
941971913134858187852036
731834563880291484628469
801140062184755188860906
628107445482697625239601
821637013482043663697060
434184395468644573667785
415690832855652847954409
872693223255492456631801
861884514574352328646613
703153463507469226355129
802300594440879878195725
631901219974189171326385
359598193348093526261537
251779833429095147571225
354802218676043126370850
368527668275767131336517
588442031672148075897625
734039438672818513819618
631994285456792969166637
261401996912303552672484
635034668884311973716841
272605851765531380134714
449080466041479250846600
540272258862798734125101
553106857906000754559668
603840839812323287146141
684162439810445327857285
480837920756112125924525
634668953254693475908213
696303358145656507428904
480015471422627367279917
320315918300091568536698
402959252223018168093617
537288247501937055837712
637248188691487852123250
794025204604056958056004
418508553914838212582705
775158755273089284330721
556021038358162979732432
633727183587558056448800
490657018861118506245589
463098856648091972155489
193368815405226436044445
830669066931506454441025
759346821644830735428565
673590127301774949800132
449074839353377170922193
315712808424467368401645
568001452235831179909604
777038347619942669585460
832631113140770216685805
580102421892597200470184
505665140877370444230401
537300241021969821428994
529608328536107321369125
527879169478970449020505
551701794818745758128448
448516540416515902059353
829142470509250475979008
663711307381716888287690
572771149683116052054893
783125846211863199874625
697115316430588548207962
510893769152173925766301
804210579740609351355784
834371764068069354461716
604109685214706536463165
357332741287312312379425
307019903752024887980680
858029047437305144201993
796487424061024478312813
393502166477818930088089
667234927712447312420137
695864478886019223591497
475557362637684169907329
882432776686373240665202
674907057180995478717049
853901143926388901388050
1034404000373846869340305
719499490773567420977028
479348650550447344706065
374141798090627874537250
363824827429268953894653
582299024910798053327650
449319105297447560069000
880699774264691482167530
627955341260458290018592
640772500679194156147108
860926870999837402728452
682661501454754865935249
679834435154107632881129
430855988457989821589866
763445762993578447107464
455691447819354091311405
249108393635496203039450
787685588715938355614777
846373423706583968527245
389048787793484165308649
362503544935185871756641
781716641732494094485557
703652040127027098013465
612815039944161609164164
424083047156983156509125
581372656720375667035652
643015922800462518677938
625395681923090202844658
435825560756393447994121
567933055558901523199656
439483619836179307967400
724986175052427841833156
980452381375973644670729
398898257700063322459085
290569628268797652661465
386696123090558001701993
655041363454676882435981
632724336575050270274960
442118317420903933977053
351694192709639056285736
588949945629330651435728
644903604571488214005860
663165714570195455959594
722218499823627768260569
295924391546751529554857
513842299482961109750116
431837304159021304395617
639875083982955153619621
675729094941585525511210
283907819047738265038625
494186839992666770487410
220169312455751417724628
561682146164165486536474
272345705187784374658090
535751412514169247693050
1114055050107407145449770
504288019085302774083749
417279257233721348803090
863184759847854030761444
738700543067485256764424
419772362719304494309409
270811851226225881616525
790057326255614782889792
409803812287238438132669
791554320390926830228805
484726786058306769050152
597280520982593139449850
530972557362585608260825
500731936641502465848034
620131943932138209597461
159261122949207321161569
581598676048462964537490
692229956279420612349224
437870420605772916505585
698404606060407641597428
145281274861384796587001
706227678710052515902505
469951329396737238973421
537107794702714242704645
484603947956011005860341
726482473621403528424410
712211884083975096844929
469682175280227429382525
519768292056189179921501
653065803259581529447834
307794921780124323438010
515213044805121751957370
1018899354004953326884372
427841980774650919229845
695650717558529070064420
790940218742452116651924
554230079019128356812613
751072865700802172786765
517880624309226264142372
269659158054647843204050
736667889779262790611938
850519228433455938338010
618944071886844560512045
521456955233475118119133
475709801850759867958649
444898218226094466515669
1058914015851389191509098
749775987876431540459525
640281755048017945768776
455840343845713908160601
752433392273299711136020
721401061243775641871090
290236255142778258184852
476790116568238686332993
528657865330164005506849
769117480097532503600336
259360285725099619255585
531397856223525254545620
542904460177051896348100
825705038537912832960160
660279045446208623328601
368059687331371915424000
431875651231011130679588
690555501394322141247893
669035125432504262177640
616737894271198575299770
873984025361563542053581
582848949324044606108777
867752566582590971954576
618844746584551876002953
292580902564210195839553
655134274688651870818669
486916250825468225159929
497408105660447244769105
511215309588653945242960
