1210797279256004126140448
1251258020875118468598845
958636969034873683162149
1342812504215122571112329
490501366147250086957178
1296082386942454520762137
578396111525893523477506
940880734991758865342477
1128076157946637660830754
907709767544522505955969
2137234808243266174856537
647477982631884263985424
1347699049175989782600985
801348201693145317914981
1180675637417319020526490
1110233797574675745987706
2289978499220296871908090
839838892342361125250132
824892120572690776713785
1131972793729996493434354
1274008330267765186133530
802212688327775745650825
485713270673787053016370
1058533542839769896235122
782912521158809244686789
494946916973508269673265
1192990450095875871356261
1333189376157430747592420
893221454194396263701738
1077355712442092864039752
465241087282887260048093
374561673203890186121693
575274532080662955306250
1048612332140697912145529
1145589993325142453673700
281648325462917400521460
1473422429000240268631385
624966567377489929721386
186215306696045875027348
1358785663021715042981960
801045061818869832443297
947104330116189108149864
1087574326016861775298816
1608933480136520384376193
1698936518690350389307300
705974896348647845442885
1043158586084466078485362
614434915220138090840425
638352566044744769717434
1621086514639113458744200
1497935668326025918571396
1551929527539084758556005
881630455637009505264389
880542656476049778177073
1782789268490937956318173
1235802671531282861311617
1240689613679350025881940
1232823314267857569204610
1128274103794140585102386
1070548500870783787208480
903135804831049170347353
405039212500113496787737
603500878465033535736901
686294949930074488182962
1181736224952347823919898
951061297407824088678160
915022775483076986222549
719338128910725404009826
1009004396286532800618256
1343867830510751267329093
1067790489375916395856625
602324039691968853347642
921854696754550384496788
1763620241164756150140068
2130922669440491783920453
1072340162763771071639530
473445416351639515032500
1188986352934504199065700
1303831285767784100546573
1472891841193362038918221
1726337403852606414979450
363056724010788758994986
1399150336869905750347957
1097509498986677556722704
760360023590749600106205
339986044706601087592829
575039411921096910750898
1511494126359373806928885
1407772479358543078853306
777038799257803594417253
1793156106379102709212877
1026420193462892957630514
1254352819996369485398333
1011921458666320013286932
235276970432236373458325
652469476784901754876225
1182770649877035591960185
1811180907982432999515970
1184283344745234384009482
1480154989149110518347584
1376279834446225284520885
1427308284451945581489325
567967572560052422189797
1175586894249512831201905
669081590020142923129984
1887108219315282137375225
831934234329001719928912
1029783337244584752794260
1580029382919337848860265
2115800569815645633014800
1092965391799025654169844
1275540316099561318430637
1062559513997296742684530
259250090155901917442802
1067472189039464174664421
1059900101702300893414225
810205943449920084847673
1680506997840968066166970
1947586295736033617187812
2013186694647244399636705
1194371662748829587121796
1221081868882958319248372
439531673341925235814760
1188662090518379541701156
1082553311168251194653389
1599250820616098493171050
998686861544692101010276
705048500375026390153297
1228129425095367594644578
397130455789061929479577
932662773882360261879517
1670163814132941166944461
231056087126606354772008
1526386150453681837473093
933190702277220087298832
1422729361086728506730824
1933915573516074011218961
1355708419827331007453069
735807846398459879204109
1678496841708719403536149
321921059113093158242165
1363840579276504573204522
733645613933791967223425
818149365327982726911581
1431145925232739591484221
1654869137407421321082661
1230775336610235942135002
372495902909895336113890
497318162783162497916969
241872081266463609288080
469792585167516025917970
978611959427425718665640
586409386736489016640153
946613665754479697030701
1637711693843693297597690
530834470735316051549108
1245543516651291567587282
1276206400087154048280788
885422423867727705309909
1300665746917512802931780
708244510136061230902468
866925381778412303091265
1697493002325889254120361
841959868596011768003657
1666174542817361225520313
2165192329364368320618068
1541312953046989027454293
541054225858605426459853
1224846656858650812941354
1881307961175502531505093
237229774788157525676042
1001098435703830169419858
1446844311572177225340097
1015031604072819746779330
746887926997075311185032
439739286885766325258685
1345602885589384690729313
1634185731980319337133345
1133761863892769320433066
1790287576848718252157333
1053347486725707813299745
1925918548705404654492781
1144058798723797679134180
1689985270464522527878409
540855865641565410321569
429532568260330334862400
1438264460227771204979908
659691588527660853407410
1642882449423473271909925
1149937265610075307988633
1623798931796175730170244
645620809745004322479458
434907619103266065327904
1299080873800574343720709
463458121632323765167501
1993967081508335721534090
1639698216531873087590725
1410286756424051069453002
660259987670938478850161
579518366409492736557490
734055507218779589253440
1712346546142407098460564
214778014413092709743837
965381547045423183192340
1653547158264986036392833
522398086724693053144170
1513008500635017685953556
471328544786368939348025
1881541716519304528271469
1451635230417113159020133
1233481889925454117629298
1359150815258888533893530
1734586288263437089659701
1524109089154232074528765
1328702813184535187313850
1586213516487464873960354
1360622390547806561730074
1896952469600521320477697
1066963598825493087264410
1547461269252894123574025
733942633772861498504525
1101261276659712640992948
1048797623453647071557000
831177622025419739046356
1713613960441503564545765
1142579648612460638889760
1422448754960313099744205
1615027201211590405882721
842294324374391458137362
1944490452079937403222325
1402999733112702113072537
1849526970203261794901396
654254684936227089452090
594390724584883545047149
837968962321934282149700
1463832110621886730551637
1129691030379479365107674
1105472756949426976964296
835351425137967457931105
822322846102230437856413
531707152813974363568850
1236325972745015867429117
810634941674765429004521
856664947980945101544209
1150994111128616198900329
274959227523171398635957
1131591712787033552838824
533234734844712659095202
1061419967693040926245313
1095166675772831753619377
1485717395068604252822081
594993032877145377805348
545222011685891029726237
953724740974256399243825
1725476678421294301536625
873734732203296582355754
1187088266899094463595225
1328352944652678242370064
1592582607427084533958388
1792464423901189621484453
1402513838506634820077449
1539525679533641339052025
1252415556530916892338386
843014060185939469382173
677326069753786524351402
1857333844215459691743617
767432597852695117519681
1430285072822464169821117
925186465588251750934628
1634706506868824326484900
619941650072925237168025
963672101306195929657664
487181742238550258459289
1246094205488658529832690
1782045891540821724617000
1468272695515109873040122
1376690020760203057454125
1160745208735959209803752
1427390228102770884279314
1308455062108190258598346
879817283695325553059089
1707403662386918999756170
1762392282886940925610738
1586364591251793854407834
1137875810872123968473034
400542740823668927186365
1003555373838134369054013
843300959062473494706069
391387428742083749053130
751884258403971020231186
976590314319344259212858
930330445145404567175410
1124642017502893073684498
1101884825868490286122216
1507292416065101845087432
131747902077846939135325
1139985644887236656917252
1756448206838520361302602
805035024597284794498256
855310576825169693326906
1423793448709867979231533
654598788981046593384100
658365167411066259821954
1110459517238350988441090
682192668082175566126277
1796139244935889122483409
1209689670067292472081797
956749115554795868855741
878337963365884911147668
1242339376542509067983189
1251719978488901351400610
1369167552742664681324266
1376138734574309520706393
1274430784230101066385242
1012798754651774111837245
815303163154156930207565
1348020385862711634267941
2040681816075079679605780
1068775822213363074734762
1156460326676965875281704
1486576803385696051613588
1541566995510753933984298
1128784527221170800660914
700576052678002063975396
331219967125098152104820
1212151602284052344126440
1956198017839017294367578
1066536161195671662278688
1609686286427810700679505
375538820821119347730986
1553532891854533808620810
962716355063946770213161
795756392781949053147505
502518669814697745829689
709892697102109775162981
899259973453702343987125
1431749899093229193032425
852217660313426031741841
1535446486342984987668580
1568079409031574564731332
1294306866858143634005480
1358876965038375820968226
558656032542875627420477
2150604997424499315718269
891508516623503906056577
1146085592212522561996706
403475966894208128055460
790422724339533689076322
1216738617585744450558421
1428000349297122809554405
869644946784119341758106
1250094545126525750473737
562474569174314320826585
561891372912335771773618
904122069083430621812000
625283464862019461841424
1255970148030019239087370
1217489521113546108548368
1336633536109201237257578
1445953804231255760537296
288604990702914816510346
766013425137936581819445
1544881879007166657126500
1016962437787572813576377
466296723487895826680002
671494605853540394085794
953668228974807633765425
1667889715210327630730570
1170530252007130037162932
1581587161737508728175997
1489050792383479344516085
568342671320126505127826
331286456168639960942257
960379655358161247312980
1823822073421010078286050
1626445806540894606738125
451406165633243380877290
1181521036651695838784285
601326670685882044165282
1071718203801479369825105
1015015228161757401315112
592182451203321137858362
1597849623860057854460884
484752008847634435533125
1682738899834122132617908
1117427468146610286917480
1003096611959112773298481
923453822128103364521601
431906581315345660961045
165569357945485770751616
971669303446547969827721
1314059106666127984678025
335091246340506178537204
861759333649712304498770
1393536740509334944086610
269696872888297112321218
567323666468154215117226
1280154880434498903325738
1052182940371341135872500
367874519335904028133981
1070333920987810556683349
1803330652018580848215769
1750285946860549369329890
1496591040369494325007305
573871740705908537529929
833663851963728725480461
999085495266177004300801
1541487423720774216360650
1513119294082090819045589
855009900163643594590720
1608527352845898793447130
1351161848378875693122745
943034401459515559913330
2077115830779611821079353
1028808452261124826859245
481151058760693383740548
703046403607108247480170
1095244019165084337103572
1050826573132404974756101
2294239765257082588609924
1410340483672865445638741
678157752558639944434336
712263363501498391212293
374947255165995316207133
642175925946904852391720
2020079830214685500577013
1737323413384763794555321
1755231967889590448618345
1439775354790330966572949
1758244914960589822924561
2037426887127830237565829
1217758652697913575959393
618489479671703342426210
943345456349534306550664
612071966677206343915130
480118726334292719188517
976952888909824227692084
1261377489938832019278216
1454143903871968725251634
1917404312855855294486429
851815998682618760928232
932872876442797683483154
1337286710685796599547125
1826982616421580455646212
676168751331253158099697
461856195422817353012500
767024212781962469471674
1606727157385997718094993
584257720552220198712906
1271873833382432503062970
1407264574171726376137552
1387737280039915529477845
686315973312205641107209
1219445387045041332761362
1021025786458902373518805
723422682665836216591045
820856381105711000553337
1400798683690928766475202
521293343868057293650660
1156026383759454489438005
1193333932438839887411965
669598805234772510099400
1654707386925498542251057
357966086710226915920852
1410333784771975237978154
280969485410980923942353
1386609233671668143760317
590386207364566257279578
1819268535135565821272004
760531886069058607809812
1741530946260041646639876
1397955278477852620072625
627420746329773542572621
1240628763596885331671650
559380763860775632260369
821909279634227621556404
1431506143829858466390773
689603761033794882353018
1596748045921127166663370
1261015245216862976254333
1619118086511519772813153
310256710346593439190049
1032152546759635228409217
1015146552283665253512136
1337681711879534251245844
777101310259002700882640
897648945525027084021021
492876388708331333036474
920733059880939803813633
1107875407566687388918180
2488809527858179869042997
1006538083282869869774842
1346818463668562015738600
1085129904283178322726225
467781047106985808107136
1033956927185911276124008
677703491428256405001704
756980601143456067502513
1066195080610669663479314
413179674564141914495785
775075914579157084742602
512124901545291232886962
769157299009370706851258
1691487296657329627728225
1620336909781826253520490
1024129638922074162519665
1488537609982073114320818
808738021439909489057480
350134521168194480975560
1236528873279779063910529
998019794800536388566293
1428181863765132284094800
810741757961946619106596
909302022596762480414605
769016316547080143739304
1137734481641772093893593
1803755904093916015896657
1283873111621929360565056
1183906233459389216032848
455008307441934885135569
1253957470790202451352925
1029440744186958121670557
697953218229730299702020
1571756145937247676657866
1890595776270809204536833
1277737832959971243273396
1620906517541065668361650
1230326021529973112558624
1722659332206974596689985
321450944648947314987173
1304749864395363746729170
701264089116279622104480
2045613732242700448856105
410700817917109712134265
2054809032038775942485922
1208210999193573254389826
428758374258980200197797
733736343740096739858705
1013920754988687191721149
763203790661397717197189
821376557048167053922376
966821393339278606762645
1630861260823071874719889
934012675803433674332746
1247109040505785039187738
465951181959995342477081
347398746856153832987953
741186430407452646792733
1103473023356115567767300
1654233341221315151247690
520698324447570570279112
997724359837137933241786
1047005831490470754920564
622381934690037377009453
731118843616269157980482
1207689611488429270758961
1423695240484396632126769
945670857288566549245274
1112198681035223266969800
699489917765808532325618
2041274580354827057177825
882088869852329960290937
1436930334552797748911377
1649305370082569731686365
1509818107151611311763280
1058154750018579968744625
724372238267333362555664
719233039861453951005476
917862554863307046570970
597957920937485643473192
826354616740783271603050
891275473909536647751781
1080361226350181383402589
1821019879417126668050585
1015926045633312408424013
1291821797783496935147344
1244234361825384626803517
1501333106212266279980345
1035111809449774518953149
1769935620200884778244410
725756545006277013212481
1514989088920269761142250
1383135281325499582636340
519605808649256415834449
1003786301250404431835092
566097119852624912847168
461104826824354729460544
782031433728555452135090
1076275094388312240325930
1007370941228507516498218
416212711152028881026402
450547482008080857629092
1974656537755129880560753
1015118324069524019591090
645256372090589779327450
1283780482022232883775385
616680294287475110158385
2105603476791797710284505
511643060399398847655490
620639137646208073206197
1589087578806686921736200
1285170614577293944947793
1206896841145134698273321
917217249266235034595129
1027168414974143751780776
1054477177968677319546925
1535771041019298139187105
522373567826946167115941
741858644943916016739914
1149171616920272372079140
1748625857484022690595077
1506712829129370263792573
1286751600148710658443329
1042298869428936995522408
929303230486738597400360
1259922385573000289064626
465563957636037315804722
1116878541997901010369865
1892330167643773141416970
820395537085862722897568
1284765559667533433064532
958994421436279382056137
174920434925491586548737
2010313380624719674580425
516822253543368631979221
1193568891546531805991072
513936068290105996807813
694689144231168814598800
627249510901092739108256
1299325667119741400080474
907764914962830619074122
1928761197331253189233157
773483613834172671416212
1951466047833420582570000
603753183789981791693716
1326225707312488060093949
989662910854734810156905
1010234379900329472058384
479685206957608890415080
1074792722563923436979705
980669286288153743992528
545947014861282382524493
1008034530902906164020277
896123470430361878633405
656428226932993709631505
1665349947123876107667290
285362329318402850783028
2031866487394863795786125
1259442709809338058224309
1305960910959871590204085
2225203943470947410814405
1649564827204555203049540
1283477550474016173480282
758527188919629384211588
812337231057574709092048
592413614843677428044941
2027813957753583822897736
1229325102309120165986877
1244113677106353080087645
1360587330564725544425722
889814256392246504326421
1737886969816707714446026
