1575169386417998604644065
1515590795824331814686916
263205786530763261077657
1130814271393904299426033
1048485936445437757904578
200936679877172588455880
1810625814198154177927349
729874265672704151650370
1707987086368929377338330
1164450723789841728821477
1152712184163526726783477
547708423378701517836714
1582420357318171648631330
1971370684802981729958088
942075911179200751173706
754081094949198678440820
754825428428226895164410
1019494515337356096690665
2085941111479656398166544
669328973731875748514873
806274766082591611913332
915094018404477137246050
1149451172776203592658850
319302587621584684401076
2396138700744783674127396
1980538738911153152426441
339513068186905338971050
2108048561164368786258644
1057072159037985036652085
759990030781601769670984
536494411281383332936821
377448591498908277173792
2142025294484168266656337
1867882395098611337323688
1653879571433279616999508
1234767891781234715200808
1099849457941110011870194
288692889376145596554437
371391157883322755184233
1337972705753979938519425
1500381487278939908609105
919138001982670549046729
1320593579873739781521353
1256193772367481689711749
1054857647941141542677042
1227154366713121259121845
1612876202843810245392042
727445968235239034631824
924598779853727435023345
1538584847124739233607720
538703241672214720642484
1430670113612937865576053
676123573246762279588945
739929289019362225567556
611129669583307577730613
1425701482422655269638608
429526470288939474465841
691940991599738424502621
393979550929761663647930
1125924027599917239493130
799790830755545317113041
1128968345092626197475025
2994250869698594629595153
461284022749755229193650
288164391636599500539970
1200537634259802884139529
585553395198814844696485
990514774394802107434250
823993220329237575939209
1581889755970606649016554
836193998044251272263825
1058183035932684452390672
1685083363554075638918449
721390174888669343211690
1894581436671460473848525
2690692418082880115649505
2327588707549782225845972
904778443905285114050000
933415643967542049837601
1620868924574083372726093
876459974775454448623450
615341231126525998736629
279834524933147047732642
2468932899731436808586281
1141738506860556145934285
578546932749861474148529
1259681578044374334263912
681575105997506295650025
784087383568625876804292
1513002600999565551986065
1573889426691002320802989
2034711441731429698591588
475589907889259375637045
652193934582510130898250
695619675173797956595172
328882869124661025952202
884097382189918771489277
1189311439089542766414701
559159888236376979326545
792170514036808196295560
1658759543896494306082852
1277533573437318948212965
1775487942266630777288272
1027243765688019194314845
1851346183003104178312720
2821179298243796651490089
919416599432095801321172
1906678341719365588815205
1274839923523286027579114
1530858278017470021436265
1809546366095941342298346
869386664211339848489341
589080450955181917919281
666720564018279922015714
1106565298706802664722906
340038041469262695491885
821586864984563178115645
1744661881913076454371349
1196243207743696933373780
639102176761758038716465
895501516567252176824992
1326132649064465266474097
1132677944275308730448301
2262948877676966358500804
896320861169114724937997
678663771056118114760756
943069676067844229925037
1653223770663810131638193
1604186275059800668025050
517860634873636426273250
2183909032576213006277714
1425467063947259364835492
514860536983647307745448
942191524199507256906061
899628593097472910032730
919431755198911840969570
1084186246823878310968645
1345087824300369660113018
1097904872845547204890064
1051582780383143196719885
2011621179571566617445410
548836756655989312484221
833975544382122225122489
1749297908110080320019837
1390777292625634453521896
875112379873821888502805
484263417839486283186205
1903449384153514048338448
1363566812451813807070760
667883740892763099577525
822214195430848787587786
753049599571743781338754
2425887785234128617904421
296582297449835897190650
546451672567220649254440
1483255851620781413775652
1163524022731517218605620
785838576216148110960289
837032968865891450158805
1661404535468361127897160
1161675362472165087389833
907085889698768736979978
850584420992438335894697
489841929813470897085725
1149799693589920052043400
1247464489705193511072325
415595590986879507376505
1235352189002713173244360
1742697721748709771866053
661467113142275177708868
1243369499924777905235816
1186689509695831354422841
1020441121647508869855850
955996224969262951392217
690195832431123304119781
958112784255433201061285
981827078979249776655125
1177451327789681676327221
1555772557189900900073704
642676860834527827349000
989693175114396063900682
904738450322969323595685
1614091803150111914380340
1960160510211005905484002
1846861089429815893724240
1006861779424140727425301
1083671933639658787649954
1380213077613798794074649
809070310632439161297674
1588009656504027072060880
615783229849964720848100
933009788510698853940586
911904787760067595173242
1114398974848099007929250
1200574842889746160408717
788093939288782102028321
1918890511042755031588360
256463600767664393100181
592078645320667371107074
2312379780849570647550637
1612945480506240426172930
1117229511394256001107024
611472208696857721768217
1478308351728211514373825
1176178934611740434436580
305341226991623462707604
957506254988910695785154
869179653587816849226505
1094263966335368006942450
1098423249982978180401005
1020845966624570581245578
1520272105354276877612200
1256601260403732162113860
696313638221026380730045
662209315943266467955765
884505956308444598451898
1829748766491754206043780
579068654232288075773805
319941284887704453688906
696968508892067544361741
1265062209011171947727720
600745191614064346213352
1532389977607885060185097
1616938389237047759645800
448144498493618363354090
1116247474976829323498065
695437551789221773700965
871889883886873050177589
2478415235707542737093762
1129567581638803160728274
810427073241985050819785
831837764442866871439114
872724221098165219143557
296056165481416160250404
1193251908335594788395565
1633353122855201813151610
499368764342655578422600
276375331525593976037073
791782787412332843814017
2405288077682846547793225
415199971991046542801197
966163850845984242016577
1065841200693783339312266
1205182590557707121410593
827629700007238113275029
1770695911082330950811845
1340962815142696550108845
1217678618289602110789170
372089277756980479457138
1266152640539837745842153
1017176383424503442380113
1175767382755508088351285
316391246720272142367089
1064938209196738287613058
588286888348540931271577
936101930314409425153665
1010653301410909696728817
2151560112727070587395649
307851161613678199551906
1371593373753411866996900
795143231443567993401601
1095011662295304409308932
423101939920046938868930
907390911800844812722329
1802755830824587806167250
473928898814447627581498
1033873247339984951910837
1394363764704337021481428
526076527675683007237409
516321191504170868549956
843683552596439023985001
2492720031475043993049044
1330929295163461261037474
1239975313054808029840793
1452972758545513002329522
516543423537730191548050
923124279145790696163913
543961561036144181060569
1355209004354308774824861
493023300559881577830329
623669347443603445105537
1047477040646633160837730
1214904580154339092469146
725380193584651119856164
1578768848946555851958356
1750853956563052046136601
693166254452112600702056
1958211326794825030176125
643797099036716975574250
1653641534711073645393653
1333651364463169920861160
954116017517187384461641
1561582001270778267796740
1014272987215052167295485
576713403939110871866500
1234315178976470753403553
895194680007076600257620
1539737268261439072733597
1374392877416339022479021
1009026813164839135446033
2544733117857508994058740
1701395169116561766168193
441992011925628255475105
2047836814952463785972825
1154987079520550122826596
1560215772863096932203140
1142177600550606906962233
828019339273324878500530
729627201880553659715125
380768196799792689006440
726899242568771096741882
1552448098056394254351780
1979223296697762081348834
1017790243811074325292034
985411142520502804989793
662557537779692531474196
1217433218891527362399349
567940754621028723023648
1725243688169199152463825
1121096882181924344319433
826425391428585874256722
1618138150090847915154545
625580670039390119289608
947189396533619243234977
973265211244396263169296
905901195617812260706865
971283391111469523648989
1001188612018140796663685
251011539383487761993377
1104839021226355500401585
1266481826767703774829625
573867005167814287526024
926347521362489337507988
261441940775366923800905
1267501893216507850828217
127543686384485378445065
780304062587171303657873
2359494833212290119526442
592058510111522695720453
398945532380965811037970
761046848924939045101300
723442596584685138263306
821265710875032063578440
998203439064321349764005
1489140641022410929448117
1265787850752541161514705
1207265532577602982206068
1024309984226423650889845
1083926141613536822833194
834689301354658522685237
328269761301920481225866
1446135893233978136259357
1435525440216263841844925
216375344593909015525370
2245023762560204356084050
1778813505746125526411050
960516835019017722296605
916918940719005731624498
1553165231742926176880457
1560773550290858058616645
807618956056965279415721
1173342563524760367913290
767839402170012451705225
772442630748921948620914
465484935791018220924146
376872616513946355800530
553317714988203319836034
921522377059289470972945
230922979550060183625125
562181857330621608377029
1489761848109725105960705
517992690550418768651629
985557335396892631038730
847510821610036283950825
1941808087087450042097329
921895026328845823767217
1762106199859044170604370
1556143025700619074896314
1619095239108748862348333
998194279347092728503349
1659763327058609236370212
1934388164256598988982145
2202803024782714798587025
1385683498342630384554026
1150163480047263400691125
1134339421721669713758101
610802610828793851758292
1581161025588871816742288
511174296861752541481594
1058915873909629042580585
2382511030823734650485554
1565087090742534758496530
2589871115652523036348109
2286491991498052232605765
1202437135955649734152085
593442691123118127156557
715213752246471337171272
1345172696570024272149217
1970603833919279141973032
543317296035142568784890
947723368946034828077881
420937045694750089450602
201935341361683277140325
183633055988517659167312
1078236663082329413697145
539057929973055985017088
600387279587031869559257
834096424020132834205034
594904494073132097608370
352825431283867365373072
1223656164311046933530960
487990195629035690350477
1274848039665442848071065
1626737281510899169477801
753122542751294704589056
2215409723019320713957370
925862438456347163066549
319049533906322673099925
1132319337750652851588465
1248340917719545545793826
951126280297029386371018
422904098697132354459361
868259802602703747281257
892272499188390646499165
1851736360373782092381428
1410300280224253679846906
790272395686875550991904
1345144737962914709624498
425476931343327739857761
1466852384844935998951760
989604326856156280325402
980369081521494586565594
429479574917158264206569
675092441138436736548692
913784952330301311237125
637693720823984860677096
1435534431576218476485172
1389564624257385830636058
1008510309588665461261617
1744930457615196735985060
1061120277992913854167944
917156486448140726191402
1344375618936665558949290
426967755553930790833352
1241416312944384857175193
807399492308848046652265
1741603703040236697939482
498850337689326347287922
1327034897954461168152637
1007146246249286541078706
761068350860546517395594
553635040361676714496897
2149136430064700894453185
934461234824615123578489
667540266135334456602377
751523512973854684845533
598236489066936034635106
1525091040745446275930756
534694415912419818945812
890587815570694453840730
426499710819302065666869
985399008001299003308090
975787612563361997820452
1376091155555082904207770
1936656225567652494044340
2567096266376903809477748
550113903554932637677881
319133436455016025776484
478702709481333939094114
701137687643395323836213
2392979165082679972979153
293342828054770816306618
2000026100009978007645529
737824329723601143275489
891311622322091528628650
764577988561915991976904
766719370107080036017128
1992310091627159872218821
1332395822074961702267146
188754045989745749752241
1302668049963208350446765
679789805966966345925269
1059414580219507901838410
963379907925660658252250
574129710591309103825073
722134485051485221275925
1791985843939176549506025
912062964027165472549697
678808228545330086556244
693303061038609442655585
1124856411396725191790609
529443823781892834211354
486384662168994200355445
1288207688139022581173776
997167574131658134227906
616732230278799192004261
922982790553580519210884
848745581612288072346050
1101173290522127683266133
1366807881901033043387028
1294912540297871181863045
1229970303283026790771570
1442737516290265809936296
368852367751835796279425
1459394215263560972509370
790173346838701769653177
1267292434278827926882930
2239770230255123697949001
1075150168717259463724160
2242882244097173802932657
748296743419898379152917
356568097669239724272500
1178736020399292479904961
1181260248408744268140905
1835720759425225623600200
931888022766658647902356
1674215400658222959750530
762225004372762262115604
1514299536927289704849237
773588121682721046013341
1457051230517451101482781
1296091096440669457460201
461203980837655173303485
1364577537679738360166673
903881730812523662697329
460983071299038322883873
1381349300119705709424513
1233980844114222790321789
588816771939700973902705
635268047248728470540025
797726874503373535828341
260522957743025384356625
800269940820491511310925
1650648470355956699301305
1417781231859859768346884
910445246955817673472929
1310431225314253121388370
2076193437097009474150868
1183897371263613509733876
1040376893989353272345601
2055505447315762391609570
440076769178890146843458
726622201479076402374208
1923023703963003470482922
870720950419749039336905
676318367270443775929858
919739586320344649399625
1133838754675387229601540
1703042747009427134528425
951787943280644779638404
1679246523115510384547425
582477746677080558558461
2073325131275957398708258
1281356471704606652617145
769774505149301748092506
1198229228953750368287386
1244524217185293013161314
1263082469477697771135316
2641326281698238278047473
2679621881130700676507300
1274800881455714971001092
871477701913683156369256
1434027202853122866311245
929582198936708602743440
1192287305189988050796290
264970137043510389944338
602934424745643507155050
1029320026185759363799837
1136280302162535283297321
713907418587108671619857
638785485325242377749169
666867667553050614342530
1390633304513428043970730
521542753467412560171613
1007177776936169111559208
861476624817605972188865
1216677817567559178862865
2119437173135045229688852
2068717670995336439012765
1146922676027717024769730
1020677782160920926957300
1835326563373956109200874
323956313685312907916069
864061441499053095507353
2161019715891437006095145
1424441837504722618068754
807037772179483459333181
648598233684582239239121
1049984969868418938507152
1053179921452730145238370
1646481523314875496648581
333633992377807515518948
548260980216849736515521
471313094262253953225346
643841927965228957931920
975175563694646111840861
538526629509851849393161
760832084895043945691905
432462497804431959240914
1175039813977691794761330
2217281414558721950639898
1568875654990107975719833
479351523553728158089066
724083599072428748053253
1359990713919945745746596
699761169512552056344338
1244327589853197511681445
1467351816075155588085386
1255329116907469266706313
515620612083745452657460
250931080292106978264002
1154882157512524405133765
170831916732236336900128
1332275318264525242776100
1488980003900242132929442
1138377576219184356185120
1225203606187964494292722
956396842622183547806229
1322228785809624751375529
1574266805469483760353713
1820169823768212586760136
1275025612447556040876020
1725310016853948730396985
1516505826839531004415738
1918380929984252251600730
656390290432236373300453
1171663546022433014435117
229981423143270726327970
1670718235214530517535585
933731892734696044182049
1866200897275724817835625
1387986960178201387298148
537170539167158872791373
511564319870083621238501
1136747142423927400140433
1401786093529480794273650
1201444922623041493371748
2027819299214789830394585
1618851559472439457577857
2303613638714882282258522
1018466881104086449349258
393429096234525412587466
904993441255825031974730
999103592388484842625981
851254087122501576038549
1158282167123796585312925
1091131745788199263586841
1291591258306364109272026
1635793136487463053249857
1410574037381505687008653
897164898266717633076404
685187604329613714891274
984164390124847293949901
656195665968315104514308
1396058744444581815925634
1418107774718997509305589
1012303769279120590397269
1451289359356351016338501
734849503338068760529850
1349114725452947786529808
1261357193666136724976772
622675368482265239918794
