576370681869956003255821
455887412481687859057690
568248134869849689168858
738793329262069802784229
545099567272871329702745
541336241349175304017585
405411427542707586218324
678487575608707715384202
584673154248464437653842
827884076142326788444437
434022753486088737503650
785901217629740186077421
688762833816268305556432
526837537428130838058850
556026289757756661353306
512643064565866223492725
583340465075545558879937
423970027944088186754370
626522641090559493119881
621699333653763070552456
855762655418088570849794
529597004463931334111465
649691239287865647730481
1008041596672350856341114
727340991630790148734324
585294793126042095468173
406174391077619951010869
457649006912890138786568
590066698716484678161140
625251896884575108993433
427684800469439103937300
698276614250487862582274
569763950621838369247210
952068697606071326202914
464616887678648367144737
644850507824525292086824
781106014209553590966505
693567288165419485180432
418322231691824736327757
546713968934211323655605
383599807476658036552226
549331489553405762557042
614254653750566981571669
737039744391681911205602
350512581221209494666233
384038715454753025752210
339699108677777297125832
300892374400693644605538
235472886474337606115313
871928549600420982476816
807792424553530033440485
398939233969099677575437
359443915550261598768676
460141652497041476817613
668364928313156576883425
638817676048510043121440
295323319398460239194321
332872760022146718742853
468029169245151256616080
519168672899661280858784
558770158086434253223120
225321391606210447085962
573781499740992126582868
405552210983279602875217
422524034344192120207092
604282531314327946577082
662839907557989773230084
368951486906168155093725
479690244365066365636648
459713480346601032271705
448710885073464793926673
619067153101356145478225
505219104835966488945092
376930050672249429473201
609053201782901553460249
250962207406605734283082
469300779185403422846357
439749358290277314872605
498509539538881791001216
389712375704470903304096
583708347812761732956213
596288176829980615922653
421110087000509826219908
525183041680472771394725
524032169614548522699130
473786338956907283523112
1001629474049393458792597
391532225609877875001418
824172257734327312055365
616647603546014790002482
462210307081036594506621
650332056428930476602490
498941808265482827487389
345216495614682789094045
522180243756244705631666
279689714486705625159346
838131330347458325308930
602258075106583811936005
398018754219698893476738
604392381356687695608434
483800629297302749083250
552306449083046750026453
597309674235441532164500
546971215960300954184569
680802311561337540362068
359028160735679447939141
460929453046123756123789
639087657412573974482873
426749732541597991700304
566774425162045723894354
265261371552474458910880
474585423333729700941712
506036507154292988414930
462874456755433103452409
374538353182795695232258
322644196639066867689181
369644639180326748289232
283229841797372327286277
380158186620498853887625
612390490544369909762000
572722878156308026934945
811537416300469812803012
527532321453123130151888
482644859939949554566625
639857153670316097076817
924199883055679315470509
648889849259231654622853
698105884118553565446173
442317603878066705616217
485087956353866948561513
376856815237983184157170
826264419771658119088625
654808649053459288421700
451278240159323500600352
496293088930725486482073
438278377547995806829201
250005280706967321568530
286736420151239157008180
855830103262073292312009
271605304121615065937728
185779867869689930712441
421332310961416045460385
521599939770058302950185
662911823290811164854346
525294964988631691720722
829849748419848628742932
632247639039479261564389
534909486656826369703121
210200221337844524458946
676961020771451042684885
323342629633978990181253
541728230397614147483333
531516849432027910738793
737799913602998251019185
560382005688816307406500
610528953262195298340293
468367063005204958818248
707561831773572893897650
636075011752646941539989
385279210144983220126069
566404807611200312740021
392205732847233939167057
366207835973570785137857
500003028856800185523173
671411813987032525943029
479936591504137727628682
491252304462086018337940
272644432087313739620501
408023063266156204142677
421535828564369824265685
585070294423809389281586
438295573077374992945669
609736295374930427637253
452576308559424415615625
518283949879180620592808
564377662065526752377909
707997331641224119686490
235291361120797551904328
538817515149578648243780
614171582635431893487493
563153963316950389621060
460503478823742437415097
620733431569432535446681
439571437371585582092173
521893154496619172547970
542596770537558975927562
483126846280217304060618
389359389985372004039570
616132315274367198537385
687439322256235219544250
632566288532678028930850
596231653737318243276193
472219250580174584873273
443516041179525736545061
675741300888706256117138
560898581171372209658821
650028745904215053933794
494359421500950617123650
578889237986664703511338
524801976324932085058273
686684643190395496991885
655792020300162177404213
548974933336659096213328
837734373501558691205722
860801114801271352752909
934381946806886361576208
537953366760178308071504
547796047656939297848392
521523495024194087957632
295044058696994856347013
494373145189973680852660
465383957852726308069497
758436527582712416954533
567025822013430477871693
225084548562673233371314
402531400222620123803245
749673779071498547365145
435884763283300317274000
597591371784970719157154
219484226501449439113480
588189163517669453863700
557960601317072823909481
805392680646764312092037
311623809085494538341277
764513220311464577623501
627927096777148896955621
312864373838595773317346
625559862904562198598425
598464853112802690987746
634337904723102673034449
429997041318650074940050
512683199028499329307625
272609236086826310220320
518313620979098876211829
605866966445964165467746
526174173617329632466021
476983996599373032041578
504649109012988913522345
287044421673021507509825
650467202390744715665488
383464268748694398106946
603510390492175842443245
902157630905043670146786
621629862845491952302429
361579879872942422564898
538697875092291132125456
750519253941404479782017
984671535893116905615605
473926719594302959555441
458870690870644538002777
530555107680160767852266
341756556039487124903925
779496524815352324111993
589794422798469038739705
443951528743942256463410
461620234873040665283069
507606453177745684731604
321309274792947575348485
747189156669425478088082
714369907674744504946425
279064527663968532409162
480261882274594127472645
315639153580133829289037
395873548897372232029874
431261344303291299182729
539393027093948581218977
407193446304681275375632
521610332103355387949597
329141939798581979144426
465290041472331124599908
338245441911924400155125
320916145749859472670244
562519951773383426596637
476029865176182457363037
938537525663229166049978
407239977064268819243728
824492354577077619477805
432305537250864923913865
577643154274173503911060
456246538362465626335880
461338800164794374750052
853467475776318609888265
502172713460748057597757
555189581229980298321626
560759178639474591408277
372161999950068783143921
799262456115932338517098
249880647968873001910538
465324845768756411464589
802166518877473539750581
455383451919119753622650
745831134812637920140232
429832938917776369155505
496462100316308582886233
731302140942017235993389
467324039658560283205193
347395627276221829304773
216817212488522891438642
455006224921828959207377
205852532708482618347721
634794401797506035964008
521588987302163153105825
360963883439354967902730
260299872228690377595661
547111658451621468578377
650321981392643167790650
440862307454004933272868
397029461399164258727317
527086480700731315964410
671413831184058334015208
657670082651725801148965
506147574790879052107589
306562905369091152136826
446612165976205751679665
527899613741392745600393
223775370753629251356980
465091375358682548200040
809793925151202463815373
625860140506150789793538
334928013813373594184776
465132312006050504730217
850354433744285364121573
283759075379990457360185
481920177899977737248921
520812358450252801995085
441018961999032068411400
343300502671034384708093
305001706343112741504884
663436604336828952243265
530742720567849181685620
425498847827125815480890
412971129423600983288584
513597268050170674735597
727834532320838925910514
357572981980121435066641
767897527812047336787845
525215235416683679682449
293027929474720000484296
814171135735579203848029
711814701845727258178964
192696788824948657387405
786784507540663824665168
739039988038809162278696
542348423034999483007393
955899652002543280498976
717367691905856877530394
441809675178688163725090
414769228707943491869413
764210093026337017658881
455565591662894747086202
470852511635906574522893
565884992509145521357826
500400101225059923990098
891326509555333632480649
620490185403950034427266
585789628792012985142356
677865978108418974690274
711179470913604861702265
612419824376076852683866
526810017029853407151221
198679998899892723912404
413332336180370592018280
528872667790128027438740
145237058639032877987549
621540613249033187053962
778171751791176645254642
452970228674367290175218
519565898995702465449042
427391825154878895910466
735932321885241205969645
339209938140099661075417
448279173762278501845396
594575022514746049180850
609775814265580190927549
710493192346975893802225
701842851881824306320697
632399920821331415069344
431517674079009523657769
564013745494515016645525
660243006227133978633010
682601126355521594252369
262388757901970622161133
176276572363605484071157
481721077096900063702426
820495812983120932530436
609782598757232656713680
588416215947003608026021
625483874548693500206400
588460429186662929792570
543790208742959108112208
477084315925035260450594
516132961209224800911193
489716317986555352588650
221595210076234936388866
520613090537344437813722
744031469963148822547625
409895680475028014777066
561785370740925545546033
148214790934964961496045
505320767998021448340578
365699709616153758327428
512022054956601868629913
677112687574149659723557
469540240277229062601305
541938400586801176019994
614647151748281479568249
610232596296647141175268
766271693699867404961225
383206871272384688429825
562132202219443714178869
445542251396099857741928
238761645480333971974472
632909453547863566642394
309487813123788876972616
645001046754186810061162
350305332101518933947141
635242621183845362577864
514754029666411562858338
580406186844047069818849
369550714680619524769869
512415031961000379812093
857051575750998066860840
702121458503668178768125
462306577505451316571861
358199084159807038562626
572713995247897258311400
385203069630576235624957
665859019586938249558194
513134826912332646470692
428960425746242472807712
601775079194111142515585
510804878833654290694562
579511604098972290063250
594935281255672687861453
766546268567479975294564
475699109613922251647621
391301208186557482658017
587919640483598751466925
560182144944639328633609
886873829706305014144180
207957269329118081268905
586383863077653500010421
514842122615103218776570
520764970774624261079021
359130365962217625186170
496759107324413877955577
132155599744861442485985
465316160034563003081213
824339312972336729579112
298273872441196832712113
471896995886031564047140
633467407963874704097252
661178654996393632010824
945346232012473014702656
882024367119539941569025
687259962221974081810250
645867629227891713358890
652305507703626685475393
864442637568201056187577
584030419674911494007005
452804940173240167894389
274777905454431825749300
335158846197265407509348
287244458802543829427717
832161336732123532851105
636155635823897642259714
606323237781107096725241
487431210059865419616805
417360008522762751811588
375025215319742197402000
287395643459374882258468
637627538377993544334049
259236327575807000898469
275304405783328246742330
416172691327139618614570
524789464863538746271240
587335444317956378250925
389207906051235701014657
545861222465266240041665
951241594420351163820005
679616735189066930629009
234560029547333739631810
302856256373082398510213
552818100481545885777026
547185270589442826160378
469251776289682750232194
836153553197599491644653
768976637520211453579185
453907118374797730616293
289262760275615706657025
199317736762638528474113
380634560126434364963848
424539700063800997670786
537293855206900054924264
663755720346502267626025
412425017493678298975066
595964900050097200581425
915410723022000977627300
579157178310403519899937
508200887993929345860133
322100937910197915251698
563573824530100655926228
406888181067230004413474
675283805200432199457090
549108651384116346623346
704735936053671567210805
357240842194652366766525
575807419801935033393305
147181460125174923004009
608890940785265879460161
478733315988476671308641
342327910187965956839741
670189414437923748530408
719524742927069355091682
677640287862148347160850
757040926136714374229989
673068294190798844677637
612670914513333406075613
705579421085021154781712
199919884146609598461188
217472035560922915527242
643421853230407084455437
416008750031597594859217
298181501846038945930050
576715126695710459450500
588098059908978946723285
579121745208073278255733
595281580623861114397570
619790091984015274985833
513599483366223597056061
579934449202951721884484
597644818837170100551433
511324693898388642542329
364099548882303714713818
476673382887089602172785
631362878412100445306705
511575762476979831534386
430298784110629402608800
604486480963654459621258
485266676842210052236532
534714174541410703728557
564057054373905380913773
463789933290063526463080
521653619815648771471610
437632298884742553983117
452409853925130047288596
468405179992934029051456
759138189157785138450625
612640013345523726127673
514135821410812795084921
366152079943024490183965
701282873365521028219193
533628844901559781507906
905391386633444454421625
332161278920773935455488
438589261192598994087025
455272676893136429293460
424861746483866130852085
480119687546706331751401
275469002979995560724045
433503140650656206897650
673024844831354234838032
420096659834880146957353
399413867037867697587545
336407377395817482755257
762309436939512196525229
534537012135022355176810
761530041652733221502794
441652817791358722004705
386675831434702911261613
798396159052548626515993
507322709333332342469370
234803316877685498018273
647251548575443723287353
490908223126922019639793
291355310224210288514957
303026030241992900621930
490742914668580034583377
464558664731024742061298
387317174914806858593402
370685016684119937261690
614426606520585567709237
414468890495098865796242
539852215514532144482205
345697452668799087140029
699759606181390180375333
268509795856329450024173
284106054966772318035125
645302892824278551296200
370711117797943114137465
417672820411146276486889
649832518159149450415289
325615311024462704080849
313393431409952444329274
598336970191647214247056
292232279246780026567124
511483586509485275677732
758972833517089255541101
182062278111705499688000
813647501700235403467493
386473642318669405278274
421152609350099061223885
621940970249545031609012
289387198049278898718020
485474369526623923628450
369638128258672541717466
400971942001640186233994
78943742110901557886393
376086214914370779092957
341001037190600924844449
437484453316547852536690
586173540930093165495114
494672130795217238236816
596241047586172351484690
481835264610235137072242
678700037420515516527586
577483452859179907706000
675665665005924050347409
585763584073206278028874
507827470835883982103609
917637507363969351605200
552517584717800478076165
933829544995530125746084
614916513318894895498792
574809797528867734395813
769796607573628325938697
643902270973780535623816
603919995047555525060785
424726827642599848977565
584472581823408317585090
582509751949845160434001
448783440627430321016057
584410401898016691514477
775555018946936797511885
605152897252201478174900
587114377717621466499586
867732405960004934937370
231237752465240282237810
486861860926886499781460
502987724140941996178105
821974005374899779514773
368934622390894394870536
706228951071210323007140
465973027443905739197042
472198816349253690344729
521444258032829074415252
414869937193901409461194
622618802007182458128333
715048359297591221523400
381128817479803783117082
836331702376320342659045
360579382783539313558297
418123964273616845983345
716387762451236081406385
376858481299192276265540
773956052669549125147538
412213611433716971301953
532710621277216987877842
685597020517000561868509
425740236391086787189666
423350229844612530440065
423477017516236363313617
