597472620452313180631940
790495804922445497008384
675870045943903966979314
698758001372637212498721
727573226457254699871040
665692144630015310591290
424862678864691315768914
590505859500021368882018
731780371322111150661637
323198825223201751173037
267639375104698692904682
744198139852029077777258
816362378068352177431018
758877104543848022310370
506531918917140356971754
901364970488219306357812
608115609163582223029313
351826699314910297073245
284674798131972638345236
750994204768009617662762
723286405218993607041989
270811124792343675404420
354709403405773557154498
600697862478535389522709
578966087796762372602233
440391443552444376814081
753441605156144274286050
837053051515214776439464
725903925742400352698192
598716080261355871930618
374912986105350294639412
338399811833638197350381
492531237006161138545220
801438444983282848239880
294258938058469601521321
581774817750715834890257
570333138198362483930900
519684712226949363855025
583631460830921961404225
415096640736540478559705
624422155447491492594101
476306619749508653952265
509940651167760795818057
512938812340007749575205
536501366993535178575481
354970782620657273938477
708461666580277528075924
731994552830059667041249
309666212403538294726162
417386115235457521482325
771478942550138792904605
906228407961220736928049
621689267721149030831048
330813913331588037576949
349726582090113956382181
532473721007602828318202
419986164612067117948634
777519209768443646773765
815197843751503188380258
599075466789253038220485
666666802232038312540960
837311018806997028415469
490102978450322148059245
671330628399111964255165
539315210663960490234122
634318761732402011164345
583941143046445263641140
422420950661151348353540
239802864069647780248352
849108458104726870422650
612023697910630705828537
457492943594325731943241
665454801946179053102625
798735254301875781462818
815693762873337070691029
466310268108901917288250
882342871186546061392901
756779131965594168706045
585596332357412464876372
571297806380484477613492
638947669704302713584932
463862998672716263684522
680023836295050753753316
670227142271022509089410
667854073818744468872149
542985591276548665975865
407269156807094308675924
646042007569147043835770
757886556268572937117369
547318301451160124232592
629229955740737238768305
768460571635443856224466
870624204310491953566504
239803436640942011869985
552957412699080616688333
845089499030896096453514
559472241441756552911333
655129637936186292854945
547337732720491421876690
497709497618836600399970
468362331799305287874842
372123462233670891864992
912442861802462629777073
688542135946202892678725
579268534270670890311037
559366821354739186320592
813332727380492144840898
731471403509416796420465
819177722266134595168465
758655308422444053907130
481302535243243436874650
410814469730995992362500
203674922837376565975492
320972845484103641424389
819147789185824612117204
375766702082307537460537
495460177698106129434521
576439631561315644917620
506067901191461425430546
797167739299263378444234
873402151928228912717325
753078543440683739360733
781669242141003083709970
433967374966514036746330
721260692024338160051641
603374168405659210997813
621100124508048764791405
745063533955929077248193
428703316469697375704200
588488226092733457013162
343765169181646705713713
959456346863000971007636
347997969509486327511272
675852413131002340220045
713486904466638363283472
694178725494803277673636
489026978799937971629585
516738645096509109551986
532860973345764687430544
469918166292380224480032
491429909123761456876226
482929567832022316081232
267738987645572980110056
474993622957449821414741
501986189140757483230021
447195478137339546726610
430729690018503438716644
770256783320144367691825
537805915680347514981169
377766362137261075945578
674975851872314759852341
521525924314061098513909
596301536384542120909285
524059532740047869724601
505118201284270246908946
493162332885777616817288
554737710244881427272101
975524652016700858791780
439950778216664480482021
470526830870173274987705
722851977307199592629108
688322322316404306292570
417375617194560795992009
471206048088006313010125
462961250115074971441490
773248605095942851847085
914493825337241770317229
813488092212670416990674
810897647906796415367273
890948084110513761831876
345214733642477747533130
873864454826405799954706
910980512602268955483412
392557215670480509046609
454900299533211630683322
457466008800405179401562
394650732645003253197033
326584981588605940255149
522996578313563944147610
363815592513952357124257
293522745382106417385130
570701056715280111176986
480655872359053998776872
628806230834383952186084
626622013612915559680393
417962757771854038855645
650819939364188610471842
485315011515735451801117
558435747084685294238453
657679877658501420374665
784956764336905219216873
485512416640945849439378
407651797029829692842541
641083934862622168010180
730782082098283227570225
504066410577559829636041
700760274250528997212825
473115622733217502287145
526066113826804931933210
383768945012774844194516
413035254398980563193961
661042922947346970090506
381055937136267965040650
455077113612486006215188
372793345989279001053034
660179576550284395452874
628372218190213144147277
685893104988777168934297
313341729865389513905761
503853481353148349446465
393040126938804012596372
442418640265125187966250
496031411874012314757613
358447369299274813823074
570376036023725962618868
699537696694785797358537
480532619446765896779617
642145240244521089238948
611597576174756172121957
562711410965929480378801
803769121471004454423793
558137038086790209030701
737438136023068269192328
310725105270293704707225
638582691326282160850976
700997505739890715546132
457391359113409741883314
243738307839771418769045
500410512980253557520505
848385091511627275838024
528529832451635364223025
570992013370793821019074
552851894429005649242400
388231973287930095346010
313273330578340369415797
796772136726244894882330
383345555468494382448425
469953622469443595902081
926801894855071450025122
696651154921744962600274
683032513596142612586269
247401503932094044697412
708195485324711224707506
667183524414959441652218
222381775273163826931825
900203230051319918700545
544530962834767944234965
611908944740979494676125
373697380233179017379050
828647937158932422084793
648917251667076129621209
501432543302186518620533
809662061368156204430020
786849040950008449999248
354333870095995449654770
609323719220132590633237
751929406838624967361481
650395091946377006482777
703649426506328359900753
413765841728133637841794
733291406552982404314765
383090638456759116214613
792413529119778063072058
580521187962345034340765
702531080639266507815313
881529622412622847794338
645427913641046731834253
619676837199145044499210
695978847765482763668788
769960503497122932069329
542188492669570490875597
733508369530329012673640
900699983065862406879293
727241930430567801552900
478823352212682158244532
500417060253245012060010
387038510355368675714986
478068027078958664189706
357658303250197623781300
454017607287852227906250
735307923703673250056825
456353924310247718396034
507965136083244037340906
656575982300471221135925
917245162669576304076813
461848044095225869837949
681713319787588877546773
796459374890256519272233
616634588159594887373221
738536475226791912989645
562807868921793595024541
396296410033639539404965
784425250506472233051861
846778167425172781718033
383715893006028601404649
454799970098896777970128
781093167152453673821405
673625762888646204413384
654510248625553165845410
525441158580102147101025
594954805201730440041349
693045369628375397515060
840342516256816149682228
444230326764288630934685
908110249305620491053181
742692037858464188139650
848130939527890980912754
630263981220440475672037
699418732304718288647621
842692089227227247801572
398179139629144060762810
568456730907819821247629
482623945304671612779385
354340395822736490897306
797250177556263285183794
543455576078473656343961
866811564935152812756850
356155522655272063078977
600731987713324547733648
737782312328349418169650
331868082178316551150909
334273040986925263366261
772756290054523909193405
391024003144238930118322
314588313889511016863858
468834241920282831717952
687579964608972666758708
594049114316089035507922
235971475037887888222313
682084014161580208023841
454874356791204874056425
889585602161986132796816
464420980449953793073145
361257732019950504301945
996937625446261246051369
365538451891974644651317
634060889089229227316473
390108780109043719825153
740752090904062125830138
228084489327942750981024
677411773478629386881140
548976134352229242342785
563417091412990727648114
634175276060210674103541
541908790749271981238877
440299628734144162669981
575393424477915939897026
560559327689879161096285
593483959851555548955625
492624387102824352866825
583985625115383288898141
619584525676706020047209
276517356441722258443409
782272579109352553455428
490357971900963134869940
892637864651673691849877
401585117320179308029378
405693061435571536774225
809630355664643352006466
512921264063250963562660
613580905683534487087121
353847945871799328513469
717088773768443555427637
668533251102907933046756
443170979412719292888050
582410174583261977951465
885373046689999899037450
672439889703448089447881
747599078611550273249861
412320491366927765583650
732877260523294573431970
619351019786064276046205
795272670058320050631173
715341399617677763808725
538520761294182129503105
368043584287388554312605
715894677599792676160309
556003467741840682677481
491587632688687216742125
406683147236288240617954
367587912050623091721492
561863794242279900286810
771041269735521608397985
641568704015040069023509
535841179452975546998825
559583545487612380304400
698743904532259830263584
551078252690280087180713
549905620301820499247845
784104504456933767529700
536965212438531582309316
313697092791558666053530
657422068116941603771216
483016784515952995556285
625862141841113320660777
438337900107845360054321
542630307663202917263485
504735381362996757474250
482259428473286486776480
506320553901032018641993
829686635321433287678257
726982092457299090136037
477329764847062530688841
636045584814895849261133
607910212967090867438162
701561226598315135267892
830219172775766563302725
526325077596788320030357
587938819530171635613634
502848132197569056118057
549281865568931782924194
802411521941958845648720
589999006549104978894154
694770564843648164573725
721504249915426785402706
465025635379887965563090
596730853576368412165370
540122636829767798532416
563150991350785863995306
709063416856557238294418
912720313912626595073360
571732141558076657967220
479720914092286348368169
787800901662011468911545
691980371317259376189066
756703280930295135863330
409550215928726314959641
272418660160047881837465
602956066438220271697873
620449723807955371151329
772868781503604811950674
511212515767526809943629
691067069609561078319785
222537429256761960933385
449542958955960371480001
646655098056712240168537
829264938652533817153017
474274841856161387533325
395456693285529485398001
697601126719790617028066
306610680311217618873700
404396189136651060112322
455682344528098811435281
403933840206133636930050
643409499869095669497626
598404783284622028375092
542109009384565494104250
907797620827789746806237
726874367558557580855930
653921548081297835232357
516141361290530948922338
405133367759241435058820
758248220401459987668005
755896687739702457817954
453949523467070394925537
605280931852252154057785
929549730728011124150185
622490709777633851809460
546127854253156547296714
655187353689286384332650
701143723075638244681513
531819862564992743140249
672171104415351188828021
717935926543818729694090
463003369250744692043464
588323110581909446168704
343153269921614231730250
544884157035652827714820
463962465359710513184969
509082001522615490544698
593460971922115600044562
587206129058009930728549
726794055745912866478738
311981338260447002206805
587300934299809004968909
473938453763157637720225
753699491468214446400253
398037062244708104549536
431349630130228003609874
243240221327318699275669
615043718120021969244500
446259961964132595970756
443795101854331785779330
706497427371743415830405
538069553212851345754289
212468772099778232506408
400410260844598016301937
284747029116696561187460
773887365735525789707600
524778288486757113459449
1006365091605397584587540
793691974164040608420469
507193324476199799080997
679062375639785638734610
313246464947836291035844
794516792721232567209665
380760778317177922787348
410558559399986966007317
536447628046663420071322
567416929987533374529608
729826914848473160811626
759621671769020549575778
457380870263411015683213
350444560475024423584205
423588926283418625386696
789730019953718891707332
432208531704405170777504
357656640878523055834505
675020063041379843473540
531747876085352549483081
418458291865129769159584
250498902897740747587721
598552932754513740263233
695217611008213691818762
675948367758944751328377
560684105737441136437090
348578540515927099700946
365724659347376055623541
597167106837271898874565
832922286010802471810506
445188513093872060548690
497926343153224666159912
702755472163183652664932
556122521743166911927610
514005979297530948083621
529930019365878153893053
610177722325419000906509
541035057499885744500808
547167468704401365378625
529233851820191654401889
865858891777851625071112
265604719894436669260757
601625708706140533303277
600529755293608009193717
508081426575808744913257
631848357782760558524756
917203572744185032158500
817759515590040519456437
387792029378176847242849
881053998878316718708645
410311673034904232588833
721267076338593749842185
526355442132008098719205
543447749270061388387197
579501079070377064652320
432208786149594048853508
562093604968520832535354
406730721521484198935545
594268559998548540124045
615308134865659662078970
546364551152725814053645
425660361878687036003461
772863585700759798388740
459740086573360670493741
608034772582028044662490
738548970784656855138613
567442459284464105696250
523768236638411065461785
845874911718224578874569
450662023166732405767645
682483400855958586123202
590841409622149565638952
589126229950705422750641
789315711603343527533957
347177072941367619788800
342799942318330388315220
436693753772173028869373
649489230085524999966185
660880249446357281110745
751141461942053027969125
388184755770979350367293
493588096066651131034490
435669662671267349884673
603066257560698350743321
494186015955198897241705
412791349457023638025450
827378479727287477155770
860591344387996140308530
781628549887770781117480
890167130491839917700330
588043425425030414611642
405137347963796755825220
477583187578864025209778
736064032647304655167954
248865337319711513043253
468508335371835799073090
833497646640702079309073
348886601261137144393946
305088283889137824445577
433734467628962855065576
569246524882576284730900
502499474918083207591037
222793179549362814647210
388756358547667584860282
395929188928827854338993
866826873414204127389098
506725565498205664344194
487425819774947260979249
479853540571233655989266
463047882766844349216520
486115944197637956827005
482857897412033804637665
545752188775538333462810
736242868808285008259764
316065020262174951542378
722432356312397153309000
679154290729152816290789
438413641170164289166093
510546615340441184893865
703991687864723913964832
432107701720406280186633
706508689567054053869136
431418675040237363649245
678272497202980529801860
614897695803422861538770
416052635177850077318033
593822503191248879254225
518223897183866540334065
410371588128331926708098
694013573709597532820441
493020878490884767377380
432994623436618653744973
333008734527885517749940
477218058246170679731200
921960775365088732665965
776398027413914146702730
560647569831229762939369
558858626701570508832196
469634359399644029238037
216631135367395921508660
463422059187868494921149
248815904972999258344025
467357285001732734496788
873925550797191394708069
497824816843966414302785
823213880487644106352552
566764639978958495751485
447936003829957399504138
486539541117959043962986
460073268107813877661108
350882958728424014381396
289021232021772226357210
447817268258475922868788
492784810680480034675520
442864353366850612450996
651078863545716151617826
771574130995813923994297
411147391742938373919889
633001557044569790127245
544839135175952278176106
766026786671339509442521
446249563889578841413696
391505088175232485002165
626504356962463803320480
830116390034988862811848
739725528667769830835101
841244079225302688488305
359792133269795256633965
581043570652915465199689
439710069964397878764385
892903767001520637782372
567913774239048717662260
